1581249733.3986127,b827eb917e19,e78f135624ce,-70,17.89256222,8.441854073,1.84956222,0.022854073,0.001708147,-0.999145927,1.0,0.028,0.022854073,0.028,-0.999,0.000145927
1581249733.8491433,b827eb917e19,e78f135624ce,-71,17.876211686,8.438420618,1.851947078,0.016632304,-0.000473539,-1.0,-0.049326376,0.006158765,0.004526461,0.006158765,0.048799916,-0.000473539
1581249734.7676136,b827eb917e19,e78f135624ce,-71,17.833726163,8.457544622,1.839729215,-0.000544622,0.009089244,-1.0,-0.905190696,-0.010818459,0.002544622,-0.010818459,0.905009155,0.009089244
1581249735.222466,b827eb917e19,e78f135624ce,-71,17.820775923,8.470856179,1.838367898,-0.008224077,0.010224077,-1.0,-0.969080256,-0.013,0.009224077,-0.012408026,0.969080256,0.010224077
1581249735.6732726,b827eb917e19,e78f135624ce,-71,17.81703079,8.47690763,1.81712316,-0.00796921,0.02196921,-1.0,-0.98987684,-0.012,0.00796921,-0.012,0.98987684,0.02196921
1581249736.126446,b827eb917e19,e78f135624ce,-71,17.817,8.474095797,1.803634734,-0.003730531,0.025095797,-1.0,-0.996634734,-0.011365266,0.003730531,-0.011,0.996634734,0.025095797
1581249736.584896,b827eb917e19,e78f135624ce,-83,17.81966205,8.46733795,1.793324101,-0.00033795,0.02833795,-0.999,-0.999,-0.011,-0.00066205,-0.011,0.99833795,0.02833795
1581249737.040324,b827eb917e19,e78f135624ce,-83,17.816,8.48107831,1.785941267,-0.010039155,0.030019578,-0.999,-0.999019578,-0.011,0.010039155,-0.01,0.999,0.030019578
1581249737.5008926,b827eb917e19,e78f135624ce,-92,17.81733355,8.4783329,1.79166645,-0.0053329,0.024,-0.999,-1.0,-0.01,0.0053329,-0.00966645,0.999,0.024
1581249737.9502923,b827eb917e19,e78f135624ce,-77,17.821053785,8.448756972,1.809567729,0.011486056,0.013810757,-0.999,-1.0,-0.011189243,-0.011486056,-0.011,1.0,0.013810757
1581249738.4065096,b827eb917e19,e78f135624ce,-79,17.773566295,8.454296835,1.831054748,-0.001486313,0.00313473,-1.0,-0.916298975,-0.011837896,0.000486313,-0.011837896,0.916298975,0.00313473
1581249738.8666372,b827eb917e19,e78f135624ce,-86,17.646971929,8.42906237,1.844187111,0.000219334,0.00293763,-1.0,-0.764307699,-0.010531185,0.007187111,-0.010531185,0.764307699,0.001468815
1581249739.3270168,b827eb917e19,e78f135624ce,-76,17.433830323,8.399754675,1.822,0.018188695,0.019867935,-0.999,-0.670396728,-0.010094348,-0.012226413,-0.011094348,0.670396728,0.018320761
1581249740.232718,b827eb917e19,e78f135624ce,-70,16.857648881,8.471432396,1.848621629,0.025918914,0.003459457,-0.999,0.480513101,0.006378371,0.021378371,0.006378371,-0.480513101,-0.004
1581249740.6874626,b827eb917e19,e78f135624ce,-99,16.489273232,8.464624552,1.874753016,0.018576296,-0.001670688,-0.998917672,0.0335926,-0.002246984,0.010600424,-0.002246984,-0.0335926,-0.01058836
1581249741.143469,b827eb917e19,e78f135624ce,-76,16.057539596,8.530361745,1.88424094,-0.030262416,-0.004063759,-0.994737584,-0.434140942,-0.010212752,0.033524832,-0.009950336,0.436403358,-0.007326175
1581249741.595195,b827eb917e19,e78f135624ce,-74,15.670754336,8.420439709,1.910066609,0.005012636,0.012423646,-0.995267509,-0.442481046,-0.009,0.021423646,-0.007267509,0.442847291,-0.007012636
1581249742.0465105,b827eb917e19,e78f135624ce,-72,15.190162033,8.401053632,1.840955306,-0.007973184,0.019035755,-0.996991061,-0.793320657,-0.012991061,0.017,-0.011982123,0.793320657,0.013017877
1581249742.496086,b827eb917e19,e78f135624ce,-67,14.757359565,8.355554826,1.879149727,0.000433151,0.012141712,-0.998,-0.791676501,-0.012141712,0.010283424,-0.011141712,0.792247358,0.00285428
1581249742.952669,b827eb917e19,e78f135624ce,-72,14.276778574,8.428299524,1.834118572,-0.026627143,0.016790952,-0.999,-0.932971904,-0.015,0.030209048,-0.014,0.933971904,0.014
1581249743.413,b827eb917e19,e78f135624ce,-73,13.778938829,8.464673066,1.792243554,-0.02145831,0.020439112,-0.999,-0.978214756,-0.018,0.021570487,-0.017887822,0.979214756,0.019439112
1581249743.8664973,b827eb917e19,e78f135624ce,-74,13.313025668,8.507590326,1.77657848,-0.01328924,0.017,-0.999,-0.650724583,-0.013469891,0.028650543,-0.012469891,0.650724583,0.018590326
1581249744.3280003,b827eb917e19,e78f135624ce,-71,12.870794432,8.525275696,1.778532043,0.02040387,0.011830109,-0.999,0.153090702,-0.001532043,0.042,-0.001532043,-0.15332468,0.009532043
1581249744.7842596,b827eb917e19,e78f135624ce,-68,12.44089816,8.561909891,1.779,0.029121123,0.00036337,-0.999,0.731493291,0.00663663,0.03636337,0.00663663,-0.732493291,0.006878877
1581249745.2350874,b827eb917e19,e78f135624ce,-74,12.004017918,8.56359114,1.806568143,0.034272573,-0.00029557,-0.999,0.911091986,0.012568143,0.036840717,0.012568143,-0.91166013,0.00329557
1581249745.6865256,b827eb917e19,e78f135624ce,-65,11.545951862,8.565037772,1.810947119,0.031992446,-0.004,-0.999,0.970924455,0.010992446,0.032992446,0.010992446,-0.971916901,0.006
1581249746.1404955,b827eb917e19,e78f135624ce,-63,11.055069593,8.56967268,1.80833634,0.010654639,0.00132732,-0.998,0.499900772,0.00566366,0.050009021,0.00666366,-0.499900772,0.00933634
1581249746.593256,b827eb917e19,e78f135624ce,-70,10.544369732,8.571872225,1.815390122,-0.003631174,0.006695061,-0.999,-0.005782057,0.004673765,0.030106479,0.004673765,0.005782057,0.008673765
1581249747.0506566,b827eb917e19,e78f135624ce,-65,10.005058268,8.531956094,1.804087813,-0.00206586,0.014,-0.999,-0.537766106,-0.007,0.007043906,-0.007,0.537766106,0.015
1581249747.504377,b827eb917e19,e78f135624ce,-65,9.530454723,8.521178352,1.820036079,-0.002785568,0.009392784,-1.0,-0.848753577,-0.004785568,0.004785568,-0.004785568,0.848753577,0.009785568
1581249747.9649816,b827eb917e19,e78f135624ce,-71,9.05649187,8.528315041,1.824630081,-0.00754336,0.011684959,-1.0,-0.951968157,-0.00422832,0.008315041,-0.00422832,0.951968157,0.011684959
1581249748.4199338,b827eb917e19,e78f135624ce,-71,8.581377867,8.520728471,1.821728471,0.005728471,0.013,-1.0,-0.984321177,-0.005135765,-0.005592706,-0.005135765,0.984321177,0.013
1581249749.326662,b827eb917e19,e78f135624ce,-66,7.591921047,8.528174089,1.842412955,0.004706478,0.001440284,-1.0,-0.998146761,-0.009146761,-0.004706478,-0.009146761,0.998146761,0.001440284
1581249749.7830853,b827eb917e19,e78f135624ce,-67,7.140210661,8.549937779,1.851733631,0.001795852,0.008775111,-1.0,-0.741143981,-0.00902074,0.004570963,-0.008224889,0.741143981,-0.000775111
1581249750.6953,b827eb917e19,e78f135624ce,-67,6.241189871,8.605,1.873292617,-0.008935692,0.012807077,-0.999,0.366032336,0.009678462,-0.02574277,0.009678462,-0.365968028,-0.005678462
1581249751.1462603,b827eb917e19,e78f135624ce,-67,5.783376197,8.634185578,1.89654984,-0.011410657,0.020728526,-0.999,0.508505297,0.011364263,-0.015728526,0.011364263,-0.508187428,-0.016092789
1581249751.5970993,b827eb917e19,e78f135624ce,-66,5.263060736,8.611568235,1.836696029,-0.001088088,0.018480147,-0.999,-0.054635293,-0.000519853,-0.008480147,-0.000519853,0.054635293,0.005
1581249752.0510669,b827eb917e19,e78f135624ce,-60,4.806167847,8.589022566,1.854325811,0.013977434,0.016162906,-0.998,-0.032940044,0.000380113,0.029891396,0.001380113,0.031940044,-0.004271509
1581249752.955232,b827eb917e19,e78f135624ce,-70,3.799556907,8.573,1.852558782,0.006117564,0.004852927,-1.0,-0.899118033,-0.008294145,-0.001264637,-0.008294145,0.899118033,0.002147073
1581249753.4099202,b827eb917e19,e78f135624ce,-67,3.299726928,8.570638376,1.841574416,-0.003212792,0.006212792,-1.0,-0.967659287,-0.012212792,0.004425584,-0.012,0.967659287,0.005212792
1581249753.860227,b827eb917e19,e78f135624ce,-73,2.811116403,8.561190093,1.843,-0.008214861,0.002595046,-1.0,-0.989214861,-0.011809907,0.008809907,-0.011809907,0.989214861,0.002595046
1581249754.3187554,b827eb917e19,e78f135624ce,-71,2.300741775,8.552429703,1.856742178,-0.016257822,-0.001914059,-1.0,-0.996085941,-0.01,0.016257822,-0.01,0.997,-0.001914059
1581249754.7752037,b827eb917e19,e78f135624ce,-73,1.818560945,8.526883075,1.852294358,-0.017411283,-0.001,-1.0,-0.998705642,-0.014,0.017411283,-0.014,0.999,-0.001
1581249755.2286515,b827eb917e19,e78f135624ce,-77,1.368000414,8.528870242,1.855,-0.03128244,-0.00271756,-0.999,-0.999,-0.01371756,0.032,-0.01371756,0.99928244,-0.002435121
1581249755.685876,b827eb917e19,e78f135624ce,-72,0.938282214,8.504752612,1.833331012,-0.018752612,0.006250871,-0.999916376,-0.999,-0.014832753,0.018752612,-0.014832753,1.0,0.006334494
1581249756.1374273,b827eb917e19,e78f135624ce,-73,0.61679665,8.490859369,1.836718738,0.011421893,0.005140631,-1.0,-0.999,-0.014,-0.011421893,-0.014,1.0,0.004570316
1581249756.5898323,b827eb917e19,e78f135624ce,-73,0.405325244,8.467005433,1.860685621,0.031151757,-0.003921405,-0.999,-0.999,-0.018,-0.031151757,-0.017230351,1.0,-0.004151757
1581249757.0466084,b827eb917e19,e78f135624ce,-75,0.2898551,8.438359324,1.867640676,0.040660169,-0.003,-0.999,-0.999,-0.017679662,-0.040660169,-0.017339831,1.0,-0.004
