1581249732.9431782,000000000201,e78f135624ce,-79,17.885,8.433,1.848,0.024,-0.001,-1.0,0.999,0.029,0.024,0.029,-1.0,0.001
1581249733.4021857,000000000201,e78f135624ce,-78,17.892644672,8.441881557,1.849644672,0.022881557,0.001763115,-0.999118443,1.0,0.028,0.022881557,0.028,-0.999,0.000118443
1581249733.8521907,000000000201,e78f135624ce,-77,17.87602415,8.438490944,1.851993963,0.016515094,-0.000496981,-1.0,-0.056124564,0.006018112,0.004503019,0.006018112,0.055621546,-0.000496981
1581249734.310206,000000000201,e78f135624ce,-75,17.850129892,8.445870108,1.847129892,0.005303914,0.005522065,-1.0,-0.703617812,-0.006348043,0.001174022,-0.006348043,0.702617812,0.005522065
1581249735.2252738,000000000201,e78f135624ce,-80,17.820699345,8.471034861,1.838265794,-0.008300655,0.010300655,-1.0,-0.969335516,-0.013,0.009300655,-0.012433552,0.969335516,0.010300655
1581249735.6762207,000000000201,e78f135624ce,-79,17.817009733,8.476970802,1.81703893,-0.007990267,0.021990267,-1.0,-0.98996107,-0.012,0.007990267,-0.012,0.98996107,0.021990267
1581249736.1293185,000000000201,e78f135624ce,-79,17.817,8.474034244,1.803655252,-0.003689496,0.025034244,-1.0,-0.996655252,-0.011344748,0.003689496,-0.011,0.996655252,0.025034244
1581249736.5905874,000000000201,e78f135624ce,-75,17.819621398,8.467378602,1.793242797,-0.000378602,0.028378602,-0.999,-0.999,-0.011,-0.000621398,-0.011,0.998378602,0.028378602
1581249737.043206,000000000201,e78f135624ce,-75,17.816,8.481160653,1.78587951,-0.010080327,0.030040163,-0.999,-0.999040163,-0.011,0.010080327,-0.01,0.999,0.030040163
1581249737.4992266,000000000201,e78f135624ce,-83,17.817348696,8.478302608,1.791651304,-0.005302608,0.024,-0.999,-1.0,-0.01,0.005302608,-0.009651304,0.999,0.024
1581249737.9526496,000000000201,e78f135624ce,-81,17.820955567,8.448835547,1.80962666,0.011328907,0.013791113,-0.999,-1.0,-0.011208887,-0.011328907,-0.011,1.0,0.013791113
1581249738.410245,000000000201,e78f135624ce,-74,17.772934167,8.45406697,1.831399545,-0.001400114,0.002933599,-1.0,-0.917132234,-0.011866629,0.000400114,-0.011866629,0.917132234,0.002933599
1581249738.870191,000000000201,e78f135624ce,-84,17.645632396,8.429117045,1.844351135,-2.6703e-05,0.002882955,-1.0,-0.766330668,-0.010558523,0.007351135,-0.010558523,0.766330668,0.001441477
1581249739.7832024,000000000201,e78f135624ce,-83,17.154306173,8.437520643,1.847681769,0.008,0.006479357,-0.999,-0.230198392,-0.004880161,-0.007719035,-0.004880161,0.229318231,-0.000280965
1581249740.2352087,000000000201,e78f135624ce,-83,16.85578081,8.471722985,1.84855936,0.025960426,0.003480213,-0.999,0.483834116,0.00644064,0.02144064,0.00644064,-0.483834116,-0.004
1581249740.691198,000000000201,e78f135624ce,-77,16.4859735,8.46334824,1.874659627,0.018794203,-0.00154617,-0.998886542,0.028144929,-0.002340373,0.010071222,-0.002340373,-0.028144929,-0.010432712
1581249741.1462505,000000000201,e78f135624ce,-82,16.054886579,8.530169187,1.885118147,-0.030241021,-0.004384688,-0.994758979,-0.438206048,-0.010276938,0.033482042,-0.010035917,0.440447069,-0.007625709
1581249741.1491706,000000000201,e78f135624ce,-78,16.052101207,8.529967023,1.886039117,-0.030218558,-0.004721628,-0.994781442,-0.442473957,-0.010344326,0.033437116,-0.010125768,0.444692515,-0.007940186
1581249741.5982122,000000000201,e78f135624ce,-76,15.66776036,8.421925093,1.908233089,0.004316363,0.012957455,-0.995221091,-0.443525456,-0.009,0.021957455,-0.007221091,0.44391491,-0.006316363
1581249742.0502129,000000000201,e78f135624ce,-87,15.18701757,8.398896196,1.841505722,-0.007352676,0.018898856,-0.996979771,-0.792927869,-0.013020229,0.016575193,-0.012,0.792948098,0.012838169
1581249742.5002232,000000000201,e78f135624ce,-77,14.752911988,8.356554669,1.878735999,0.000157333,0.012210667,-0.998,-0.793952006,-0.012210667,0.010421334,-0.011210667,0.79455734,0.003026667
1581249742.955217,000000000201,e78f135624ce,-75,14.273912095,8.428533089,1.833927473,-0.026690842,0.016769719,-0.999,-0.933375335,-0.015,0.030230281,-0.014,0.934375335,0.014
1581249743.4102235,000000000201,e78f135624ce,-77,13.78216398,8.464801218,1.792670726,-0.021735972,0.020332319,-0.999,-0.978065246,-0.018,0.021869508,-0.017866464,0.979065246,0.019332319
1581249743.870224,000000000201,e78f135624ce,-83,13.309241617,8.507676327,1.776177141,-0.013088571,0.017,-0.999,-0.646653861,-0.013441224,0.028793878,-0.012441224,0.646653861,0.018676327
1581249744.3322008,000000000201,e78f135624ce,-75,12.867175579,8.525728053,1.778467421,0.020597737,0.011668553,-0.999,0.160974632,-0.001467421,0.042,-0.001467421,-0.161240922,0.009467421
1581249746.141188,000000000201,e78f135624ce,-79,11.054406898,8.56966279,1.808331395,0.010674421,0.00133721,-0.998,0.500063973,0.005668605,0.049994184,0.006668605,-0.500063973,0.009331395
1581249746.596219,000000000201,e78f135624ce,-85,10.54127968,8.57225319,1.815220804,-0.003736997,0.006610402,-0.999,0.000525036,0.004652601,0.029789008,0.004652601,-0.000525036,0.008652601
1581249746.5992074,000000000201,e78f135624ce,-81,10.538163272,8.572637405,1.815050042,-0.003843724,0.006525021,-0.999,0.006885924,0.004631255,0.029468829,0.004631255,-0.006885924,0.008631255
1581249747.054223,000000000201,e78f135624ce,-77,10.001644617,8.531905144,1.804189713,-0.002142285,0.014,-0.999,-0.540975957,-0.007,0.007094856,-0.007,0.540975957,0.015
1581249747.5082242,000000000201,e78f135624ce,-71,9.525872862,8.521073424,1.820210959,-0.002715616,0.009357808,-1.0,-0.850467403,-0.004715616,0.004715616,-0.004715616,0.850467403,0.009715616
1581249748.4201996,000000000201,e78f135624ce,-77,8.581116121,8.520732561,1.821732561,0.005732561,0.013,-1.0,-0.984331402,-0.00513372,-0.005598841,-0.00513372,0.984331402,0.013
1581249748.8732233,000000000201,e78f135624ce,-84,8.092349998,8.51046553,1.826485227,0.007,0.007,-1.0,-0.995009849,-0.010514773,-0.007,-0.010514773,0.995009849,0.007
1581249749.3302195,000000000201,e78f135624ce,-79,7.588363606,8.528393009,1.842303496,0.004651748,0.001522378,-1.0,-0.998174126,-0.009174126,-0.004651748,-0.009174126,0.998174126,0.001522378
1581249749.78534,000000000201,e78f135624ce,-74,7.138350511,8.550219619,1.852034261,0.001814641,0.008887848,-1.0,-0.735056219,-0.008926794,0.004702489,-0.008112152,0.735056219,-0.000887848
1581249750.2382667,000000000201,e78f135624ce,-69,6.732850631,8.614422363,1.883024895,-0.012267089,0.014534177,-0.999,0.282497473,0.008689452,-0.008267089,0.008689452,-0.28307511,-0.011378903
1581249751.5972838,000000000201,e78f135624ce,-72,5.262832196,8.611556879,1.83669461,-0.00108383,0.01847305,-0.999,-0.054862414,-0.00052695,-0.00847305,-0.00052695,0.054862414,0.005
1581249752.0492811,000000000201,e78f135624ce,-74,4.808132179,8.588754703,1.854415099,0.014245297,0.01620755,-0.998,-0.027716705,0.000484282,0.029861634,0.001484282,0.026716705,-0.004345916
1581249752.5032303,000000000201,e78f135624ce,-67,4.300770434,8.559111779,1.844282359,0.01735882,0.01235882,-0.999,-0.68515893,-0.00609412,-0.00309412,-0.00654706,0.68570599,0.00545294
1581249752.958373,000000000201,e78f135624ce,-72,3.795918387,8.573,1.852480253,0.005960506,0.004826751,-1.0,-0.899850972,-0.008346498,-0.001133755,-0.008346498,0.899850972,0.002173249
1581249753.4132524,000000000201,e78f135624ce,-80,3.296266634,8.570561481,1.841625679,-0.00318716,0.00618716,-1.0,-0.967941237,-0.01218716,0.004374321,-0.012,0.967941237,0.00518716
1581249753.863242,000000000201,e78f135624ce,-67,2.807916077,8.561143711,1.843,-0.008284433,0.002571856,-1.0,-0.989284433,-0.011856289,0.008856289,-0.011856289,0.989284433,0.002571856
1581249754.322221,000000000201,e78f135624ce,-75,2.297249466,8.552562997,1.856662202,-0.016337798,-0.001887401,-1.0,-0.996112599,-0.01,0.016337798,-0.01,0.997,-0.001887401
1581249755.2286394,000000000201,e78f135624ce,-71,1.368014895,8.528870684,1.855,-0.031282329,-0.002717671,-0.999,-0.999,-0.013717671,0.032,-0.013717671,0.999282329,-0.002435342
1581249755.6905997,000000000201,e78f135624ce,-71,0.934536928,8.50444894,1.833600942,-0.01844894,0.006149647,-0.999950118,-0.999,-0.014900236,0.01844894,-0.014900236,1.0,0.006199529
1581249756.140252,000000000201,e78f135624ce,-72,0.615303551,8.490819015,1.83663803,0.011542955,0.005180985,-1.0,-0.999,-0.014,-0.011542955,-0.014,1.0,0.004590493
1581249756.5932415,000000000201,e78f135624ce,-72,0.4043025,8.466688869,1.861075238,0.031273512,-0.00401881,-0.999,-0.999,-0.018,-0.031273512,-0.017254702,1.0,-0.004273512
1581249757.0502462,000000000201,e78f135624ce,-71,0.289151793,8.438262316,1.867737684,0.040684421,-0.003,-0.999,-0.999,-0.017631158,-0.040684421,-0.017315579,1.0,-0.004
