1581249733.3970127,b827eb4521b4,e78f135624ce,-81,17.892525296,8.441841765,1.849525296,0.022841765,0.001683531,-0.999158235,1.0,0.028,0.022841765,0.028,-0.999,0.000158235
1581249733.8478382,b827eb4521b4,e78f135624ce,-77,17.876292,8.4383905,1.851927,0.0166825,-0.0004635,-1.0,-0.046414995,0.006219,0.0045365,0.006219,0.045878495,-0.0004635
1581249734.7652576,b827eb4521b4,e78f135624ce,-75,17.833811838,8.457608878,1.839579284,-0.000608878,0.009217757,-1.0,-0.904505298,-0.010797041,0.002608878,-0.010797041,0.904302339,0.009217757
1581249735.6719623,b827eb4521b4,e78f135624ce,-78,17.81704015,8.476879551,1.817160599,-0.00795985,0.02195985,-1.0,-0.989839401,-0.012,0.00795985,-0.012,0.989839401,0.02195985
1581249736.5833364,b827eb4521b4,e78f135624ce,-83,17.819673191,8.467326809,1.793346383,-0.000326809,0.028326809,-0.999,-0.999,-0.011,-0.000673191,-0.011,0.998326809,0.028326809
1581249737.0389075,b827eb4521b4,e78f135624ce,-82,17.816,8.48103784,1.78597162,-0.01001892,0.03000946,-0.999,-0.99900946,-0.011,0.01001892,-0.01,0.999,0.03000946
1581249737.4980478,b827eb4521b4,e78f135624ce,-80,17.817359412,8.478281176,1.791640588,-0.005281176,0.024,-0.999,-1.0,-0.01,0.005281176,-0.009640588,0.999,0.024
1581249737.9488084,b827eb4521b4,e78f135624ce,-72,17.821115615,8.448707508,1.809530631,0.011584984,0.013823123,-0.999,-1.0,-0.011176877,-0.011584984,-0.011,1.0,0.013823123
1581249738.4050884,b827eb4521b4,e78f135624ce,-76,17.773806808,8.454384294,1.830923559,-0.00151911,0.003211257,-1.0,-0.915981935,-0.011826963,0.00051911,-0.011826963,0.915981935,0.003211257
1581249738.8653839,b827eb4521b4,e78f135624ce,-79,17.647444351,8.429043088,1.844129263,0.000306105,0.002956912,-1.0,-0.763594245,-0.010521544,0.007129263,-0.010521544,0.763594245,0.001478456
1581249740.231199,b827eb4521b4,e78f135624ce,-78,16.858788105,8.471255184,1.848659604,0.025893598,0.003446799,-0.999,0.478487813,0.006340396,0.021340396,0.006340396,-0.478487813,-0.004
1581249740.6858957,b827eb4521b4,e78f135624ce,-80,16.490657317,8.465159906,1.874792188,0.018484894,-0.001722918,-0.998930729,0.035877645,-0.002207812,0.0108224,-0.002207812,-0.035877645,-0.010653647
1581249741.141895,b827eb4521b4,e78f135624ce,-75,16.059040986,8.530470717,1.883744513,-0.030274524,-0.003882139,-0.994725476,-0.431840425,-0.010176428,0.033549048,-0.009901904,0.434114949,-0.007156663
1581249741.593684,b827eb4521b4,e78f135624ce,-70,15.672253807,8.419695785,1.91098489,0.005361351,0.012156298,-0.995290757,-0.441957974,-0.009,0.021156298,-0.007290757,0.442312596,-0.007361351
1581249742.045082,b827eb4521b4,e78f135624ce,-71,15.191709431,8.401125051,1.840895791,-0.007937475,0.019083367,-0.996979158,-0.792416025,-0.012979158,0.017,-0.011958316,0.792416025,0.013041684
1581249742.4945574,b827eb4521b4,e78f135624ce,-71,14.759002706,8.355185438,1.879302577,0.000535052,0.012116237,-0.998,-0.790835825,-0.012116237,0.010232474,-0.011116237,0.791393943,0.002790593
1581249742.9495327,b827eb4521b4,e78f135624ce,-71,14.280306756,8.428012042,1.834353784,-0.026548739,0.016817087,-0.999,-0.932475346,-0.015,0.030182913,-0.014,0.933475346,0.014
1581249743.4089901,b827eb4521b4,e78f135624ce,-68,13.78359655,8.464858141,1.79286047,-0.021859306,0.020284882,-0.999,-0.977998835,-0.018,0.022002329,-0.017856976,0.978998835,0.019284882
1581249743.8651178,b827eb4521b4,e78f135624ce,-70,13.31442638,8.507558491,1.77672704,-0.01336352,0.017,-0.999,-0.652231409,-0.013480503,0.028597486,-0.012480503,0.652231409,0.018558491
1581249744.326758,b827eb4521b4,e78f135624ce,-69,12.871864806,8.525141899,1.778551157,0.020346528,0.011877893,-0.999,0.150758816,-0.001551157,0.042,-0.001551157,-0.150983237,0.009551157
1581249744.783059,b827eb4521b4,e78f135624ce,-67,12.442240736,8.561811653,1.779,0.029132039,0.000396116,-0.999,0.730456342,0.006603884,0.036396116,0.006603884,-0.731456342,0.006867961
1581249745.2334917,b827eb4521b4,e78f135624ce,-63,12.005831256,8.5635041,1.80658265,0.0343306,-0.00025205,-0.999,0.910685799,0.01258265,0.03691325,0.01258265,-0.911268449,0.00325205
1581249745.6852548,b827eb4521b4,e78f135624ce,-66,11.547095555,8.565083157,1.81088358,0.031983369,-0.004,-0.999,0.970833686,0.010983369,0.032983369,0.010983369,-0.971817055,0.006
1581249746.1390834,b827eb4521b4,e78f135624ce,-64,11.056421224,8.569692854,1.808346427,0.010614292,0.001307146,-0.998,0.499567908,0.005653573,0.050039281,0.006653573,-0.499567908,0.009346427
1581249746.5919726,b827eb4521b4,e78f135624ce,-68,10.545708142,8.571707215,1.81546346,-0.003585338,0.00673173,-0.999,-0.008513879,0.004682932,0.030243987,0.004682932,0.008513879,0.008682932
1581249747.049313,b827eb4521b4,e78f135624ce,-60,10.006344177,8.531975286,1.804049428,-0.002037071,0.014,-0.999,-0.536556968,-0.007,0.007024714,-0.007,0.536556968,0.015
1581249747.503109,b827eb4521b4,e78f135624ce,-61,9.53196469,8.521212932,1.819978447,-0.002808621,0.009404311,-1.0,-0.84818878,-0.004808621,0.004808621,-0.004808621,0.84818878,0.009808621
1581249747.9634573,b827eb4521b4,e78f135624ce,-59,9.058244713,8.528353146,1.824706292,-0.007568764,0.011646854,-1.0,-0.951803034,-0.004215618,0.008353146,-0.004215618,0.951803034,0.011646854
1581249748.4184773,b827eb4521b4,e78f135624ce,-67,8.582811958,8.520706063,1.821706063,0.005706063,0.013,-1.0,-0.984265158,-0.005146968,-0.005559095,-0.005146968,0.984265158,0.013
1581249749.3251476,b827eb4521b4,e78f135624ce,-72,7.59343548,8.528080894,1.842459553,0.004729777,0.001405335,-1.0,-0.998135112,-0.009135112,-0.004729777,-0.009135112,0.998135112,0.001405335
1581249749.7818456,b827eb4521b4,e78f135624ce,-63,7.141233478,8.549782806,1.851568327,0.00178552,0.008713123,-1.0,-0.744491381,-0.009072398,0.004498643,-0.008286877,0.744491381,-0.000713123
1581249750.2331913,b827eb4521b4,e78f135624ce,-60,6.737672317,8.614380067,1.88222128,-0.012140202,0.014280404,-0.999,0.273234759,0.00852027,-0.008140202,0.00852027,-0.273854692,-0.011040539
1581249750.693755,b827eb4521b4,e78f135624ce,-63,6.242953965,8.605,1.87343426,-0.008948569,0.012845707,-0.999,0.368028209,0.009742845,-0.025794276,0.009742845,-0.367976778,-0.005742845
1581249751.1446764,b827eb4521b4,e78f135624ce,-77,5.78465543,8.634039379,1.896379276,-0.011349741,0.020679793,-0.999,0.506531622,0.011339897,-0.015679793,0.011339897,-0.50620157,-0.01601969
1581249751.595783,b827eb4521b4,e78f135624ce,-77,5.264690933,8.611649239,1.836706155,-0.001118465,0.018530774,-0.999,-0.053015222,-0.000469226,-0.008530774,-0.000469226,0.053015222,0.005
1581249752.0481102,b827eb4521b4,e78f135624ce,-63,4.809420142,8.588579072,1.854473643,0.014420928,0.016236821,-0.998,-0.024291896,0.000552583,0.029842119,0.001552583,0.023291896,-0.004394702
1581249752.9537022,b827eb4521b4,e78f135624ce,-79,3.801328803,8.573,1.852597025,0.006194049,0.004865675,-1.0,-0.898761104,-0.00826865,-0.001328374,-0.00826865,0.898761104,0.002134325
1581249753.4084754,b827eb4521b4,e78f135624ce,-77,3.301227314,8.570671718,1.841552188,-0.003223906,0.006223906,-1.0,-0.967537034,-0.012223906,0.004447812,-0.012,0.967537034,0.005223906
1581249753.8587563,b827eb4521b4,e78f135624ce,-71,2.812677717,8.561212721,1.843,-0.008180919,0.00260636,-1.0,-0.989180919,-0.011787279,0.008787279,-0.011787279,0.989180919,0.00260636
1581249754.3171628,b827eb4521b4,e78f135624ce,-77,2.30234666,8.552368448,1.856778931,-0.016221069,-0.00192631,-1.0,-0.99607369,-0.01,0.016221069,-0.01,0.997,-0.00192631
1581249754.7735584,b827eb4521b4,e78f135624ce,-71,1.820520382,8.526927948,1.852309316,-0.017381368,-0.001,-1.0,-0.998690684,-0.014,0.017381368,-0.014,0.999,-0.001
1581249755.2270699,b827eb4521b4,e78f135624ce,-74,1.36988404,8.528927757,1.855,-0.031268061,-0.002731939,-0.999,-0.999,-0.013731939,0.032,-0.013731939,0.999268061,-0.002463878
1581249755.6845472,b827eb4521b4,e78f135624ce,-70,0.939335688,8.504838029,1.833255086,-0.018838029,0.006279343,-0.999906886,-0.999,-0.014813771,0.018838029,-0.014813771,1.0,0.006372457
1581249756.135846,b827eb4521b4,e78f135624ce,-70,0.617632548,8.490881961,1.836763922,0.011354118,0.005118039,-1.0,-0.999,-0.014,-0.011354118,-0.014,1.0,0.00455902
1581249756.588399,b827eb4521b4,e78f135624ce,-71,0.405755255,8.467138531,1.860521808,0.031100565,-0.003880452,-0.999,-0.999,-0.018,-0.031100565,-0.017220113,1.0,-0.004100565
1581249757.0451353,b827eb4521b4,e78f135624ce,-71,0.290139917,8.438398609,1.867601391,0.040650348,-0.003,-0.999,-0.999,-0.017699305,-0.040650348,-0.017349652,1.0,-0.004
