1581249732.9435616,000000000102,e78f135624ce,-82,17.885,8.433,1.848,0.024,-0.001,-1.0,0.999,0.029,0.024,0.029,-1.0,0.001
1581249733.8505213,000000000102,e78f135624ce,-77,17.876126883,8.438452419,1.851968279,0.016579302,-0.00048414,-1.0,-0.052400506,0.006095162,0.00451586,0.006095162,0.051884646,-0.00048414
1581249734.306509,000000000102,e78f135624ce,-78,17.850272081,8.445727919,1.847272081,0.005417665,0.005436751,-1.0,-0.701229036,-0.006291168,0.001145584,-0.006291168,0.700229036,0.005436751
1581249734.7665045,000000000102,e78f135624ce,-79,17.833766495,8.457574871,1.839658634,-0.000574871,0.009149742,-1.0,-0.904868042,-0.010808376,0.002574871,-0.010808376,0.904676418,0.009149742
1581249735.2255006,000000000102,e78f135624ce,-83,17.820693161,8.47104929,1.838257549,-0.008306839,0.010306839,-1.0,-0.969356128,-0.013,0.009306839,-0.012435613,0.969356128,0.010306839
1581249735.6764896,000000000102,e78f135624ce,-85,17.817007812,8.476976565,1.817031246,-0.007992188,0.021992188,-1.0,-0.989968754,-0.012,0.007992188,-0.012,0.989968754,0.021992188
1581249736.5844877,000000000102,e78f135624ce,-77,17.819664968,8.467335032,1.793329935,-0.000335032,0.028335032,-0.999,-0.999,-0.011,-0.000664968,-0.011,0.998335032,0.028335032
1581249737.0414958,000000000102,e78f135624ce,-80,17.816,8.481111791,1.785916157,-0.010055895,0.030027948,-0.999,-0.999027948,-0.011,0.010055895,-0.01,0.999,0.030027948
1581249737.499466,000000000102,e78f135624ce,-89,17.81734652,8.47830696,1.79165348,-0.00530696,0.024,-0.999,-1.0,-0.01,0.00530696,-0.00965348,0.999,0.024
1581249737.9514804,000000000102,e78f135624ce,-73,17.821004284,8.448796573,1.80959743,0.011406854,0.013800857,-0.999,-1.0,-0.011199143,-0.011406854,-0.011,1.0,0.013800857
1581249738.866469,000000000102,e78f135624ce,-85,17.647035374,8.429059781,1.844179342,0.000230987,0.002940219,-1.0,-0.764211884,-0.01052989,0.007179342,-0.01052989,0.764211884,0.00147011
1581249739.3244631,000000000102,e78f135624ce,-80,17.43514646,8.399342154,1.822,0.018345846,0.019966154,-0.999,-0.675307688,-0.010172923,-0.012206769,-0.011172923,0.675307688,0.018379692
1581249739.7844703,000000000102,e78f135624ce,-72,17.153397504,8.437562907,1.847797994,0.008,0.006437093,-0.999,-0.230092733,-0.004890727,-0.00765564,-0.004890727,0.229202006,-0.00034436
1581249740.2364776,000000000102,e78f135624ce,-76,16.854829161,8.471871019,1.848527639,0.025981574,0.003490787,-0.999,0.485525936,0.006472361,0.021472361,0.006472361,-0.485525936,-0.004
1581249741.1435475,000000000102,e78f135624ce,-85,16.057464776,8.530356314,1.884265679,-0.030261813,-0.004072809,-0.994738187,-0.434255584,-0.010214562,0.033523625,-0.009952749,0.436517397,-0.007334622
1581249741.5954964,000000000102,e78f135624ce,-77,15.670455293,8.420588072,1.909883474,0.004943091,0.012476963,-0.995262873,-0.442585363,-0.009,0.021476963,-0.007262873,0.442953927,-0.006943091
1581249742.0454812,000000000102,e78f135624ce,-75,15.191277059,8.401105095,1.840912421,-0.007947452,0.019070063,-0.996982484,-0.792668797,-0.012982484,0.017,-0.011964968,0.792668797,0.013035032
1581249742.4954798,000000000102,e78f135624ce,-78,14.758011081,8.355408362,1.879210333,0.000473555,0.012131611,-0.998,-0.791343168,-0.012131611,0.010263222,-0.011131611,0.791908974,0.002829028
1581249742.9514647,000000000102,e78f135624ce,-75,14.27813336,8.428189134,1.834208891,-0.026597036,0.016800988,-0.999,-0.932781231,-0.015,0.030199012,-0.014,0.933781231,0.014
1581249743.4114573,000000000102,e78f135624ce,-73,13.780730857,8.464744272,1.792480908,-0.02161259,0.020379773,-0.999,-0.978131682,-0.018,0.021736636,-0.017875955,0.979131682,0.019379773
1581249743.8694885,000000000102,e78f135624ce,-79,13.309988453,8.507659353,1.776256351,-0.013128176,0.017,-0.999,-0.647457275,-0.013446882,0.028765589,-0.012446882,0.647457275,0.018659353
1581249744.3274229,000000000102,e78f135624ce,-73,12.871291927,8.525213509,1.778540927,0.020377218,0.011852318,-0.999,0.152006874,-0.001540927,0.042,-0.001540927,-0.15223641,0.009540927
1581249744.784451,000000000102,e78f135624ce,-71,12.440684084,8.561925555,1.779,0.029119383,0.000358148,-0.999,0.731658634,0.006641852,0.036358148,0.006641852,-0.732658634,0.006880617
1581249745.2344284,000000000102,e78f135624ce,-68,12.00476677,8.563555195,1.806574134,0.034296537,-0.000277598,-0.999,0.910924244,0.012574134,0.036870671,0.012574134,-0.911498378,0.003277598
1581249745.686454,000000000102,e78f135624ce,-72,11.546016235,8.565040327,1.810943543,0.031991935,-0.004,-0.999,0.970919346,0.010991935,0.032991935,0.010991935,-0.971911281,0.006
1581249746.141465,000000000102,e78f135624ce,-68,11.05414173,8.569658832,1.808329416,0.010682336,0.001341168,-0.998,0.500129276,0.005670584,0.049988248,0.006670584,-0.500129276,0.009329416
1581249746.5965044,000000000102,e78f135624ce,-79,10.540982062,8.572289883,1.815204497,-0.00374719,0.006602248,-0.999,0.001132503,0.004650562,0.029758431,0.004650562,-0.001132503,0.008650562
1581249747.051461,000000000102,e78f135624ce,-69,10.004288319,8.531944602,1.804110796,-0.002083097,0.014,-0.999,-0.538490088,-0.007,0.007055398,-0.007,0.538490088,0.015
1581249747.504442,000000000102,e78f135624ce,-70,9.530377209,8.521176577,1.820039038,-0.002784385,0.009392192,-1.0,-0.848782571,-0.004784385,0.004784385,-0.004784385,0.848782571,0.009784385
1581249747.9644244,000000000102,e78f135624ce,-76,9.057132632,8.52832897,1.824657941,-0.007552647,0.01167103,-1.0,-0.951907796,-0.004223677,0.00832897,-0.004223677,0.951907796,0.01167103
1581249748.4204488,000000000102,e78f135624ce,-74,8.580870807,8.520736394,1.821736394,0.005736394,0.013,-1.0,-0.984340984,-0.005131803,-0.00560459,-0.005131803,0.984340984,0.013
1581249748.8744473,000000000102,e78f135624ce,-64,8.091107127,8.51039962,1.82645698,0.007,0.007,-1.0,-0.99502868,-0.01054302,-0.007,-0.01054302,0.99502868,0.007
1581249749.3294482,000000000102,e78f135624ce,-68,7.58913489,8.528345545,1.842327227,0.004663614,0.001504579,-1.0,-0.998168193,-0.009168193,-0.004663614,-0.009168193,0.998168193,0.001504579
1581249749.7834263,000000000102,e78f135624ce,-74,7.139929386,8.549980396,1.851779089,0.001798693,0.008792158,-1.0,-0.740223446,-0.009006535,0.004590851,-0.008207842,0.740223446,-0.000792158
1581249750.2344062,000000000102,e78f135624ce,-72,6.736518084,8.614390192,1.882413653,-0.012170577,0.014341153,-0.999,0.275452102,0.008560769,-0.008170577,0.008560769,-0.276061909,-0.011121538
1581249750.695442,000000000102,e78f135624ce,-71,6.241027915,8.605,1.873279614,-0.00893451,0.012803531,-0.999,0.365849101,0.009672552,-0.025738041,0.009672552,-0.365783611,-0.005672552
1581249751.146412,000000000102,e78f135624ce,-67,5.783253723,8.634199575,1.89656617,-0.011416489,0.020733192,-0.999,0.508694256,0.011366596,-0.015733192,0.011366596,-0.508377554,-0.016099787
1581249751.5974138,000000000102,e78f135624ce,-79,5.262671272,8.611548883,1.83669361,-0.001080831,0.018468052,-0.999,-0.055022338,-0.000531948,-0.008468052,-0.000531948,0.055022338,0.005
1581249752.0493972,000000000102,e78f135624ce,-79,4.808004458,8.588772119,1.854409294,0.014227881,0.016204647,-0.998,-0.028056326,0.000477509,0.029863569,0.001477509,0.027056326,-0.004341078
1581249752.5044188,000000000102,e78f135624ce,-66,4.299354117,8.559240535,1.844341785,0.017329107,0.012329107,-0.999,-0.686139457,-0.006113928,-0.003113928,-0.006556964,0.686696421,0.005443036
1581249752.9584053,000000000102,e78f135624ce,-70,3.795881105,8.573,1.852479448,0.005958897,0.004826483,-1.0,-0.899858483,-0.008347034,-0.001132414,-0.008347034,0.899858483,0.002173517
1581249753.4104216,000000000102,e78f135624ce,-62,3.29920625,8.570626806,1.84158213,-0.003208935,0.006208935,-1.0,-0.967701713,-0.012208935,0.00441787,-0.012,0.967701713,0.005208935
1581249753.8615468,000000000102,e78f135624ce,-71,2.809715549,8.561169791,1.843,-0.008245314,0.002584895,-1.0,-0.989245314,-0.011830209,0.008830209,-0.011830209,0.989245314,0.002584895
1581249754.3184056,000000000102,e78f135624ce,-60,2.301094225,8.552416251,1.856750249,-0.016249751,-0.00191675,-1.0,-0.99608325,-0.01,0.016249751,-0.01,0.997,-0.00191675
1581249754.774402,000000000102,e78f135624ce,-60,1.819515819,8.526904942,1.852301647,-0.017396705,-0.001,-1.0,-0.998698353,-0.014,0.017396705,-0.014,0.999,-0.001
1581249755.22838,000000000102,e78f135624ce,-62,1.368323816,8.528880117,1.855,-0.031279971,-0.002720029,-0.999,-0.999,-0.013720029,0.032,-0.013720029,0.999279971,-0.002440058
1581249755.6883726,000000000102,e78f135624ce,-64,0.936302674,8.504592109,1.833473681,-0.018592109,0.00619737,-0.99993421,-0.999,-0.01486842,0.018592109,-0.01486842,1.0,0.006263159
1581249756.5904136,000000000102,e78f135624ce,-60,0.405150864,8.466951458,1.860752052,0.031172516,-0.003938013,-0.999,-0.999,-0.018,-0.031172516,-0.017234503,1.0,-0.004172516
1581249757.046371,000000000102,e78f135624ce,-62,0.28990101,8.438365657,1.867634343,0.040658586,-0.003,-0.999,-0.999,-0.017682828,-0.040658586,-0.017341414,1.0,-0.004
