1581249732.945681,000000000301,e78f135624ce,-77,17.885,8.433,1.848,0.024,-0.001,-1.0,0.999,0.029,0.024,0.029,-1.0,0.001
1581249733.4016879,000000000301,e78f135624ce,-72,17.892633184,8.441877728,1.849633184,0.022877728,0.001755456,-0.999122272,1.0,0.028,0.022877728,0.028,-0.999,0.000122272
1581249733.851708,000000000301,e78f135624ce,-74,17.876053861,8.438479802,1.851986535,0.016533663,-0.000493267,-1.0,-0.055047555,0.006040395,0.004506733,0.006040395,0.054540823,-0.000493267
1581249734.7696826,000000000301,e78f135624ce,-75,17.833650927,8.457488195,1.839860878,-0.000488195,0.00897639,-1.0,-0.905792586,-0.010837268,0.002488195,-0.010837268,0.905629855,0.00897639
1581249735.2276921,000000000301,e78f135624ce,-75,17.820633392,8.471188752,1.838177856,-0.008366608,0.010366608,-1.0,-0.96955536,-0.013,0.009366608,-0.012455536,0.96955536,0.010366608
1581249736.128682,000000000301,e78f135624ce,-73,17.817,8.474047885,1.803650705,-0.00369859,0.025047885,-1.0,-0.996650705,-0.011349295,0.00369859,-0.011,0.996650705,0.025047885
1581249736.5856786,000000000301,e78f135624ce,-72,17.819656461,8.467343539,1.793312922,-0.000343539,0.028343539,-0.999,-0.999,-0.011,-0.000656461,-0.011,0.998343539,0.028343539
1581249737.0426714,000000000301,e78f135624ce,-74,17.816,8.481145381,1.785890964,-0.01007269,0.030036345,-0.999,-0.999036345,-0.011,0.01007269,-0.01,0.999,0.030036345
1581249737.5016692,000000000301,e78f135624ce,-74,17.817326491,8.478347019,1.791673509,-0.005347019,0.024,-0.999,-1.0,-0.01,0.005347019,-0.009673509,0.999,0.024
1581249737.9526684,000000000301,e78f135624ce,-76,17.820954782,8.448836174,1.809627131,0.011327651,0.013790956,-0.999,-1.0,-0.011209044,-0.011327651,-0.011,1.0,0.013790956
1581249738.409654,000000000301,e78f135624ce,-75,17.773034189,8.454103342,1.831344988,-0.001413753,0.002965424,-1.0,-0.917000387,-0.011862082,0.000413753,-0.011862082,0.917000387,0.002965424
1581249738.869626,000000000301,e78f135624ce,-68,17.645845377,8.429108352,1.844325056,1.2416e-05,0.002891648,-1.0,-0.766009023,-0.010554176,0.007325056,-0.010554176,0.766009023,0.001445824
1581249739.326742,000000000301,e78f135624ce,-74,17.433972001,8.399710268,1.822,0.018205612,0.019878508,-0.999,-0.670925375,-0.010102806,-0.012224298,-0.011102806,0.670925375,0.018327105
1581249739.7867372,000000000301,e78f135624ce,-84,17.151772902,8.43763847,1.848005792,0.008,0.00636153,-0.999,-0.229903826,-0.004909617,-0.007542295,-0.004909617,0.228994208,-0.000457705
1581249740.6906364,000000000301,e78f135624ce,-74,16.486469681,8.46354016,1.87467367,0.018761436,-0.001564894,-0.998891223,0.028964096,-0.00232633,0.010150798,-0.00232633,-0.028964096,-0.010456117
1581249741.1456523,000000000301,e78f135624ce,-73,16.055457162,8.5302106,1.884929487,-0.030245622,-0.004315666,-0.994754378,-0.437331768,-0.010263133,0.033491245,-0.010017511,0.439577391,-0.007561288
1581249741.5966303,000000000301,e78f135624ce,-71,15.669330098,8.421146308,1.909194401,0.004681418,0.01267758,-0.995245428,-0.442977873,-0.009,0.02167758,-0.007245428,0.443355159,-0.006681418
1581249742.0476446,000000000301,e78f135624ce,-72,15.188953629,8.40095079,1.841011829,-0.007984859,0.018997634,-0.996999527,-0.793974922,-0.013000473,0.016990063,-0.012,0.793975395,0.012996215
1581249742.050592,000000000301,e78f135624ce,-71,15.186731798,8.398592928,1.841578623,-0.007259363,0.018884275,-0.996976855,-0.792773319,-0.013023145,0.016513957,-0.012,0.792796464,0.012814841
1581249742.498719,000000000301,e78f135624ce,-71,14.754528986,8.356191158,1.878886417,0.000257612,0.012185597,-0.998,-0.793124705,-0.012185597,0.010371194,-0.011185597,0.793717504,0.002963993
1581249742.9536152,000000000301,e78f135624ce,-76,14.275714005,8.428386266,1.8340476,-0.0266508,0.016783067,-0.999,-0.933121733,-0.015,0.030216933,-0.014,0.934121733,0.014
1581249743.8707285,000000000301,e78f135624ce,-75,13.308729362,8.507687969,1.776122811,-0.013061406,0.017,-0.999,-0.646102799,-0.013437344,0.028813282,-0.012437344,0.646102799,0.018687969
1581249744.3306205,000000000301,e78f135624ce,-71,12.868537014,8.525557873,1.778491732,0.020524803,0.011729331,-0.999,0.158008649,-0.001491732,0.042,-0.001491732,-0.158262783,0.009491732
1581249744.78562,000000000301,e78f135624ce,-70,12.439376966,8.562021198,1.779,0.029108756,0.000326267,-0.999,0.732668197,0.006673733,0.036326267,0.006673733,-0.733668197,0.006891244
1581249745.2366202,000000000301,e78f135624ce,-72,12.002276106,8.563674747,1.806554209,0.034216835,-0.000337373,-0.999,0.911482152,0.012554209,0.036771044,0.012554209,-0.912036361,0.003337373
1581249745.689605,000000000301,e78f135624ce,-72,11.54257385,8.5649081,1.811,0.03211028,-0.00403676,-0.999,0.971128659,0.011,0.0330919,0.011,-0.972128659,0.00601838
1581249746.1435773,000000000301,e78f135624ce,-68,11.052119873,8.569628655,1.808314327,0.01074269,0.001371345,-0.998,0.500627195,0.005685673,0.049942982,0.006685673,-0.500627195,0.009314327
1581249747.053594,000000000301,e78f135624ce,-81,10.00224661,8.531914129,1.804171743,-0.002128807,0.014,-0.999,-0.540409904,-0.007,0.007085871,-0.007,0.540409904,0.015
1581249747.5065975,000000000301,e78f135624ce,-70,9.527810151,8.52111779,1.820137017,-0.002745193,0.009372597,-1.0,-0.849742768,-0.004745193,0.004745193,-0.004745193,0.849742768,0.009745193
1581249747.9665756,000000000301,e78f135624ce,-66,9.054658692,8.528275189,1.824550378,-0.007516793,0.011724811,-1.0,-0.952140848,-0.004241604,0.008275189,-0.004241604,0.952140848,0.011724811
1581249748.4225583,000000000301,e78f135624ce,-69,8.578793735,8.520768848,1.821768848,0.005768848,0.013,-1.0,-0.98442212,-0.005115576,-0.005653272,-0.005115576,0.98442212,0.013
1581249748.87659,000000000301,e78f135624ce,-79,8.088931497,8.510284246,1.826407534,0.007,0.007,-1.0,-0.995061644,-0.010592466,-0.007,-0.010592466,0.995061644,0.007
1581249749.329582,000000000301,e78f135624ce,-77,7.589001137,8.528353776,1.842323112,0.004661556,0.001507666,-1.0,-0.998169222,-0.009169222,-0.004661556,-0.009169222,0.998169222,0.001507666
1581249749.784573,000000000301,e78f135624ce,-69,7.138983281,8.550123745,1.851931995,0.00180825,0.008849498,-1.0,-0.737127101,-0.008958752,0.004657748,-0.008150502,0.737127101,-0.000849498
1581249750.2365832,000000000301,e78f135624ce,-75,6.734449932,8.614408334,1.882758345,-0.012225002,0.014450004,-0.999,0.279425131,0.008633336,-0.008225002,0.008633336,-0.280016797,-0.011266671
1581249750.6966224,000000000301,e78f135624ce,-74,6.239680278,8.605,1.873171409,-0.008924674,0.012774021,-0.999,0.364324403,0.009623368,-0.025698694,0.009623368,-0.364249076,-0.005623368
1581249751.148575,000000000301,e78f135624ce,-73,5.781506547,8.634399252,1.896799127,-0.011499688,0.020799751,-0.999,0.511389898,0.011399875,-0.015799751,0.011399875,-0.511089836,-0.016199626
1581249751.599586,000000000301,e78f135624ce,-78,5.259981049,8.611415207,1.836676901,-0.001030703,0.018384505,-0.999,-0.057695852,-0.000615495,-0.008384505,-0.000615495,0.057695852,0.005
1581249752.0525777,000000000301,e78f135624ce,-80,4.804505901,8.589249195,1.854250268,0.013750805,0.016125134,-0.998,-0.037359309,0.00029198,0.029916577,0.00129198,0.036359309,-0.004208557
1581249752.5067806,000000000301,e78f135624ce,-77,4.296539667,8.559496394,1.844459874,0.017270063,0.012270063,-0.999,-0.688087923,-0.006153291,-0.003153291,-0.006576646,0.688664569,0.005423354
1581249753.4125373,000000000301,e78f135624ce,-75,3.297009152,8.570577981,1.841614679,-0.00319266,0.00619266,-1.0,-0.967880736,-0.01219266,0.004385321,-0.012,0.967880736,0.00519266
1581249753.8625448,000000000301,e78f135624ce,-77,2.808656113,8.561154436,1.843,-0.008268345,0.002577218,-1.0,-0.989268345,-0.011845564,0.008845564,-0.011845564,0.989268345,0.002577218
1581249754.321558,000000000301,e78f135624ce,-78,2.297917608,8.552537496,1.856677502,-0.016322498,-0.001892501,-1.0,-0.996107499,-0.01,0.016322498,-0.01,0.997,-0.001892501
1581249754.7765446,000000000301,e78f135624ce,-78,1.816964094,8.526846506,1.852282169,-0.017435663,-0.001,-1.0,-0.998717831,-0.014,0.017435663,-0.014,0.999,-0.001
1581249755.2337246,000000000301,e78f135624ce,-77,1.361958842,8.528685766,1.855,-0.031328558,-0.002671442,-0.999,-0.999,-0.013671442,0.032,-0.013671442,0.999328558,-0.002342883
1581249755.6885161,000000000301,e78f135624ce,-83,0.936188877,8.504582882,1.833481883,-0.018582882,0.006194294,-0.999935235,-0.999,-0.014870471,0.018582882,-0.014870471,1.0,0.006259059
1581249756.5925918,000000000301,e78f135624ce,-81,0.404497407,8.466749197,1.861000988,0.031250309,-0.004000247,-0.999,-0.999,-0.018,-0.031250309,-0.017250062,1.0,-0.004250309
1581249757.0495126,000000000301,e78f135624ce,-75,0.289293625,8.438281879,1.867718121,0.04067953,-0.003,-0.999,-0.999,-0.01764094,-0.04067953,-0.01732047,1.0,-0.004
