1581249732.943487,b827ebf7d096,e78f135624ce,-82,17.885,8.433,1.848,0.024,-0.001,-1.0,0.999,0.029,0.024,0.029,-1.0,0.001
1581249734.3060844,b827ebf7d096,e78f135624ce,-70,17.850288413,8.445711587,1.847288413,0.00543073,0.005426952,-1.0,-0.700954664,-0.006284635,0.001142317,-0.006284635,0.699954664,0.005426952
1581249734.7660382,b827ebf7d096,e78f135624ce,-73,17.833783453,8.45758759,1.839628957,-0.00058759,0.009175179,-1.0,-0.904732377,-0.010804137,0.00258759,-0.010804137,0.904536514,0.009175179
1581249735.6771257,b827ebf7d096,e78f135624ce,-76,17.817003268,8.476990196,1.817013072,-0.007996732,0.021996732,-1.0,-0.989986928,-0.012,0.007996732,-0.012,0.989986928,0.021996732
1581249736.1294816,b827ebf7d096,e78f135624ce,-75,17.817,8.474030749,1.803656417,-0.003687166,0.025030749,-1.0,-0.996656417,-0.011343583,0.003687166,-0.011,0.996656417,0.025030749
1581249736.5837426,b827ebf7d096,e78f135624ce,-73,17.819670289,8.467329711,1.793340579,-0.000329711,0.028329711,-0.999,-0.999,-0.011,-0.000670289,-0.011,0.998329711,0.028329711
1581249737.0390868,b827ebf7d096,e78f135624ce,-70,17.816,8.481042963,1.785967778,-0.010021481,0.030010741,-0.999,-0.999010741,-0.011,0.010021481,-0.01,0.999,0.030010741
1581249737.498833,b827ebf7d096,e78f135624ce,-75,17.817352275,8.478295451,1.791647725,-0.005295451,0.024,-0.999,-1.0,-0.01,0.005295451,-0.009647725,0.999,0.024
1581249737.950641,b827ebf7d096,e78f135624ce,-75,17.821039262,8.448768591,1.809576443,0.011462819,0.013807852,-0.999,-1.0,-0.011192148,-0.011462819,-0.011,1.0,0.013807852
1581249738.409581,b827ebf7d096,e78f135624ce,-77,17.773046536,8.454107831,1.831338253,-0.001415437,0.002969352,-1.0,-0.916984112,-0.011861521,0.000415437,-0.011861521,0.916984112,0.002969352
1581249738.8654435,b827ebf7d096,e78f135624ce,-71,17.647421885,8.429044005,1.844132014,0.000301979,0.002955995,-1.0,-0.763628174,-0.010522002,0.007132014,-0.010522002,0.763628174,0.001477998
1581249739.323939,b827ebf7d096,e78f135624ce,-77,17.435416544,8.399257501,1.822,0.018378095,0.019986309,-0.999,-0.676315464,-0.010189047,-0.012202738,-0.011189047,0.676315464,0.018391786
1581249739.783862,b827ebf7d096,e78f135624ce,-70,17.153833385,8.437542633,1.847742241,0.008,0.006457367,-0.999,-0.230143417,-0.004885658,-0.00768605,-0.004885658,0.229257759,-0.00031395
1581249740.2357783,b827ebf7d096,e78f135624ce,-71,16.855353623,8.471789436,1.848545121,0.025969919,0.00348496,-0.999,0.48459356,0.006454879,0.021454879,0.006454879,-0.48459356,-0.004
1581249741.142752,b827ebf7d096,e78f135624ce,-72,16.058223658,8.530411395,1.884014758,-0.030267933,-0.003981009,-0.994732067,-0.433092781,-0.010196202,0.033535865,-0.009928269,0.435360714,-0.007248942
1581249741.5945983,b827ebf7d096,e78f135624ce,-70,15.671346506,8.420145919,1.910429256,0.00515035,0.012318065,-0.99527669,-0.442274475,-0.009,0.021318065,-0.00727669,0.44263613,-0.00715035
1581249742.0451825,b827ebf7d096,e78f135624ce,-69,15.191600692,8.401120032,1.840899973,-0.007939984,0.019080021,-0.996979995,-0.792479595,-0.012979995,0.017,-0.011959989,0.792479595,0.013040011
1581249742.4953792,b827ebf7d096,e78f135624ce,-74,14.758119239,8.355384047,1.879220394,0.000480263,0.012129934,-0.998,-0.791287831,-0.012129934,0.010259869,-0.011129934,0.791852798,0.002824836
1581249742.9513917,b827ebf7d096,e78f135624ce,-81,14.278215435,8.428182446,1.834214362,-0.026595213,0.016801596,-0.999,-0.932769679,-0.015,0.030198404,-0.014,0.933769679,0.014
1581249743.4110324,b827ebf7d096,e78f135624ce,-76,13.78122435,8.464763881,1.792546272,-0.021655076,0.020363432,-0.999,-0.978108805,-0.018,0.02178239,-0.017872686,0.979108805,0.019363432
1581249743.8690078,b827ebf7d096,e78f135624ce,-80,13.310476499,8.507648261,1.776308114,-0.013154057,0.017,-0.999,-0.647982295,-0.01345058,0.028747102,-0.01245058,0.647982295,0.018648261
1581249744.326864,b827ebf7d096,e78f135624ce,-75,12.8717734,8.525153325,1.778549525,0.020351425,0.011873812,-0.999,0.15095795,-0.001549525,0.042,-0.001549525,-0.151183188,0.009549525
1581249744.7839026,b827ebf7d096,e78f135624ce,-80,12.441297254,8.561880689,1.779,0.029124368,0.000373104,-0.999,0.731185048,0.006626896,0.036373104,0.006626896,-0.732185048,0.006875632
1581249745.2339065,b827ebf7d096,e78f135624ce,-89,12.005359837,8.563526728,1.806578879,0.034315515,-0.000263364,-0.999,0.910791397,0.012578879,0.036894393,0.012578879,-0.911370275,0.003263364
1581249745.686044,b827ebf7d096,e78f135624ce,-73,11.546385306,8.565054972,1.810923039,0.031989006,-0.004,-0.999,0.970890055,0.010989006,0.032989006,0.010989006,-0.971879061,0.006
1581249746.1410413,b827ebf7d096,e78f135624ce,-79,11.054547242,8.569664884,1.808332442,0.010670232,0.001335116,-0.998,0.500029411,0.005667558,0.049997326,0.006667558,-0.500029411,0.009332442
1581249746.5965014,b827ebf7d096,e78f135624ce,-80,10.540985295,8.572289484,1.815204674,-0.003747079,0.006602337,-0.999,0.001125905,0.004650584,0.029758763,0.004650584,-0.001125905,0.008650584
1581249747.0512497,b827ebf7d096,e78f135624ce,-79,10.004490505,8.531947619,1.804104761,-0.002078571,0.014,-0.999,-0.538299973,-0.007,0.007052381,-0.007,0.538299973,0.015
1581249747.50399,b827ebf7d096,e78f135624ce,-78,9.53091555,8.521188906,1.82001849,-0.002792604,0.009396302,-1.0,-0.848581207,-0.004792604,0.004792604,-0.004792604,0.848581207,0.009792604
1581249747.9642673,b827ebf7d096,e78f135624ce,-74,9.057313318,8.528332898,1.824665796,-0.007555265,0.011667102,-1.0,-0.951890774,-0.004222367,0.008332898,-0.004222367,0.951890774,0.011667102
1581249748.4194443,b827ebf7d096,e78f135624ce,-73,8.58185981,8.52072094,1.82172094,0.00572094,0.013,-1.0,-0.984302351,-0.00513953,-0.005581411,-0.00513953,0.984302351,0.013
1581249748.8741891,b827ebf7d096,e78f135624ce,-81,8.091369306,8.510413524,1.826462939,0.007,0.007,-1.0,-0.995024707,-0.010537061,-0.007,-0.010537061,0.995024707,0.007
1581249749.3289897,b827ebf7d096,e78f135624ce,-87,7.589593368,8.528317331,1.842341334,0.004670667,0.001493999,-1.0,-0.998164666,-0.009164666,-0.004670667,-0.009164666,0.998164666,0.001493999
1581249749.7826195,b827ebf7d096,e78f135624ce,-89,7.140595004,8.549879545,1.851671515,0.00179197,0.008751818,-1.0,-0.742401831,-0.009040152,0.004543788,-0.008248182,0.742401831,-0.000751818
1581249750.2340398,b827ebf7d096,e78f135624ce,-80,6.736866211,8.614387138,1.882355631,-0.012161415,0.014322831,-0.999,0.274783331,0.008548554,-0.008161415,0.008548554,-0.275396192,-0.011097108
1581249750.6947107,b827ebf7d096,e78f135624ce,-78,6.241862736,8.605,1.873346643,-0.008940604,0.012821812,-0.999,0.366793607,0.00970302,-0.025762416,0.00970302,-0.366734211,-0.00570302
1581249751.1455586,b827ebf7d096,e78f135624ce,-89,5.783942926,8.634120808,1.896474276,-0.01138367,0.020706936,-0.999,0.507630914,0.011353468,-0.015706936,0.011353468,-0.507307648,-0.016060404
1581249751.5964575,b827ebf7d096,e78f135624ce,-79,5.263855608,8.611607732,1.836700967,-0.0011029,0.018504833,-0.999,-0.053845358,-0.000495167,-0.008504833,-0.000495167,0.053845358,0.005
1581249752.0489783,b827ebf7d096,e78f135624ce,-78,4.80846525,8.588709284,1.854430239,0.014290716,0.016215119,-0.998,-0.026831039,0.000501945,0.029856587,0.001501945,0.025831039,-0.004358532
1581249752.5039651,b827ebf7d096,e78f135624ce,-87,4.29989479,8.559191383,1.8443191,0.01734045,0.01234045,-0.999,-0.685765146,-0.006106367,-0.003106367,-0.006553183,0.686318329,0.005446817
1581249752.9582722,b827ebf7d096,e78f135624ce,-91,3.796035207,8.573,1.852482774,0.005965548,0.004827591,-1.0,-0.89982744,-0.008344817,-0.001137957,-0.008344817,0.89982744,0.002172409
1581249753.8605933,b827ebf7d096,e78f135624ce,-95,2.810727657,8.561184459,1.843,-0.008223312,0.002592229,-1.0,-0.989223312,-0.011815541,0.008815541,-0.011815541,0.989223312,0.002592229
1581249754.3175795,b827ebf7d096,e78f135624ce,-84,2.301926699,8.552384477,1.856769314,-0.016230686,-0.001923105,-1.0,-0.996076895,-0.01,0.016230686,-0.01,0.997,-0.001923105
1581249754.7739794,b827ebf7d096,e78f135624ce,-83,1.820018952,8.526916465,1.852305488,-0.017389024,-0.001,-1.0,-0.998694512,-0.014,0.017389024,-0.014,0.999,-0.001
1581249755.2279432,b827ebf7d096,e78f135624ce,-101,1.368843985,8.528896,1.855,-0.031276,-0.002724,-0.999,-0.999,-0.013724,0.032,-0.013724,0.999276,-0.002448
1581249755.6883576,b827ebf7d096,e78f135624ce,-83,0.936314583,8.504593074,1.833472823,-0.018593074,0.006197691,-0.999934103,-0.999,-0.014868206,0.018593074,-0.014868206,1.0,0.006263589
