1581249732.9462109,000000000402,e78f135624ce,-72,17.885,8.433,1.848,0.024,-0.001,-1.0,0.999,0.029,0.024,0.029,-1.0,0.001
1581249734.3091905,000000000402,e78f135624ce,-76,17.850168947,8.445831053,1.847168947,0.005335158,0.005498632,-1.0,-0.702961692,-0.006332421,0.001166211,-0.006332421,0.701961692,0.005498632
1581249734.7691858,000000000402,e78f135624ce,-74,17.833668995,8.457501746,1.83982926,-0.000501746,0.009003492,-1.0,-0.905648044,-0.010832751,0.002501746,-0.010832751,0.905480795,0.009003492
1581249735.2282112,000000000402,e78f135624ce,-74,17.820619236,8.471221782,1.838158982,-0.008380764,0.010380764,-1.0,-0.969602545,-0.013,0.009380764,-0.012460255,0.969602545,0.010380764
1581249735.6782057,000000000402,e78f135624ce,-75,17.817,8.476994341,1.816966045,-0.007994341,0.022011318,-1.0,-0.990016978,-0.012,0.007994341,-0.012,0.990011318,0.022011318
1581249736.132185,000000000402,e78f135624ce,-75,17.817,8.473972819,1.803675727,-0.003648546,0.024972819,-1.0,-0.996675727,-0.011324273,0.003648546,-0.011,0.996675727,0.024972819
1581249736.5861793,000000000402,e78f135624ce,-80,17.819652885,8.467347115,1.79330577,-0.000347115,0.028347115,-0.999,-0.999,-0.011,-0.000652885,-0.011,0.998347115,0.028347115
1581249737.042202,000000000402,e78f135624ce,-79,17.816,8.481131968,1.785901024,-0.010065984,0.030032992,-0.999,-0.999032992,-0.011,0.010065984,-0.01,0.999,0.030032992
1581249737.501204,000000000402,e78f135624ce,-70,17.817330719,8.478338561,1.791669281,-0.005338561,0.024,-0.999,-1.0,-0.01,0.005338561,-0.009669281,0.999,0.024
1581249737.9522078,000000000402,e78f135624ce,-73,17.820973975,8.44882082,1.809615615,0.011358359,0.013794795,-0.999,-1.0,-0.011205205,-0.011358359,-0.011,1.0,0.013794795
1581249738.4121883,000000000402,e78f135624ce,-74,17.772605293,8.453947379,1.831578931,-0.001355267,0.002828957,-1.0,-0.91756575,-0.011881578,0.000355267,-0.011881578,0.91756575,0.002828957
1581249738.8702037,000000000402,e78f135624ce,-77,17.645627633,8.429117239,1.844351718,-2.7578e-05,0.002882761,-1.0,-0.766337861,-0.01055862,0.007351718,-0.01055862,0.766337861,0.00144138
1581249739.327177,000000000402,e78f135624ce,-73,17.43374775,8.399780556,1.822,0.018178836,0.019861772,-0.999,-0.670088618,-0.010089418,-0.012227646,-0.011089418,0.670088618,0.018317063
1581249739.78718,000000000402,e78f135624ce,-75,17.151455602,8.437653228,1.848046376,0.008,0.006346772,-0.999,-0.229866931,-0.004913307,-0.007520158,-0.004913307,0.228953624,-0.000479842
1581249740.2381828,000000000402,e78f135624ce,-90,16.853550283,8.472069956,1.848485009,0.026009994,0.003504997,-0.999,0.487799498,0.006514991,0.021514991,0.006514991,-0.487799498,-0.004
1581249740.6931796,000000000402,e78f135624ce,-69,16.484223176,8.462671228,1.87461009,0.01890979,-0.00148012,-0.99887003,0.025255243,-0.00238991,0.009790509,-0.00238991,-0.025255243,-0.01035015
1581249741.146171,000000000402,e78f135624ce,-75,16.054962308,8.530174684,1.885093108,-0.030241632,-0.004375527,-0.994758368,-0.438090012,-0.010275105,0.033483263,-0.010033474,0.440331644,-0.007617159
1581249741.5971584,000000000402,e78f135624ce,-74,15.668806063,8.421406294,1.908873481,0.00455955,0.012771012,-0.995237303,-0.443160676,-0.009,0.021771012,-0.007237303,0.443542024,-0.00655955
1581249742.049872,000000000402,e78f135624ce,-78,15.187274585,8.399168947,1.841440157,-0.007436599,0.018911969,-0.996982394,-0.793066867,-0.013017606,0.016630268,-0.012,0.793084473,0.01285915
1581249742.4981992,000000000402,e78f135624ce,-76,14.75508772,8.356065551,1.878938393,0.000292262,0.012176935,-0.998,-0.792838841,-0.012176935,0.010353869,-0.011176935,0.793427308,0.002942336
1581249742.953167,000000000402,e78f135624ce,-78,14.27621826,8.428345179,1.834081217,-0.026639594,0.016786802,-0.999,-0.933050763,-0.015,0.030213198,-0.014,0.934050763,0.014
1581249743.4131615,000000000402,e78f135624ce,-78,13.778751346,8.464665616,1.792218721,-0.021442169,0.02044532,-0.999,-0.978223448,-0.018,0.021553105,-0.017889064,0.979223448,0.01944532
1581249743.8721611,000000000402,e78f135624ce,-71,13.307274665,8.50772103,1.775968525,-0.012984263,0.017,-0.999,-0.644537898,-0.013426323,0.028868384,-0.012426323,0.644537898,0.01872103
1581249744.330181,000000000402,e78f135624ce,-74,12.868915783,8.525510527,1.778498496,0.020504512,0.01174624,-0.999,0.157183472,-0.001498496,0.042,-0.001498496,-0.157434224,0.009498496
1581249744.786158,000000000402,e78f135624ce,-64,12.43877526,8.562065225,1.779,0.029103864,0.000311592,-0.999,0.733132929,0.006688408,0.036311592,0.006688408,-0.734132929,0.006896136
1581249745.2374783,000000000402,e78f135624ce,-67,12.001301028,8.563721551,1.806546408,0.034185633,-0.000360775,-0.999,0.91170057,0.012546408,0.036732041,0.012546408,-0.912246978,0.003360775
1581249745.6891606,000000000402,e78f135624ce,-78,11.543107145,8.564928301,1.811,0.032086039,-0.00402868,-0.999,0.971100379,0.011,0.033071699,0.011,-0.972100379,0.00601434
1581249746.1432014,000000000402,e78f135624ce,-75,11.052479746,8.569634026,1.808317013,0.010731948,0.001365974,-0.998,0.50053857,0.005682987,0.049951039,0.006682987,-0.50053857,0.009317013
1581249746.599174,000000000402,e78f135624ce,-76,10.538198081,8.572633113,1.81505195,-0.003842531,0.006525975,-0.999,0.006814875,0.004631494,0.029472406,0.004631494,-0.006814875,0.008631494
1581249747.507162,000000000402,e78f135624ce,-69,9.527137793,8.521102392,1.82016268,-0.002734928,0.009367464,-1.0,-0.849994261,-0.004734928,0.004734928,-0.004734928,0.849994261,0.009734928
1581249747.9671607,000000000402,e78f135624ce,-69,9.05398585,8.528260562,1.824521124,-0.007507041,0.011739438,-1.0,-0.952204232,-0.004246479,0.008260562,-0.004246479,0.952204232,0.011739438
1581249748.422253,000000000402,e78f135624ce,-81,8.57909445,8.520764149,1.821764149,0.005764149,0.013,-1.0,-0.984410373,-0.005117925,-0.005646224,-0.005117925,0.984410373,0.013
1581249748.8771467,000000000402,e78f135624ce,-71,8.088366225,8.51025427,1.826394687,0.007,0.007,-1.0,-0.995070209,-0.010605313,-0.007,-0.010605313,0.995070209,0.007
1581249749.3321543,000000000402,e78f135624ce,-77,7.586428841,8.528512071,1.842243964,0.004621982,0.001567027,-1.0,-0.998189009,-0.009189009,-0.004621982,-0.009189009,0.998189009,0.001567027
1581249749.7851276,000000000402,e78f135624ce,-75,7.138525767,8.550193066,1.852005937,0.001812871,0.008877226,-1.0,-0.735629783,-0.008935645,0.004690097,-0.008122774,0.735629783,-0.000877226
1581249750.2371366,000000000402,e78f135624ce,-75,6.733924231,8.614412945,1.882845962,-0.012238836,0.014477672,-0.999,0.280435031,0.008651781,-0.008238836,0.008651781,-0.281022086,-0.011303563
1581249750.6971426,000000000402,e78f135624ce,-77,6.239086349,8.605,1.873123721,-0.008920338,0.012761015,-0.999,0.363652439,0.009601692,-0.025681353,0.009601692,-0.363572777,-0.005601692
1581249751.1481435,000000000402,e78f135624ce,-79,5.781855097,8.634359418,1.896752654,-0.011483091,0.020786473,-0.999,0.510852137,0.011393236,-0.015786473,0.011393236,-0.510548755,-0.016179709
1581249751.599137,000000000402,e78f135624ce,-75,5.260537047,8.611442835,1.836680354,-0.001041063,0.018401772,-0.999,-0.057143308,-0.000598228,-0.008401772,-0.000598228,0.057143308,0.005
1581249752.0521383,000000000402,e78f135624ce,-74,4.804989247,8.589183284,1.854272239,0.013816716,0.016136119,-0.998,-0.036074047,0.000317612,0.029909254,0.001317612,0.035074047,-0.004226865
1581249752.5071292,000000000402,e78f135624ce,-74,4.29612429,8.559534155,1.844477303,0.017261349,0.012261349,-0.999,-0.688375492,-0.006159101,-0.003159101,-0.00657955,0.688955042,0.00542045
1581249752.961144,000000000402,e78f135624ce,-74,3.792708758,8.573,1.85241098,0.005821961,0.00480366,-1.0,-0.900497516,-0.00839268,-0.001018301,-0.00839268,0.900497516,0.00219634
1581249754.3215497,000000000402,e78f135624ce,-86,2.297926017,8.552537175,1.856677695,-0.016322305,-0.001892565,-1.0,-0.996107435,-0.01,0.016322305,-0.01,0.997,-0.001892565
1581249754.777125,000000000402,e78f135624ce,-71,1.816272996,8.526830679,1.852276893,-0.017446214,-0.001,-1.0,-0.998723107,-0.014,0.017446214,-0.014,0.999,-0.001
1581249755.2312803,000000000402,e78f135624ce,-73,1.364869745,8.528774649,1.855,-0.031306338,-0.002693662,-0.999,-0.999,-0.013693662,0.032,-0.013693662,0.999306338,-0.002387324
1581249755.691111,000000000402,e78f135624ce,-79,0.934131455,8.504416064,1.833630165,-0.018416064,0.006138688,-0.999953771,-0.999,-0.014907541,0.018416064,-0.014907541,1.0,0.006184917
1581249756.1433387,000000000402,e78f135624ce,-77,0.613672081,8.490774921,1.836549842,0.011675237,0.005225079,-1.0,-0.999,-0.014,-0.011675237,-0.014,1.0,0.004612539
1581249757.049105,000000000402,e78f135624ce,-85,0.289372447,8.438292751,1.867707249,0.040676812,-0.003,-0.999,-0.999,-0.017646376,-0.040676812,-0.017323188,1.0,-0.004
