1581249732.9415135,000000000101,e78f135624ce,-81,17.885,8.433,1.848,0.024,-0.001,-1.0,0.999,0.029,0.024,0.029,-1.0,0.001
1581249733.4004953,000000000101,e78f135624ce,-88,17.892605663,8.441868554,1.849605663,0.022868554,0.001737109,-0.999131446,1.0,0.028,0.022868554,0.028,-0.999,0.000131446
1581249733.8514764,000000000101,e78f135624ce,-85,17.876068107,8.43847446,1.851982973,0.016542567,-0.000491487,-1.0,-0.054531123,0.00605108,0.004508513,0.00605108,0.054022609,-0.000491487
1581249734.7674873,000000000101,e78f135624ce,-84,17.833730758,8.457548068,1.839721174,-0.000548068,0.009096137,-1.0,-0.905153936,-0.010817311,0.002548068,-0.010817311,0.904971247,0.009096137
1581249736.58552,000000000101,e78f135624ce,-89,17.819657594,8.467342406,1.793315187,-0.000342406,0.028342406,-0.999,-0.999,-0.011,-0.000657594,-0.011,0.998342406,0.028342406
1581249737.0424628,000000000101,e78f135624ce,-90,17.816,8.48113942,1.785895435,-0.01006971,0.030034855,-0.999,-0.999034855,-0.011,0.01006971,-0.01,0.999,0.030034855
1581249738.4074774,000000000101,e78f135624ce,-78,17.773402524,8.454237281,1.831144078,-0.00146398,0.003082621,-1.0,-0.916514855,-0.01184534,0.00046398,-0.01184534,0.916514855,0.003082621
1581249738.8674655,000000000101,e78f135624ce,-76,17.646659737,8.429075113,1.844225338,0.000161992,0.002924887,-1.0,-0.764779173,-0.010537556,0.007225338,-0.010537556,0.764779173,0.001462444
1581249739.3254578,000000000101,e78f135624ce,-83,17.434633817,8.399502834,1.822,0.018284635,0.019927897,-0.999,-0.673394839,-0.010142317,-0.012214421,-0.011142317,0.673394839,0.018356738
1581249739.781457,000000000101,e78f135624ce,-83,17.155557089,8.437462461,1.847521768,0.008,0.006537539,-0.999,-0.230343848,-0.004865615,-0.007806309,-0.004865615,0.229478232,-0.000193691
1581249740.2334619,000000000101,e78f135624ce,-74,16.857090981,8.471519181,1.848603033,0.025931312,0.003465656,-0.999,0.481504923,0.006396967,0.021396967,0.006396967,-0.481504923,-0.004
1581249740.6884847,000000000101,e78f135624ce,-80,16.488370376,8.464275334,1.874727463,0.018635919,-0.001636618,-0.998909154,0.032102035,-0.002272537,0.010455626,-0.002272537,-0.032102035,-0.010545772
1581249741.1444676,000000000101,e78f135624ce,-74,16.056587184,8.530292618,1.88455585,-0.030254735,-0.00417897,-0.994745265,-0.435600282,-0.010235794,0.033509471,-0.009981059,0.437855018,-0.007433705
1581249741.5964558,000000000101,e78f135624ce,-81,15.669503277,8.42106039,1.909300457,0.004721692,0.012646702,-0.995248113,-0.442917461,-0.009,0.021646702,-0.007248113,0.443293405,-0.006721692
1581249742.047495,000000000101,e78f135624ce,-86,15.189095566,8.401004411,1.840996324,-0.007997795,0.01900294,-0.996999265,-0.793944131,-0.012999265,0.017,-0.01199853,0.793944131,0.01300147
1581249742.4964647,000000000101,e78f135624ce,-74,14.756952304,8.355646381,1.879111842,0.000407895,0.012148026,-0.998,-0.791884868,-0.012148026,0.010296053,-0.011148026,0.792458881,0.002870066
1581249742.9534752,000000000101,e78f135624ce,-78,14.275871451,8.428373437,1.834058097,-0.026647301,0.016784233,-0.999,-0.933099574,-0.015,0.030215767,-0.014,0.934099574,0.014
1581249743.8675094,000000000101,e78f135624ce,-78,13.311998012,8.507613682,1.776469486,-0.013234743,0.017,-0.999,-0.649619073,-0.013462106,0.028689469,-0.012462106,0.649619073,0.018613682
1581249744.3304772,000000000101,e78f135624ce,-70,12.868660463,8.525542442,1.778493937,0.020518189,0.011734842,-0.999,0.157739706,-0.001493937,0.042,-0.001493937,-0.157992737,0.009493937
1581249744.7854857,000000000101,e78f135624ce,-70,12.439527059,8.562010215,1.779,0.029109976,0.000329928,-0.999,0.732552271,0.006670072,0.036329928,0.006670072,-0.733552271,0.006890024
1581249745.2354689,000000000101,e78f135624ce,-76,12.00358443,8.563611947,1.806564675,0.034258702,-0.000305974,-0.999,0.911189088,0.012564675,0.036823377,0.012564675,-0.911753763,0.003305974
1581249745.687488,000000000101,e78f135624ce,-71,11.545085616,8.565003397,1.810995244,0.031999321,-0.004,-0.999,0.970993205,0.010999321,0.032999321,0.010999321,-0.971992526,0.006
1581249746.1394475,000000000101,e78f135624ce,-75,11.056072762,8.569687653,1.808343827,0.010624694,0.001312347,-0.998,0.499653723,0.005656173,0.05003148,0.006656173,-0.499653723,0.009343827
1581249746.5944428,000000000101,e78f135624ce,-80,10.543132021,8.572024819,1.815322303,-0.003673561,0.006661151,-0.999,-0.003255768,0.004665288,0.029979317,0.004665288,0.003255768,0.008665288
1581249747.052423,000000000101,e78f135624ce,-67,10.00336753,8.531930859,1.804138283,-0.002103712,0.014,-0.999,-0.539355904,-0.007,0.007069141,-0.007,0.539355904,0.015
1581249747.505475,000000000101,e78f135624ce,-71,9.529146918,8.521148403,1.820085995,-0.002765602,0.009382801,-1.0,-0.849242756,-0.004765602,0.004765602,-0.004765602,0.849242756,0.009765602
1581249747.965447,000000000101,e78f135624ce,-68,9.055956667,8.528303406,1.824606812,-0.007535604,0.011696594,-1.0,-0.952018575,-0.004232198,0.008303406,-0.004232198,0.952018575,0.011696594
1581249748.8724394,000000000101,e78f135624ce,-75,8.093145978,8.510507741,1.826503318,0.007,0.007,-1.0,-0.994997788,-0.010496682,-0.007,-0.010496682,0.994997788,0.007
1581249749.327473,000000000101,e78f135624ce,-76,7.591110186,8.528223989,1.842388006,0.004694003,0.001458996,-1.0,-0.998152999,-0.009152999,-0.004694003,-0.009152999,0.998152999,0.001458996
1581249749.7844183,000000000101,e78f135624ce,-77,7.139110936,8.550104404,1.851911364,0.00180696,0.008841761,-1.0,-0.737544882,-0.008965199,0.004648722,-0.008158239,0.737544882,-0.000841761
1581249750.2354488,000000000101,e78f135624ce,-65,6.735527609,8.614398881,1.882578732,-0.012196642,0.014393284,-0.999,0.277354857,0.008595522,-0.008196642,0.008595522,-0.277955976,-0.011191045
1581249750.6964393,000000000101,e78f135624ce,-68,6.239889324,8.605,1.873188194,-0.008926199,0.012778598,-0.999,0.364560914,0.009630997,-0.025704798,0.009630997,-0.364487113,-0.005630997
1581249751.1474144,000000000101,e78f135624ce,-65,5.782443972,8.634292118,1.896674137,-0.011455049,0.020764039,-0.999,0.509943587,0.01138202,-0.015764039,0.01138202,-0.509634596,-0.016146059
1581249751.5984077,000000000101,e78f135624ce,-64,5.261440284,8.611487716,1.836685964,-0.001057893,0.018429822,-0.999,-0.056245681,-0.000570178,-0.008429822,-0.000570178,0.056245681,0.005
1581249752.5024045,000000000101,e78f135624ce,-68,4.301754611,8.559022308,1.844241065,0.017379467,0.012379467,-0.999,-0.684477577,-0.006080355,-0.003080355,-0.006540178,0.685017754,0.005459822
1581249752.9564128,000000000101,e78f135624ce,-79,3.798189044,8.573,1.85252926,0.00605852,0.004843087,-1.0,-0.899393574,-0.008313827,-0.001215433,-0.008313827,0.899393574,0.002156913
1581249753.4114027,000000000101,e78f135624ce,-67,3.298187424,8.570604165,1.841597223,-0.003201388,0.006201388,-1.0,-0.967784728,-0.012201388,0.004402777,-0.012,0.967784728,0.005201388
1581249753.8623734,000000000101,e78f135624ce,-73,2.808838085,8.561157074,1.843,-0.008264389,0.002578537,-1.0,-0.989264389,-0.011842926,0.008842926,-0.011842926,0.989264389,0.002578537
1581249754.3204195,000000000101,e78f135624ce,-66,2.299064813,8.552493709,1.856703774,-0.016296226,-0.001901258,-1.0,-0.996098742,-0.01,0.016296226,-0.01,0.997,-0.001901258
1581249754.776419,000000000101,e78f135624ce,-72,1.817113728,8.526849933,1.852283311,-0.017433378,-0.001,-1.0,-0.998716689,-0.014,0.017433378,-0.014,0.999,-0.001
1581249755.6863987,000000000101,e78f135624ce,-79,0.937867668,8.504719,1.833360889,-0.018719,0.006239667,-0.999920111,-0.999,-0.014840222,0.018719,-0.014840222,1.0,0.006319556
1581249756.138388,000000000101,e78f135624ce,-89,0.61628891,8.490845646,1.836691292,0.011463061,0.005154354,-1.0,-0.999,-0.014,-0.011463061,-0.014,1.0,0.004577177
1581249756.5913815,000000000101,e78f135624ce,-68,0.404860471,8.466861574,1.860862678,0.031207087,-0.003965669,-0.999,-0.999,-0.018,-0.031207087,-0.017241417,1.0,-0.004207087
1581249757.047398,000000000101,e78f135624ce,-71,0.289702436,8.438338267,1.867661733,0.040665433,-0.003,-0.999,-0.999,-0.017669134,-0.040665433,-0.017334567,1.0,-0.004
