1581249732.946205,000000000401,e78f135624ce,-84,17.885,8.433,1.848,0.024,-0.001,-1.0,0.999,0.029,0.024,0.029,-1.0,0.001
1581249733.402177,000000000401,e78f135624ce,-77,17.892644474,8.441881491,1.849644474,0.022881491,0.001762983,-0.999118509,1.0,0.028,0.022881491,0.028,-0.999,0.000118509
1581249733.8521998,000000000401,e78f135624ce,-69,17.876023592,8.438491153,1.851994102,0.016514745,-0.000497051,-1.0,-0.056144775,0.006017694,0.004502949,0.006017694,0.055641826,-0.000497051
1581249734.309197,000000000401,e78f135624ce,-66,17.850168699,8.445831301,1.847168699,0.005334959,0.00549878,-1.0,-0.702965851,-0.00633252,0.00116626,-0.00633252,0.701965851,0.00549878
1581249734.7691953,000000000401,e78f135624ce,-74,17.833668648,8.457501486,1.839829867,-0.000501486,0.009002972,-1.0,-0.905650818,-0.010832838,0.002501486,-0.010832838,0.905483656,0.009002972
1581249735.228185,000000000401,e78f135624ce,-68,17.820619952,8.471220113,1.838159936,-0.008380048,0.010380048,-1.0,-0.969600161,-0.013,0.009380048,-0.012460016,0.969600161,0.010380048
1581249735.6782024,000000000401,e78f135624ce,-70,17.817,8.476994371,1.816966227,-0.007994371,0.022011258,-1.0,-0.990016887,-0.012,0.007994371,-0.012,0.990011258,0.022011258
1581249736.5861976,000000000401,e78f135624ce,-66,17.819652754,8.467347246,1.793305508,-0.000347246,0.028347246,-0.999,-0.999,-0.011,-0.000652754,-0.011,0.998347246,0.028347246
1581249737.0431857,000000000401,e78f135624ce,-73,17.816,8.481160074,1.785879944,-0.010080037,0.030040019,-0.999,-0.999040019,-0.011,0.010080037,-0.01,0.999,0.030040019
1581249737.502158,000000000401,e78f135624ce,-65,17.817322047,8.478355905,1.791677953,-0.005355905,0.024,-0.999,-1.0,-0.01,0.005355905,-0.009677953,0.999,0.024
1581249737.9531627,000000000401,e78f135624ce,-69,17.820934188,8.448852649,1.809639487,0.011294702,0.013786838,-0.999,-1.0,-0.011213162,-0.011294702,-0.011,1.0,0.013786838
1581249738.8681722,000000000401,e78f135624ce,-57,17.646393376,8.429085985,1.844257954,0.000113069,0.002914015,-1.0,-0.765181433,-0.010542992,0.007257954,-0.010542992,0.765181433,0.001457008
1581249739.3271828,000000000401,e78f135624ce,-58,17.433744801,8.39978148,1.822,0.018178484,0.019861552,-0.999,-0.670077614,-0.010089242,-0.01222769,-0.011089242,0.670077614,0.018316931
1581249739.7871916,000000000401,e78f135624ce,-64,17.15144723,8.437653617,1.848047447,0.008,0.006346383,-0.999,-0.229865957,-0.004913404,-0.007519574,-0.004913404,0.228952553,-0.000480426
1581249740.2381923,000000000401,e78f135624ce,-64,16.85354313,8.472071069,1.848484771,0.026010153,0.003505076,-0.999,0.487812213,0.006515229,0.021515229,0.006515229,-0.487812213,-0.004
1581249741.1461606,000000000401,e78f135624ce,-54,16.054972314,8.53017541,1.885089799,-0.030241712,-0.004374317,-0.994758288,-0.43807468,-0.010274863,0.033483424,-0.010033151,0.440316392,-0.007616029
1581249741.5971828,000000000401,e78f135624ce,-62,15.668781932,8.421418267,1.908858702,0.004553938,0.012775315,-0.995236929,-0.443169094,-0.009,0.021775315,-0.007236929,0.443550629,-0.006553938
1581249742.0482059,000000000401,e78f135624ce,-60,15.188530543,8.400501801,1.841119759,-0.007846708,0.018976048,-0.99699521,-0.79374611,-0.01300479,0.016899402,-0.012,0.7937509,0.012961677
1581249742.4981685,000000000401,e78f135624ce,-71,14.755120783,8.356058119,1.878941468,0.000294312,0.012176422,-0.998,-0.792821925,-0.012176422,0.010352844,-0.011176422,0.793410136,0.002941055
1581249742.954141,000000000401,e78f135624ce,-65,14.275122577,8.428434457,1.834008172,-0.026663943,0.016778686,-0.999,-0.933204971,-0.015,0.030221314,-0.014,0.934204971,0.014
1581249743.414142,000000000401,e78f135624ce,-60,13.777612601,8.464620368,1.792067894,-0.021344131,0.020483026,-0.999,-0.978276237,-0.018,0.021447526,-0.017896605,0.979276237,0.019483026
1581249744.3301501,000000000401,e78f135624ce,-74,12.868942281,8.525507215,1.778498969,0.020503092,0.011747423,-0.999,0.157125746,-0.001498969,0.042,-0.001498969,-0.157376261,0.009498969
1581249744.7861621,000000000401,e78f135624ce,-65,12.438770728,8.562065557,1.779,0.029103827,0.000311481,-0.999,0.73313643,0.006688519,0.036311481,0.006688519,-0.73413643,0.006896173
1581249745.2361858,000000000401,e78f135624ce,-62,12.002769742,8.563651052,1.806558158,0.034232632,-0.000325526,-0.999,0.911371578,0.012558158,0.03679079,0.012558158,-0.911929736,0.003325526
1581249745.6891623,000000000401,e78f135624ce,-67,11.543105143,8.564928225,1.811,0.03208613,-0.00402871,-0.999,0.971100485,0.011,0.033071775,0.011,-0.972100485,0.006014355
1581249746.1441333,000000000401,e78f135624ce,-66,11.05158771,8.569620712,1.808310356,0.010758576,0.001379288,-0.998,0.500758251,0.005689644,0.049931068,0.006689644,-0.500758251,0.009310356
1581249746.5991962,000000000401,e78f135624ce,-61,10.538174958,8.572635964,1.815050683,-0.003843323,0.006525341,-0.999,0.006862072,0.004631335,0.02947003,0.004631335,-0.006862072,0.008631335
1581249747.055143,000000000401,e78f135624ce,-68,10.000763991,8.531892,1.804216,-0.002162,0.014,-0.999,-0.541804008,-0.007,0.007108,-0.007,0.541804008,0.015
1581249747.507135,000000000401,e78f135624ce,-69,9.527170162,8.521103133,1.820161444,-0.002735422,0.009367711,-1.0,-0.849982153,-0.004735422,0.004735422,-0.004735422,0.849982153,0.009735422
1581249747.9671211,000000000401,e78f135624ce,-67,9.054031364,8.528261551,1.824523103,-0.007507701,0.011738449,-1.0,-0.952199944,-0.00424615,0.008261551,-0.00424615,0.952199944,0.011738449
1581249748.4231331,000000000401,e78f135624ce,-75,8.578227752,8.520777691,1.821777691,0.005777691,0.013,-1.0,-0.984444228,-0.005111154,-0.005666537,-0.005111154,0.984444228,0.013
1581249748.8771443,000000000401,e78f135624ce,-69,8.088368646,8.510254398,1.826394742,0.007,0.007,-1.0,-0.995070172,-0.010605258,-0.007,-0.010605258,0.995070172,0.007
1581249749.78512,000000000401,e78f135624ce,-68,7.138532061,8.550192112,1.852004919,0.001812807,0.008876845,-1.0,-0.735650383,-0.008935963,0.004689652,-0.008123155,0.735650383,-0.000876845
1581249750.2371387,000000000401,e78f135624ce,-63,6.733922192,8.614412963,1.882846301,-0.01223889,0.014477779,-0.999,0.280438947,0.008651853,-0.00823889,0.008651853,-0.281025984,-0.011303706
1581249750.697124,000000000401,e78f135624ce,-76,6.239107581,8.605,1.873125426,-0.008920493,0.01276148,-0.999,0.36367646,0.009602466,-0.025681973,0.009602466,-0.363596953,-0.005602466
1581249751.1481392,000000000401,e78f135624ce,-71,5.781858563,8.634359021,1.896752192,-0.011482926,0.02078634,-0.999,0.510846789,0.01139317,-0.01578634,0.01139317,-0.510543374,-0.016179511
1581249751.5991337,000000000401,e78f135624ce,-69,5.26054118,8.61144304,1.83668038,-0.00104114,0.0184019,-0.999,-0.0571392,-0.0005981,-0.0084019,-0.0005981,0.0571392,0.005
1581249752.053483,000000000401,e78f135624ce,-68,4.803510097,8.589384987,1.854205004,0.013615013,0.016102502,-0.998,-0.040007242,0.000239172,0.029931665,0.001239172,0.039007242,-0.004170837
1581249752.5071418,000000000401,e78f135624ce,-68,4.296109232,8.559535524,1.844477934,0.017261033,0.012261033,-0.999,-0.688385917,-0.006159311,-0.003159311,-0.006579656,0.688965572,0.005420344
1581249753.4131062,000000000401,e78f135624ce,-68,3.296418406,8.570564853,1.841623431,-0.003188284,0.006188284,-1.0,-0.967928871,-0.012188284,0.004376569,-0.012,0.967928871,0.005188284
1581249753.8631222,000000000401,e78f135624ce,-69,2.808043128,8.561145553,1.843,-0.008281671,0.002572776,-1.0,-0.989281671,-0.011854447,0.008854447,-0.011854447,0.989281671,0.002572776
1581249754.3200793,000000000401,e78f135624ce,-67,2.299407653,8.552480624,1.856711626,-0.016288374,-0.001903875,-1.0,-0.996096125,-0.01,0.016288374,-0.01,0.997,-0.001903875
1581249754.323056,000000000401,e78f135624ce,-75,2.296408103,8.552595111,1.856642934,-0.016357066,-0.001880978,-1.0,-0.996119022,-0.01,0.016357066,-0.01,0.997,-0.001880978
1581249754.7771194,000000000401,e78f135624ce,-76,1.816279527,8.526830829,1.852276943,-0.017446114,-0.001,-1.0,-0.998723057,-0.014,0.017446114,-0.014,0.999,-0.001
1581249755.2321022,000000000401,e78f135624ce,-71,1.363891021,8.528744764,1.855,-0.031313809,-0.002686191,-0.999,-0.999,-0.013686191,0.032,-0.013686191,0.999313809,-0.002372382
1581249756.5930867,000000000401,e78f135624ce,-75,0.40434892,8.466703237,1.861057554,0.031267986,-0.004014389,-0.999,-0.999,-0.018,-0.031267986,-0.017253597,1.0,-0.004267986
1581249757.0491061,000000000401,e78f135624ce,-80,0.289372216,8.438292719,1.867707281,0.04067682,-0.003,-0.999,-0.999,-0.01764636,-0.04067682,-0.01732318,1.0,-0.004
