1581249733.401701,000000000302,e78f135624ce,-76,17.892633487,8.441877829,1.849633487,0.022877829,0.001755658,-0.999122171,1.0,0.028,0.022877829,0.028,-0.999,0.000122171
1581249733.853983,000000000302,e78f135624ce,-78,17.875913861,8.438532302,1.852021535,0.016446163,-0.000510767,-1.0,-0.060122529,0.005935396,0.004489233,0.005935396,0.059633296,-0.000510767
1581249734.309674,000000000302,e78f135624ce,-68,17.85015035,8.44584965,1.84715035,0.00532028,0.00550979,-1.0,-0.703274115,-0.00633986,0.00116993,-0.00633986,0.702274115,0.00550979
1581249734.7696974,000000000302,e78f135624ce,-72,17.833650389,8.457487792,1.839861819,-0.000487792,0.008975584,-1.0,-0.905796887,-0.010837403,0.002487792,-0.010837403,0.905634289,0.008975584
1581249735.2246656,000000000302,e78f135624ce,-81,17.820715933,8.470996157,1.83828791,-0.008284067,0.010284067,-1.0,-0.969280224,-0.013,0.009284067,-0.012428022,0.969280224,0.010284067
1581249735.675674,000000000302,e78f135624ce,-81,17.817013638,8.476959087,1.81705455,-0.007986362,0.021986362,-1.0,-0.98994545,-0.012,0.007986362,-0.012,0.98994545,0.021986362
1581249736.1286821,000000000302,e78f135624ce,-79,17.817,8.47404788,1.803650707,-0.003698586,0.02504788,-1.0,-0.996650707,-0.011349293,0.003698586,-0.011,0.996650707,0.02504788
1581249736.5881479,000000000302,e78f135624ce,-68,17.819638823,8.467361177,1.793277647,-0.000361177,0.028361177,-0.999,-0.999,-0.011,-0.000638823,-0.011,0.998361177,0.028361177
1581249737.0449426,000000000302,e78f135624ce,-73,17.816,8.481210271,1.785842296,-0.010105136,0.030052568,-0.999,-0.999052568,-0.011,0.010105136,-0.01,0.999,0.030052568
1581249737.5032103,000000000302,e78f135624ce,-72,17.81731248,8.478375039,1.79168752,-0.005375039,0.024,-0.999,-1.0,-0.01,0.005375039,-0.00968752,0.999,0.024
1581249738.4096298,000000000302,e78f135624ce,-77,17.773038264,8.454104823,1.831342765,-0.001414309,0.00296672,-1.0,-0.916995015,-0.011861897,0.000414309,-0.011861897,0.916995015,0.00296672
1581249738.869654,000000000302,e78f135624ce,-69,17.645834862,8.429108781,1.844326343,1.0485e-05,0.002891219,-1.0,-0.766024902,-0.010554391,0.007326343,-0.010554391,0.766024902,0.001445609
1581249739.3282847,000000000302,e78f135624ce,-67,17.433176862,8.399959491,1.822,0.01811067,0.019819169,-0.999,-0.667958442,-0.010055335,-0.012236166,-0.011055335,0.667958442,0.018291501
1581249739.7837608,000000000302,e78f135624ce,-65,17.153906003,8.437539256,1.847732953,0.008,0.006460744,-0.999,-0.230151861,-0.004884814,-0.007691117,-0.004884814,0.229267047,-0.000308883
1581249740.2356377,000000000302,e78f135624ce,-66,16.855459123,8.471773025,1.848548637,0.025967575,0.003483788,-0.999,0.484406003,0.006451363,0.021451363,0.006451363,-0.484406003,-0.004
1581249740.6906319,000000000302,e78f135624ce,-66,16.486473683,8.463541707,1.874673783,0.018761172,-0.001565045,-0.998891261,0.028970702,-0.002326217,0.01015144,-0.002326217,-0.028970702,-0.010456306
1581249741.1466153,000000000302,e78f135624ce,-68,16.054538635,8.530143933,1.885233193,-0.030238215,-0.004426778,-0.994761785,-0.438739189,-0.010285356,0.03347643,-0.010047141,0.440977403,-0.007664993
1581249741.5976372,000000000302,e78f135624ce,-67,15.668331002,8.421641984,1.908582551,0.00444907,0.012855713,-0.995229938,-0.443326395,-0.009,0.021855713,-0.007229938,0.443711426,-0.00644907
1581249742.0496688,000000000302,e78f135624ce,-74,15.187427715,8.399331453,1.841401093,-0.007486601,0.018919781,-0.996983956,-0.793149683,-0.013016044,0.016663082,-0.012,0.793165726,0.01287165
1581249742.4986885,000000000302,e78f135624ce,-70,14.754561792,8.356183783,1.878889469,0.000259646,0.012185088,-0.998,-0.79310792,-0.012185088,0.010370177,-0.011185088,0.793700465,0.002962721
1581249742.955625,000000000302,e78f135624ce,-76,14.2734529,8.428570504,1.83389686,-0.026701047,0.016766318,-0.999,-0.933439962,-0.015,0.030233682,-0.014,0.934439962,0.014
1581249743.8695452,000000000302,e78f135624ce,-85,13.309930837,8.507660663,1.77625024,-0.01312512,0.017,-0.999,-0.647395294,-0.013446446,0.028767771,-0.012446446,0.647395294,0.018660663
1581249744.3306227,000000000302,e78f135624ce,-71,12.868535165,8.525558104,1.778491699,0.020524902,0.011729248,-0.999,0.158012677,-0.001491699,0.042,-0.001491699,-0.158266827,0.009491699
1581249744.7876353,000000000302,e78f135624ce,-65,12.437123434,8.56218609,1.779,0.029090434,0.000271303,-0.999,0.73440873,0.006728697,0.036271303,0.006728697,-0.73540873,0.006909566
1581249745.2376087,000000000302,e78f135624ce,-65,12.001152829,8.563728664,1.806545223,0.034180891,-0.000364332,-0.999,0.911733766,0.012545223,0.036726113,0.012545223,-0.912278989,0.003364332
1581249745.6896224,000000000302,e78f135624ce,-60,11.542552965,8.564907309,1.811,0.032111229,-0.004037076,-0.999,0.971129767,0.011,0.033092691,0.011,-0.972129767,0.006018538
1581249746.5955744,000000000302,e78f135624ce,-73,10.541951993,8.572170302,1.815257643,-0.003713973,0.006628822,-0.999,-0.000847218,0.004657205,0.029858081,0.004657205,0.000847218,0.008657205
1581249747.0545928,000000000302,e78f135624ce,-82,10.001290678,8.531899861,1.804200278,-0.002150209,0.014,-0.999,-0.541308765,-0.007,0.007100139,-0.007,0.541308765,0.015
1581249747.5075934,000000000302,e78f135624ce,-71,9.526624154,8.521090629,1.820182284,-0.002727086,0.009363543,-1.0,-0.850186385,-0.004727086,0.004727086,-0.004727086,0.850186385,0.009727086
1581249747.967644,000000000302,e78f135624ce,-67,9.053430084,8.52824848,1.82449696,-0.007498987,0.01175152,-1.0,-0.952256586,-0.004250507,0.00824848,-0.004250507,0.952256586,0.01175152
1581249748.8735578,000000000302,e78f135624ce,-67,8.092010351,8.510447519,1.826477508,0.007,0.007,-1.0,-0.995014995,-0.010522492,-0.007,-0.010522492,0.995014995,0.007
1581249749.3295379,000000000302,e78f135624ce,-66,7.589045244,8.528351062,1.842324469,0.004662235,0.001506648,-1.0,-0.998168883,-0.009168883,-0.004662235,-0.009168883,0.998168883,0.001506648
1581249749.7855787,000000000302,e78f135624ce,-70,7.138153619,8.550249452,1.852066082,0.00181663,0.008899781,-1.0,-0.734411845,-0.008916849,0.004716411,-0.008100219,0.734411845,-0.000899781
1581249750.2375555,000000000302,e78f135624ce,-69,6.733526274,8.614416436,1.882912288,-0.012249309,0.014498617,-0.999,0.281199527,0.008665745,-0.008249309,0.008665745,-0.281783091,-0.01133149
1581249750.6975489,000000000302,e78f135624ce,-73,6.238622529,8.605,1.87308648,-0.008916953,0.012750858,-0.999,0.363127679,0.009584764,-0.025667811,0.009584764,-0.363044632,-0.005584764
1581249751.1485658,000000000302,e78f135624ce,-81,5.781514058,8.634398393,1.896798126,-0.011499331,0.020799464,-0.999,0.511378311,0.011399732,-0.015799464,0.011399732,-0.511078177,-0.016199197
1581249751.5995653,000000000302,e78f135624ce,-75,5.260006738,8.611416484,1.83667706,-0.001031181,0.018385302,-0.999,-0.057670322,-0.000614698,-0.008385302,-0.000614698,0.057670322,0.005
1581249752.0525763,000000000302,e78f135624ce,-72,4.804507474,8.589248981,1.85425034,0.013751019,0.01612517,-0.998,-0.037355125,0.000292063,0.029916553,0.001292063,0.036355125,-0.004208616
1581249752.5045445,000000000302,e78f135624ce,-77,4.299204388,8.559254147,1.844348068,0.017325966,0.012325966,-0.999,-0.686243116,-0.006116023,-0.003116023,-0.006558011,0.686801127,0.005441989
1581249753.4135215,000000000302,e78f135624ce,-80,3.295987107,8.570555269,1.841629821,-0.00318509,0.00618509,-1.0,-0.967964013,-0.01218509,0.004370179,-0.012,0.967964013,0.00518509
1581249753.863528,000000000302,e78f135624ce,-81,2.807612368,8.56113931,1.843,-0.008291035,0.002569655,-1.0,-0.989291035,-0.01186069,0.00886069,-0.01186069,0.989291035,0.002569655
1581249754.3215144,000000000302,e78f135624ce,-75,2.297961574,8.552535818,1.856678509,-0.016321491,-0.001892836,-1.0,-0.996107164,-0.01,0.016321491,-0.01,0.997,-0.001892836
1581249754.7775128,000000000302,e78f135624ce,-77,1.815811034,8.5268201,1.852273367,-0.017453267,-0.001,-1.0,-0.998726633,-0.014,0.017453267,-0.014,0.999,-0.001
1581249755.231537,000000000302,e78f135624ce,-74,1.364563947,8.528765311,1.855,-0.031308672,-0.002691328,-0.999,-0.999,-0.013691328,0.032,-0.013691328,0.999308672,-0.002382656
1581249755.6884928,000000000302,e78f135624ce,-84,0.936207402,8.504584384,1.833480548,-0.018584384,0.006194795,-0.999935068,-0.999,-0.014870137,0.018584384,-0.014870137,1.0,0.006259726
1581249756.1405394,000000000302,e78f135624ce,-82,0.615151695,8.490814911,1.836629821,0.011555268,0.005185089,-1.0,-0.999,-0.014,-0.011555268,-0.014,1.0,0.004592545
1581249756.5934947,000000000302,e78f135624ce,-78,0.40422654,8.466665358,1.861104175,0.031282555,-0.004026044,-0.999,-0.999,-0.018,-0.031282555,-0.017256511,1.0,-0.004282555
1581249757.0495183,000000000302,e78f135624ce,-77,0.289292519,8.438281727,1.867718273,0.040679568,-0.003,-0.999,-0.999,-0.017640863,-0.040679568,-0.017320432,1.0,-0.004
