1581249732.9424384,b827ebfd7811,e78f135624ce,-79,17.885,8.433,1.848,0.024,-0.001,-1.0,0.999,0.029,0.024,0.029,-1.0,0.001
1581249733.4022074,b827ebfd7811,e78f135624ce,-71,17.892645173,8.441881724,1.849645173,0.022881724,0.001763449,-0.999118276,1.0,0.028,0.022881724,0.028,-0.999,0.000118276
1581249733.8544064,b827ebfd7811,e78f135624ce,-72,17.875887804,8.438542074,1.852028049,0.016429877,-0.000514025,-1.0,-0.061067106,0.005915853,0.004485975,0.005915853,0.06058113,-0.000514025
1581249734.7649426,b827ebfd7811,e78f135624ce,-76,17.83382329,8.457617468,1.839559242,-0.000617468,0.009234936,-1.0,-0.904413676,-0.010794177,0.002617468,-0.010794177,0.904207854,0.009234936
1581249735.2243211,b827ebfd7811,e78f135624ce,-73,17.820725329,8.470974233,1.838300438,-0.008274671,0.010274671,-1.0,-0.969248905,-0.013,0.009274671,-0.01242489,0.969248905,0.010274671
1581249735.6752598,b827ebfd7811,e78f135624ce,-72,17.817016596,8.476950213,1.817066382,-0.007983404,0.021983404,-1.0,-0.989933618,-0.012,0.007983404,-0.012,0.989933618,0.021983404
1581249736.1299877,b827ebfd7811,e78f135624ce,-73,17.817,8.474019903,1.803660032,-0.003679935,0.025019903,-1.0,-0.996660032,-0.011339968,0.003679935,-0.011,0.996660032,0.025019903
1581249737.0397365,b827ebfd7811,e78f135624ce,-76,17.816,8.481061526,1.785953856,-0.010030763,0.030015381,-0.999,-0.999015381,-0.011,0.010030763,-0.01,0.999,0.030015381
1581249737.4993086,b827ebfd7811,e78f135624ce,-70,17.817347951,8.478304099,1.791652049,-0.005304099,0.024,-0.999,-1.0,-0.01,0.005304099,-0.009652049,0.999,0.024
1581249737.950074,b827ebfd7811,e78f135624ce,-76,17.821062885,8.448749692,1.809562269,0.011500616,0.013812577,-0.999,-1.0,-0.011187423,-0.011500616,-0.011,1.0,0.013812577
1581249738.4101546,b827ebfd7811,e78f135624ce,-70,17.772949459,8.454072531,1.831391204,-0.001402199,0.002938464,-1.0,-0.917112077,-0.011865934,0.000402199,-0.011865934,0.917112077,0.002938464
1581249739.3228323,b827ebfd7811,e78f135624ce,-75,17.43598694,8.39907872,1.822,0.018446202,0.020028876,-0.999,-0.678443807,-0.010223101,-0.012194225,-0.011223101,0.678443807,0.018417326
1581249739.7827728,b827ebfd7811,e78f135624ce,-77,17.154614075,8.437506322,1.847642386,0.008,0.006493678,-0.999,-0.230234195,-0.004876581,-0.007740517,-0.004876581,0.229357614,-0.000259483
1581249740.2351816,b827ebfd7811,e78f135624ce,-71,16.855801194,8.471719814,1.84856004,0.025959973,0.003479987,-0.999,0.483797876,0.00643996,0.02143996,0.00643996,-0.483797876,-0.004
1581249740.6911402,b827ebfd7811,e78f135624ce,-69,16.486024676,8.463368035,1.874661076,0.018790823,-0.001548101,-0.998887025,0.028229418,-0.002338924,0.010079429,-0.002338924,-0.028229418,-0.010435126
1581249742.9502373,b827ebfd7811,e78f135624ce,-70,14.279514162,8.428076624,1.834300944,-0.026566352,0.016811216,-0.999,-0.932586896,-0.015,0.030188784,-0.014,0.933586896,0.014
1581249743.4102967,b827ebfd7811,e78f135624ce,-88,13.782078962,8.46479784,1.792659465,-0.021728652,0.020335134,-0.999,-0.978069187,-0.018,0.021861626,-0.017867027,0.979069187,0.019335134
1581249743.8697045,b827ebfd7811,e78f135624ce,-81,13.309769123,8.507664338,1.776233089,-0.013116544,0.017,-0.999,-0.647221329,-0.013445221,0.028773897,-0.012445221,0.647221329,0.018664338
1581249744.327496,b827ebfd7811,e78f135624ce,-78,12.871228867,8.525221392,1.778539801,0.020380596,0.011849503,-0.999,0.152144254,-0.001539801,0.042,-0.001539801,-0.152374354,0.009539801
1581249744.7826161,b827ebfd7811,e78f135624ce,-78,12.442735804,8.561775429,1.779,0.029136063,0.00040819,-0.999,0.730073973,0.00659181,0.03640819,0.00659181,-0.731073973,0.006863937
1581249745.2332158,b827ebfd7811,e78f135624ce,-91,12.006144722,8.563489053,1.806585158,0.034340631,-0.000244527,-0.999,0.910615582,0.012585158,0.036925789,0.012585158,-0.91120074,0.003244527
1581249745.6849582,b827ebfd7811,e78f135624ce,-83,11.547362488,8.56509375,1.810868751,0.03198125,-0.004,-0.999,0.970812501,0.01098125,0.03298125,0.01098125,-0.971793751,0.006
1581249746.1404567,b827ebfd7811,e78f135624ce,-80,11.055106789,8.569673236,1.808336618,0.010653529,0.001326764,-0.998,0.499891612,0.005663382,0.050009853,0.006663382,-0.499891612,0.009336618
1581249746.5969903,b827ebfd7811,e78f135624ce,-67,10.540475342,8.572352355,1.815176731,-0.003764543,0.006588366,-0.999,0.002166769,0.004647091,0.029706371,0.004647091,-0.002166769,0.008647091
1581249747.053791,b827ebfd7811,e78f135624ce,-73,10.002058116,8.531911315,1.80417737,-0.002133027,0.014,-0.999,-0.540587144,-0.007,0.007088685,-0.007,0.540587144,0.015
1581249747.9637513,b827ebfd7811,e78f135624ce,-76,9.057906647,8.528345797,1.824691593,-0.007563864,0.011654203,-1.0,-0.951834881,-0.004218068,0.008345797,-0.004218068,0.951834881,0.011654203
1581249748.4199967,b827ebfd7811,e78f135624ce,-87,8.581315893,8.520729439,1.821729439,0.005729439,0.013,-1.0,-0.984323598,-0.00513528,-0.005594159,-0.00513528,0.984323598,0.013
1581249748.873757,b827ebfd7811,e78f135624ce,-76,8.091808209,8.510436799,1.826472914,0.007,0.007,-1.0,-0.995018057,-0.010527086,-0.007,-0.010527086,0.995018057,0.007
1581249749.3296428,b827ebfd7811,e78f135624ce,-74,7.58894034,8.528357518,1.842321241,0.004660621,0.001509069,-1.0,-0.99816969,-0.00916969,-0.004660621,-0.00916969,0.99816969,0.001509069
1581249750.6936522,b827ebfd7811,e78f135624ce,-86,6.243071281,8.605,1.87344368,-0.008949425,0.012848276,-0.999,0.368160939,0.009747127,-0.025797702,0.009747127,-0.368110364,-0.005747127
1581249751.144526,b827ebfd7811,e78f135624ce,-77,5.784776941,8.634025492,1.896363074,-0.011343955,0.020675164,-0.999,0.506344148,0.011337582,-0.015675164,0.011337582,-0.506012939,-0.016012746
1581249751.5971506,b827ebfd7811,e78f135624ce,-79,5.262997253,8.611565081,1.836695635,-0.001086905,0.018478176,-0.999,-0.054698382,-0.000521824,-0.008478176,-0.000521824,0.054698382,0.005
1581249752.049455,b827ebfd7811,e78f135624ce,-83,4.807940991,8.588780774,1.854406409,0.014219226,0.016203204,-0.998,-0.028225091,0.000474143,0.02986453,0.001474143,0.027225091,-0.004338674
1581249752.5034347,b827ebfd7811,e78f135624ce,-84,4.300526947,8.559133914,1.844292576,0.017353712,0.012353712,-0.999,-0.685327498,-0.006097525,-0.003097525,-0.006548763,0.685876261,0.005451237
1581249752.9588687,b827ebfd7811,e78f135624ce,-87,3.795344233,8.573,1.852467861,0.005935722,0.00482262,-1.0,-0.899966629,-0.008354759,-0.001113102,-0.008354759,0.899966629,0.00217738
1581249753.4129374,b827ebfd7811,e78f135624ce,-86,3.296593698,8.570568749,1.841620834,-0.003189583,0.006189583,-1.0,-0.967914588,-0.012189583,0.004379166,-0.012,0.967914588,0.005189583
1581249753.8645864,b827ebfd7811,e78f135624ce,-79,2.806488901,8.561123028,1.843,-0.008315459,0.002561514,-1.0,-0.989315459,-0.011876972,0.008876972,-0.011876972,0.989315459,0.002561514
1581249754.3179631,b827ebfd7811,e78f135624ce,-81,2.301540133,8.552399232,1.856760461,-0.016239539,-0.001920154,-1.0,-0.996079846,-0.01,0.016239539,-0.01,0.997,-0.001920154
1581249754.7735214,b827ebfd7811,e78f135624ce,-92,1.820564392,8.526928956,1.852309652,-0.017380696,-0.001,-1.0,-0.998690348,-0.014,0.017380696,-0.014,0.999,-0.001
1581249755.228817,b827ebfd7811,e78f135624ce,-87,1.367803363,8.528864225,1.855,-0.031283944,-0.002716056,-0.999,-0.999,-0.013716056,0.032,-0.013716056,0.999283944,-0.002432112
1581249755.6888351,b827ebfd7811,e78f135624ce,-81,0.935935952,8.504562375,1.833500112,-0.018562375,0.006187458,-0.999937514,-0.999,-0.014875028,0.018562375,-0.014875028,1.0,0.006249944
1581249756.141147,b827ebfd7811,e78f135624ce,-80,0.614830594,8.490806232,1.836612465,0.011581303,0.005193768,-1.0,-0.999,-0.014,-0.011581303,-0.014,1.0,0.004596884
1581249756.5927908,b827ebfd7811,e78f135624ce,-83,0.404437683,8.466730712,1.86102374,0.031257419,-0.004005935,-0.999,-0.999,-0.018,-0.031257419,-0.017251484,1.0,-0.004257419
