1581249733.8541937,000000000202,e78f135624ce,-88,17.875900891,8.438537166,1.852024777,0.016438057,-0.000512389,-1.0,-0.06059269,0.005925668,0.004487611,0.005925668,0.060105078,-0.000512389
1581249734.7661984,000000000202,e78f135624ce,-78,17.833777627,8.45758322,1.839639153,-0.00058322,0.00916644,-1.0,-0.904778986,-0.010805593,0.00258322,-0.010805593,0.904584579,0.00916644
1581249735.226177,000000000202,e78f135624ce,-81,17.820674714,8.471092333,1.838232953,-0.008325286,0.010325286,-1.0,-0.969417619,-0.013,0.009325286,-0.012441762,0.969417619,0.010325286
1581249735.6762018,000000000202,e78f135624ce,-81,17.817009867,8.476970399,1.817039468,-0.007990133,0.021990133,-1.0,-0.989960532,-0.012,0.007990133,-0.012,0.989960532,0.021990133
1581249736.129331,000000000202,e78f135624ce,-81,17.817,8.474033973,1.803655342,-0.003689315,0.025033973,-1.0,-0.996655342,-0.011344658,0.003689315,-0.011,0.996655342,0.025033973
1581249736.589257,000000000202,e78f135624ce,-89,17.819630901,8.467369099,1.793261802,-0.000369099,0.028369099,-0.999,-0.999,-0.011,-0.000630901,-0.011,0.998369099,0.028369099
1581249737.499277,000000000202,e78f135624ce,-82,17.817348237,8.478303527,1.791651763,-0.005303527,0.024,-0.999,-1.0,-0.01,0.005303527,-0.009651763,0.999,0.024
1581249737.9502797,000000000202,e78f135624ce,-76,17.821054312,8.448756551,1.809567413,0.011486899,0.013810862,-0.999,-1.0,-0.011189138,-0.011486899,-0.011,1.0,0.013810862
1581249738.4102495,000000000202,e78f135624ce,-76,17.772933401,8.454066691,1.831399963,-0.001400009,0.002933355,-1.0,-0.917133245,-0.011866664,0.000400009,-0.011866664,0.917133245,0.002933355
1581249739.3242126,000000000202,e78f135624ce,-76,17.435275604,8.399301676,1.822,0.018361266,0.019975791,-0.999,-0.675789568,-0.010180633,-0.012204842,-0.011180633,0.675789568,0.018385475
1581249739.784204,000000000202,e78f135624ce,-78,17.153588362,8.43755403,1.847773582,0.008,0.00644597,-0.999,-0.230114926,-0.004888507,-0.007668955,-0.004888507,0.229226418,-0.000331045
1581249740.692182,000000000202,e78f135624ce,-79,16.48510434,8.463012056,1.874635028,0.0188516,-0.001513371,-0.998878343,0.026709995,-0.002364972,0.009931828,-0.002364972,-0.026709995,-0.010391714
1581249741.147213,000000000202,e78f135624ce,-78,16.053968507,8.530102553,1.885421703,-0.030233617,-0.004495745,-0.994766383,-0.439612772,-0.010299149,0.033467234,-0.010065532,0.441846389,-0.007729362
1581249741.5982182,000000000202,e78f135624ce,-65,15.667754446,8.421928027,1.908229467,0.004314987,0.01295851,-0.995220999,-0.443527519,-0.009,0.02195851,-0.007220999,0.443917019,-0.006314987
1581249742.0502243,000000000202,e78f135624ce,-68,15.187008943,8.398887041,1.841507923,-0.007349859,0.018898415,-0.996979683,-0.792923204,-0.013020317,0.016573345,-0.012,0.792943521,0.012837465
1581249742.5002217,000000000202,e78f135624ce,-71,14.752913525,8.356554324,1.878736142,0.000157428,0.012210643,-0.998,-0.79395122,-0.012210643,0.010421286,-0.011210643,0.794556541,0.003026608
1581249742.9512072,000000000202,e78f135624ce,-76,14.278423038,8.42816553,1.834228203,-0.026590599,0.016803134,-0.999,-0.932740461,-0.015,0.030196866,-0.014,0.933740461,0.014
1581249743.410328,000000000202,e78f135624ce,-72,13.782042684,8.464796398,1.79265466,-0.021725529,0.020336335,-0.999,-0.978070869,-0.018,0.021858262,-0.017867267,0.979070869,0.019336335
1581249743.870224,000000000202,e78f135624ce,-76,13.309241617,8.507676327,1.776177141,-0.013088571,0.017,-0.999,-0.646653861,-0.013441224,0.028793878,-0.012441224,0.646653861,0.018676327
1581249744.784224,000000000202,e78f135624ce,-74,12.440937883,8.561906984,1.779,0.029121446,0.000364339,-0.999,0.731462611,0.006635661,0.036364339,0.006635661,-0.732462611,0.006878554
1581249745.234209,000000000202,e78f135624ce,-77,12.005016026,8.563543231,1.806576128,0.034304513,-0.000271615,-0.999,0.91086841,0.012576128,0.036880641,0.012576128,-0.911444538,0.003271615
1581249745.6862204,000000000202,e78f135624ce,-74,11.54622652,8.565048671,1.81093186,0.031990266,-0.004,-0.999,0.970902657,0.010990266,0.032990266,0.010990266,-0.971892923,0.006
1581249746.1421807,000000000202,e78f135624ce,-75,11.053456672,8.569648607,1.808324304,0.010702786,0.001351393,-0.998,0.500297984,0.005675696,0.049972911,0.006675696,-0.500297984,0.009324304
1581249746.597196,000000000202,e78f135624ce,-78,10.540260768,8.572378809,1.815164974,-0.003771891,0.006582487,-0.999,0.002604733,0.004645622,0.029684326,0.004645622,-0.002604733,0.008645622
1581249747.0552135,000000000202,e78f135624ce,-63,10.000696672,8.531890995,1.80421801,-0.002163507,0.014,-0.999,-0.541867308,-0.007,0.007109005,-0.007,0.541867308,0.015
1581249747.5082412,000000000202,e78f135624ce,-71,9.525852703,8.521072963,1.820211729,-0.002715308,0.009357654,-1.0,-0.850474943,-0.004715308,0.004715308,-0.004715308,0.850474943,0.009715308
1581249747.9652042,000000000202,e78f135624ce,-75,9.056235784,8.528309474,1.824618947,-0.007539649,0.011690526,-1.0,-0.951992281,-0.004230175,0.008309474,-0.004230175,0.951992281,0.011690526
1581249748.8752282,000000000202,e78f135624ce,-77,8.090314294,8.510357576,1.826438961,0.007,0.007,-1.0,-0.995040693,-0.010561039,-0.007,-0.010561039,0.995040693,0.007
1581249749.788601,000000000202,e78f135624ce,-73,7.135660307,8.550627226,1.852469041,0.001841815,0.00905089,-1.0,-0.726251913,-0.008790925,0.004892706,-0.00794911,0.726251913,-0.00105089
1581249750.2407072,000000000202,e78f135624ce,-68,6.730532198,8.6144427,1.8834113,-0.0123281,0.0146562,-0.999,0.286951303,0.0087708,-0.0083281,0.0087708,-0.287508603,-0.0115416
1581249750.6952903,000000000202,e78f135624ce,-70,6.241201031,8.605,1.873293513,-0.008935774,0.012807322,-0.999,0.366044962,0.00967887,-0.025743096,0.00967887,-0.365980736,-0.00567887
1581249751.146261,000000000202,e78f135624ce,-80,5.783375619,8.634185644,1.896549917,-0.011410685,0.020728548,-0.999,0.508506188,0.011364274,-0.015728548,0.011364274,-0.508188325,-0.016092822
1581249751.597322,000000000202,e78f135624ce,-77,5.262784952,8.611554532,1.836694316,-0.001082949,0.018471582,-0.999,-0.054909364,-0.000528418,-0.008471582,-0.000528418,0.054909364,0.005
1581249752.049244,000000000202,e78f135624ce,-77,4.808173092,8.588749124,1.854416959,0.014250876,0.016208479,-0.998,-0.027607914,0.000486452,0.029861014,0.001486452,0.026607914,-0.004347466
1581249752.5042243,000000000202,e78f135624ce,-73,4.299585956,8.559219459,1.844332058,0.017333971,0.012333971,-0.999,-0.685978954,-0.006110686,-0.003110686,-0.006555343,0.686534297,0.005444657
1581249752.9582834,000000000202,e78f135624ce,-77,3.796022227,8.573,1.852482494,0.005964988,0.004827498,-1.0,-0.899830055,-0.008345004,-0.00113749,-0.008345004,0.899830055,0.002172502
1581249753.4142127,000000000202,e78f135624ce,-82,3.295269349,8.570539319,1.841640454,-0.003179773,0.006179773,-1.0,-0.968022498,-0.012179773,0.004359546,-0.012,0.968022498,0.005179773
1581249753.8652174,000000000202,e78f135624ce,-72,2.805818971,8.561113318,1.843,-0.008330022,0.002556659,-1.0,-0.989330022,-0.011886682,0.008886682,-0.011886682,0.989330022,0.002556659
1581249754.775215,000000000202,e78f135624ce,-72,1.8185476,8.526882769,1.852294256,-0.017411487,-0.001,-1.0,-0.998705744,-0.014,0.017411487,-0.014,0.999,-0.001
1581249755.2282963,000000000202,e78f135624ce,-79,1.368423477,8.52888316,1.855,-0.03127921,-0.00272079,-0.999,-0.999,-0.01372079,0.032,-0.01372079,0.99927921,-0.00244158
1581249755.689269,000000000202,e78f135624ce,-73,0.935591915,8.50453448,1.833524907,-0.01853448,0.00617816,-0.999940613,-0.999,-0.014881227,0.01853448,-0.014881227,1.0,0.006237546
1581249756.1422381,000000000202,e78f135624ce,-73,0.614253795,8.490790643,1.836581286,0.011628071,0.005209357,-1.0,-0.999,-0.014,-0.011628071,-0.014,1.0,0.004604678
1581249756.5942352,000000000202,e78f135624ce,-74,0.404004382,8.466596594,1.861188807,0.031309002,-0.004047202,-0.999,-0.999,-0.018,-0.031309002,-0.0172618,1.0,-0.004309002
1581249757.0502362,000000000202,e78f135624ce,-76,0.289153729,8.438262583,1.867737417,0.040684354,-0.003,-0.999,-0.999,-0.017631292,-0.040684354,-0.017315646,1.0,-0.004
