1581251522.9793286,000000000401,e78f135624ce,-63,17.755379821,4.614100895,1.786860537,-0.008860537,-0.005,-1.002,0.997379821,0.021620179,-0.008860537,0.021620179,-1.002,0.000379821
1581251523.4313536,000000000401,e78f135624ce,-64,17.786760342,4.545645233,1.794926259,0.009870953,0.001944694,-1.000018435,0.999,0.02,0.009870953,0.02,-1.000018435,-0.002944694
1581251524.3393586,000000000401,e78f135624ce,-78,17.864780425,4.314404378,1.818508693,0.037508693,0.009,-0.999,0.999,0.016745654,0.037508693,0.016745654,-1.0,-0.008
1581251524.791362,000000000401,e78f135624ce,-73,17.885211673,4.246027128,1.827337855,0.040887382,0.009225236,-0.999,0.999,0.015,0.041774764,0.016,-1.0,-0.009225236
1581251525.2503426,000000000401,e78f135624ce,-64,17.903086865,4.201340748,1.82494209,0.043514477,0.007485523,-0.999,0.999,0.015514477,0.043514477,0.016,-1.0,-0.006485523
1581251525.7083566,000000000401,e78f135624ce,-63,17.908132786,4.178336069,1.830265573,0.043,0.009,-0.999,0.999,0.015,0.043,0.015867214,-1.0,-0.009
1581251526.1663232,000000000401,e78f135624ce,-77,17.909,4.166195907,1.836804093,0.042195907,0.010804093,-0.999,0.999,0.015,0.042195907,0.015,-1.0,-0.01
1581251526.623338,000000000401,e78f135624ce,-73,17.915994113,4.168502944,1.838005887,0.039,0.009502944,-0.999,0.999,0.014497056,0.039,0.015,-1.0,-0.009
1581251527.0733662,000000000401,e78f135624ce,-72,17.917859885,4.170299425,1.842140115,0.036140115,0.01,-0.999,0.999,0.014140115,0.036140115,0.014140115,-1.0,-0.01
1581251527.5304127,000000000401,e78f135624ce,-69,17.908636474,4.163636474,1.842212158,0.035,0.009,-0.999,0.999,0.013787842,0.035,0.014,-1.0,-0.008212158
1581251527.9843466,000000000401,e78f135624ce,-70,17.873248826,4.168706435,1.840338304,0.048338304,0.009,-0.999,0.999,0.014661696,0.048338304,0.014661696,-1.0,-0.008
1581251528.445372,000000000401,e78f135624ce,-69,17.823837804,4.172351425,1.824635058,0.06985132,0.003837804,-0.997,0.997013516,0.016,0.06985132,0.016,-0.999986484,-0.00185132
1581251528.89833,000000000401,e78f135624ce,-63,17.731577882,4.186951843,1.813253072,0.042445699,0.001301229,-0.998650614,0.998650614,0.014349386,0.042096314,0.014349386,-0.999650614,-0.000301229
1581251529.3573267,000000000401,e78f135624ce,-66,17.595926996,4.188005616,1.827335205,0.028659179,0.006,-0.999,0.999,0.013,0.028659179,0.013,-1.0,-0.006
1581251529.811366,000000000401,e78f135624ce,-68,17.444854249,4.186079465,1.833980134,0.024980134,0.007,-1.0,0.999019866,0.013980134,0.024980134,0.013980134,-1.0,-0.007
1581251530.2703214,000000000401,e78f135624ce,-68,17.271819104,4.171,1.834638094,0.026723812,0.006638094,-1.0,0.999638094,0.013361906,0.027085718,0.013723812,-1.0,-0.006638094
1581251530.7233162,000000000401,e78f135624ce,-59,17.089680801,4.167246384,1.836246384,0.020260848,0.01,-1.0,1.0,0.013507232,0.021014464,0.013507232,-1.0,-0.009246384
1581251531.1723287,000000000401,e78f135624ce,-62,16.894227686,4.157988681,1.83732956,0.01883522,0.01216478,-1.0,1.0,0.01383522,0.01967044,0.01383522,-1.0,-0.012
1581251531.6253655,000000000401,e78f135624ce,-65,16.692457976,4.151104141,1.837,0.020895859,0.010526035,-1.0,1.0,0.013,0.020895859,0.013,-1.0,-0.010526035
1581251532.0823245,000000000401,e78f135624ce,-69,16.484855814,4.134571359,1.83714288,0.034428641,0.00814288,-0.999,0.999,0.01314288,0.034428641,0.01314288,-1.0,-0.008
1581251532.5323346,000000000401,e78f135624ce,-57,16.280922359,4.121785387,1.838,0.050691021,0.009,-0.998261796,0.998261796,0.016738204,0.050952817,0.017738204,-1.0,-0.008
1581251532.9943838,000000000401,e78f135624ce,-65,16.076058723,4.124265843,1.835,0.055312209,0.006,-0.998,0.998,0.018,0.055312209,0.018578052,-1.0,-0.005
1581251533.4455216,000000000401,e78f135624ce,-62,15.887247133,4.138088573,1.835014762,0.031881903,0.007029524,-0.999,0.999,0.018,0.031881903,0.018,-1.0,-0.006029524
1581251533.9013426,000000000401,e78f135624ce,-65,15.672289201,4.135978634,1.823347577,-0.001914536,0.016978634,-0.999,0.23579474,0.013673789,0.035326211,0.014673789,-0.235468529,0.006631057
1581251534.3573205,000000000401,e78f135624ce,-57,15.485439112,4.120755129,1.827311218,0.023556089,0.011,-0.999,0.756407678,0.016311218,0.035622436,0.017,-0.757096461,-0.003622436
1581251534.8133545,000000000401,e78f135624ce,-58,15.300176194,4.105035958,1.819035958,0.018050341,0.016974829,-0.999,0.385841044,0.014007192,0.033014383,0.014010787,-0.386841044,0.005956851
1581251535.2694604,000000000401,e78f135624ce,-63,15.109534284,4.095805266,1.803013165,-0.013376303,0.023194734,-0.999,-0.367265499,0.010402633,0.038597367,0.011402633,0.366862866,0.018389468
1581251535.7273746,000000000401,e78f135624ce,-67,14.926261617,4.089926162,1.787711394,-0.021288606,0.027644303,-0.998,-0.540349331,0.008785232,0.045570465,0.010785232,0.540349331,0.023859071
1581251536.181342,000000000401,e78f135624ce,-68,14.743643175,4.076320118,1.770120412,-0.017160059,0.031679882,-0.998,-0.579879588,0.010839941,0.047359765,0.012679882,0.578879588,0.028679882
1581251536.6383147,000000000401,e78f135624ce,-75,14.532771958,4.098,1.758934791,-0.048532605,0.032,-0.998,-0.859434601,0.007,0.058934791,0.009,0.859967206,0.031
1581251537.0893211,000000000401,e78f135624ce,-61,14.341954215,4.098730603,1.751182651,-0.051365301,0.032634699,-0.998,-0.954374458,0.004817349,0.054365301,0.006,0.955374458,0.031817349
1581251537.5502982,000000000401,e78f135624ce,-63,14.134215071,4.117510843,1.742489157,-0.059877711,0.032877711,-0.998,-0.984388553,0.005,0.060877711,0.007,0.985388553,0.031877711
1581251538.0092885,000000000401,e78f135624ce,-76,13.923767945,4.136553847,1.738925641,-0.061462821,0.032074359,-0.997,-0.993462821,0.003074359,0.061925641,0.005074359,0.994925641,0.031537179
1581251538.921266,000000000401,e78f135624ce,-58,13.513744716,4.123497788,1.742750614,-0.027248403,0.027999508,-0.998750123,-0.836723581,0.002250369,0.033999508,0.003500246,0.836973459,0.027249386
1581251539.3822856,000000000401,e78f135624ce,-66,13.340088523,4.090292895,1.761602186,-0.004146448,0.027,-0.999,-0.281359557,0.008900547,0.03229836,0.009450273,0.281359557,0.016198907
1581251539.840284,000000000401,e78f135624ce,-66,13.194767925,4.081635926,1.79625437,0.00374563,0.020127185,-0.999,0.201872815,0.012,0.01474563,0.012,-0.202,0.002127185
1581251541.2002625,000000000401,e78f135624ce,-60,12.573180413,4.038187793,1.753865862,0.005946345,0.016160965,-0.999,-0.015036203,0.009946345,-0.006160965,0.009946345,0.015036203,0.017134138
1581251541.652273,000000000401,e78f135624ce,-64,12.391214991,4.057436197,1.768812066,0.007604022,0.005791956,-1.0,0.527415356,0.013208044,0.002208044,0.013208044,-0.527415356,0.007791956
1581251542.1112816,000000000401,e78f135624ce,-70,12.219564776,4.079020931,1.773020931,0.015288704,0.001577409,-1.0,0.851702997,0.014711296,0.013577409,0.014711296,-0.852414292,0.003133887
1581251542.5622845,000000000401,e78f135624ce,-74,12.070439668,4.100375712,1.794044537,0.015477732,0.006713361,-1.0,0.952375712,0.013,0.014573278,0.013,-0.952471259,-0.004713361
1581251543.014332,000000000401,e78f135624ce,-73,11.962378754,4.102,1.7920097,0.01649515,0.003,-1.0,0.984524249,0.014,0.01649515,0.014,-0.984524249,-0.002
1581251543.4722624,000000000401,e78f135624ce,-63,11.895303042,4.102691462,1.794382924,0.014154269,0.001845731,-1.0,0.995154269,0.015154269,0.014154269,0.015,-0.995154269,-0.001845731
1581251543.9242766,000000000401,e78f135624ce,-64,11.861267194,4.101866403,1.788866403,0.013226719,0.000546561,-1.0,0.998,0.014453439,0.013226719,0.014453439,-0.998,-0.000546561
1581251544.8282788,000000000401,e78f135624ce,-81,11.823935303,4.098935303,1.788935303,0.013032348,0.0,-1.0,1.0,0.015032348,0.013032348,0.015032348,-1.0,0.0
1581251545.2802873,000000000401,e78f135624ce,-82,11.814185349,4.101814651,1.792209767,0.011790233,0.002,-1.0,1.0,0.014395116,0.011790233,0.014395116,-1.0,-0.001604884
1581251545.7402852,000000000401,e78f135624ce,-68,11.803,4.110929823,1.802206139,0.011758772,0.004482456,-1.0,1.0,0.013241228,0.011758772,0.013241228,-1.0,-0.004482456
1581251546.1982567,000000000401,e78f135624ce,-74,11.828884476,4.199884476,1.826388687,-0.098171677,0.009749298,-0.911388893,0.818521263,0.025754913,0.087859001,0.015498596,-0.733160858,-0.014380264
1581251547.1092772,000000000401,e78f135624ce,-66,11.803894559,4.335567783,1.884685983,-0.262432217,0.005746234,-0.228713804,0.246728867,0.018701045,0.733539961,0.006746234,0.021195818,-0.016208577
1581251547.570282,000000000401,e78f135624ce,-78,11.754567497,4.401590141,1.852905417,-0.255630553,0.005,-0.039851246,0.091914301,-0.001063055,0.917054171,0.005063055,0.181779307,0.001031528
1581251548.024329,000000000401,e78f135624ce,-80,11.6843794,4.423514472,1.848495176,-0.184730122,0.003980704,-0.003,0.026961408,-0.003009648,0.972543416,0.003980704,0.159768714,0.002504824
1581251548.0272534,000000000401,e78f135624ce,-69,11.68377014,4.423587583,1.848470806,-0.190944568,0.003883222,-0.003,0.026766445,-0.003058389,0.972762749,0.003883222,0.166178123,0.002529194
1581251548.4772372,000000000401,e78f135624ce,-70,11.679763681,4.453224785,1.832662822,-0.366717547,0.003,0.024662822,0.027213252,-0.009112393,0.990337178,0.003887607,0.359054725,0.008112393
1581251548.9322624,000000000401,e78f135624ce,-69,11.663664342,4.465242213,1.824273361,-0.233605295,0.003757787,0.024726639,0.015937703,-0.011484426,0.996757787,0.004757787,0.231605295,0.008726639
1581251549.386241,000000000401,e78f135624ce,-69,11.641981119,4.467596224,1.831211329,-0.13681483,0.004403776,0.019192448,0.007788671,-0.006192448,0.999,0.004403776,0.13581483,0.004192448
1581251549.8363123,000000000401,e78f135624ce,-66,11.62496058,4.466,1.83598029,-0.07154147,0.00501971,0.01296058,0.00196058,-0.005,1.0,0.00501971,0.07154147,0.003
1581251550.289348,000000000401,e78f135624ce,-76,11.613629982,4.475779892,1.84885009,-0.290730523,0.002259964,-0.001,-0.004740036,-0.000259964,1.0,0.002259964,0.290730523,-0.001110054
1581251550.7392762,000000000401,e78f135624ce,-71,11.630701738,4.513616193,1.844850869,-0.072657821,0.005787283,0.029978042,0.002489021,-0.003787283,0.999,0.005787283,0.072870539,0.000574565
1581251551.1942546,000000000401,e78f135624ce,-80,11.637950244,4.570150662,1.837449895,-0.006947456,0.005,0.054400139,-0.00070007,-0.006850035,0.998,0.005,0.006947456,0.00470007
1581251551.6502328,000000000401,e78f135624ce,-71,11.647420161,4.657273734,1.832557028,-0.008247233,0.001511406,0.049420161,0.003442972,-0.009465783,0.998511406,0.002,0.008247233,0.005465783
1581251552.1032434,000000000401,e78f135624ce,-70,11.641400205,4.771248203,1.831700103,-0.024553235,0.004749743,0.046149949,0.002950359,-0.007850051,0.999,0.005599795,0.024553235,0.005149949
1581251552.5552568,000000000401,e78f135624ce,-73,11.591073071,4.896776248,1.782748866,0.021461118,0.009050227,0.066050227,-0.011726021,-0.004237443,0.996237443,0.009050227,-0.022223675,0.020050227
1581251553.0122344,000000000401,e78f135624ce,-73,11.541383854,4.990545311,1.778070834,0.439505341,0.016,0.071787891,-0.044979818,0.002444401,0.995404036,0.015595964,-0.442101304,0.012444401
1581251553.9212236,000000000401,e78f135624ce,-71,11.51893356,5.283167584,1.714720693,0.322904361,0.014345747,0.052196783,-0.030925518,0.009765976,0.996,0.01501862,-0.323558614,0.027747355
1581251554.3753452,000000000401,e78f135624ce,-80,11.459913255,5.441181448,1.752507472,0.443905297,0.015405783,0.054731807,-0.051246264,-0.008297108,0.996297108,0.016405783,-0.44631108,0.010028915
1581251554.8282337,000000000401,e78f135624ce,-68,11.453545704,5.605044222,1.763401185,0.436041259,0.016849556,0.047351037,-0.046501481,-0.004451333,0.996949852,0.016849556,-0.438091408,0.010899704
1581251555.2872264,000000000401,e78f135624ce,-78,11.472577058,5.77865938,1.80311471,0.388662889,0.012577058,0.050422942,-0.04388529,-0.003422942,0.997,0.013,-0.389662889,0.001731174
1581251555.7422445,000000000401,e78f135624ce,-65,11.472690092,5.963893362,1.790327477,0.575007562,0.018840654,0.078663738,-0.063504392,0.003168131,0.995168131,0.018672523,-0.578007562,0.008
1581251556.650263,000000000401,e78f135624ce,-68,11.598099628,6.296130112,1.746900372,0.869003718,0.024,0.041425279,-0.039900372,0.009524907,0.998,0.023524907,-0.870003718,0.014049814
1581251557.1032083,000000000401,e78f135624ce,-64,11.617972914,6.497644324,1.780138988,0.719707794,0.021,0.030583037,-0.027305061,0.001722025,0.998138988,0.021,-0.720707794,0.003277975
1581251557.5582209,000000000401,e78f135624ce,-68,11.6396075,6.709307081,1.783232083,0.221187922,0.01369625,0.032767917,-0.006624584,-0.002,0.999,0.01369625,-0.221187922,0.01230375
1581251558.0082371,000000000401,e78f135624ce,-70,11.644862176,6.907369601,1.792299136,0.184686692,0.012862176,0.04,-0.006586528,-0.005287392,0.999,0.013149568,-0.184686692,0.00956304
1581251558.4692168,000000000401,e78f135624ce,-69,11.648174357,7.110977457,1.808034871,0.1807559,0.012965129,0.039965129,-0.007860514,-0.009034871,0.999,0.012965129,-0.1807559,0.005965129
1581251558.9212413,000000000401,e78f135624ce,-74,11.649403914,7.320765176,1.814192173,-0.253656791,0.007211741,0.027211741,0.003980431,-0.011788259,0.999,0.007211741,0.253656791,0.011192173
1581251559.3772058,000000000401,e78f135624ce,-67,11.649,7.538183795,1.819257352,-0.764499967,-0.001257352,0.027257352,0.019772057,-0.019514705,0.999,-0.000514705,0.764757319,0.019514705
1581251559.8322084,000000000401,e78f135624ce,-75,11.64809618,7.746613913,1.82090382,-0.925403136,-0.00390382,0.03190382,0.02980764,-0.022,0.999,-0.003,0.925499317,0.022
1581251560.290564,000000000401,e78f135624ce,-58,11.648556783,7.950066304,1.823113567,-0.975454267,-0.006556783,0.03767035,0.03667035,-0.02,0.999,-0.005556783,0.975897484,0.02
1581251560.743569,000000000401,e78f135624ce,-70,11.653,8.138753304,1.82250453,-0.991330313,-0.005669687,0.045660627,0.044825783,-0.020330313,0.998834843,-0.00450453,0.992330313,0.021165157
1581251561.1945553,000000000401,e78f135624ce,-71,11.657,8.312894106,1.819224575,-0.995775425,-0.005775425,0.053775425,0.053775425,-0.022775425,0.998,-0.004775425,0.997,0.022775425
1581251561.6535878,000000000401,e78f135624ce,-66,11.657,8.453269006,1.815460291,-0.997460291,-0.004460291,0.057,0.057,-0.024539709,0.998,-0.003460291,0.999,0.024539709
1581251562.1041875,000000000401,e78f135624ce,-68,11.66,8.541445189,1.815160577,-0.998,-0.006,0.056919712,0.056919712,-0.022919712,0.998,-0.004080288,0.999080288,0.022919712
1581251562.554211,000000000401,e78f135624ce,-71,11.658670507,8.593034565,1.816,-0.998,-0.006670507,0.053,0.053,-0.023,0.998,-0.005,1.0,0.023
1581251563.4621763,000000000401,e78f135624ce,-67,11.658089029,8.643554855,1.816,-0.999,-0.004,0.051,0.051089029,-0.022,0.998,-0.003,1.0,0.022
1581251563.9181988,000000000401,e78f135624ce,-72,11.657572683,8.656145366,1.816,-0.999,-0.003572683,0.05,0.05,-0.023,0.998,-0.002572683,1.0,0.023
1581251564.3725836,000000000401,e78f135624ce,-67,11.681477403,8.658319621,1.771120703,-0.799710695,0.000240054,-0.032294715,-0.037054661,-0.059119351,0.943628423,3.9784e-05,0.848322326,0.057399189
1581251564.8325825,000000000401,e78f135624ce,-66,11.645864583,8.653126085,1.780765842,-0.672098088,0.000981988,-0.234100697,-0.238118709,-0.050216146,0.784854598,-0.002927951,0.880225478,0.046270182
1581251565.2892153,000000000401,e78f135624ce,-65,11.711529608,8.652983081,1.801033838,-0.227686997,0.00850423,-0.741842611,0.039211488,-0.017461932,0.3136447,-0.000983081,0.176005117,0.015974621
1581251565.7411985,000000000401,e78f135624ce,-65,11.741338566,8.614661434,1.813796861,-0.047374885,0.009864574,-0.916489688,0.642635885,0.003135426,0.130307172,0.008067713,-0.572990147,-6.7713e-05
1581251566.196175,000000000401,e78f135624ce,-66,11.754194822,8.590562676,1.812463215,0.014242502,0.007,-0.972584466,0.885801077,0.009463215,0.070610356,0.010731607,-0.864653936,-0.004
1581251566.6512003,000000000401,e78f135624ce,-64,11.762641436,8.558820718,1.812,0.036,0.007,-0.990820718,0.963513948,0.010410359,0.053948205,0.011,-0.957334666,-0.005
1581251567.1021974,000000000401,e78f135624ce,-65,11.773120677,8.556181016,1.813362032,0.038939661,0.007120677,-0.996060339,0.988181016,0.011060339,0.044818984,0.012,-0.986241354,-0.007060339
1581251567.561198,000000000401,e78f135624ce,-63,11.775408145,8.554479638,1.823295928,0.039408145,0.010295928,-0.998,0.995704072,0.011,0.040704072,0.012,-0.995704072,-0.009295928
1581251568.4691846,000000000401,e78f135624ce,-75,11.722128797,8.55256021,1.817663874,0.043103664,0.005775916,-0.999,0.998112042,0.012,0.043103664,0.012112042,-0.999,-0.004887958
1581251568.920137,000000000401,e78f135624ce,-76,11.638211956,8.534,1.812957327,0.058,0.000978663,-0.998,0.998,0.012,0.058,0.012,-1.0,2.1337e-05
1581251569.3771334,000000000401,e78f135624ce,-69,11.524344736,8.539359744,1.803820128,0.049280512,-0.004,-0.999,0.999,0.009820128,0.049280512,0.009820128,-1.0,0.004
1581251569.8341594,000000000401,e78f135624ce,-62,11.376183233,8.538653021,1.801836745,0.040326511,-0.005,-0.999,0.999,0.010836745,0.040326511,0.01,-1.0,0.006
1581251570.2841775,000000000401,e78f135624ce,-61,11.200829006,8.555840458,1.805,0.032579771,-0.003,-0.999,0.999,0.01,0.032579771,0.01,-1.0,0.003
1581251570.2871544,000000000401,e78f135624ce,-61,11.199638247,8.555890073,1.805,0.032554963,-0.003,-0.999,0.999,0.01,0.032554963,0.01,-1.0,0.003
1581251570.744182,000000000401,e78f135624ce,-62,11.014653327,8.5712608,1.806173867,0.0177392,-0.001,-1.0,1.0,0.008,0.0177392,0.008,-1.0,0.001
1581251571.2002165,000000000401,e78f135624ce,-74,10.829671368,8.577031801,1.814452298,0.00874205,-0.001515901,-1.0,1.0,0.011484099,0.00874205,0.011484099,-1.0,0.00225795
1581251571.6511364,000000000401,e78f135624ce,-63,10.616129369,8.579270979,1.815,0.006364511,0.002364511,-1.0,1.0,0.011364511,0.006364511,0.011364511,-1.0,-0.002364511
1581251572.1031485,000000000401,e78f135624ce,-65,10.413280714,8.627904758,1.820989974,-0.019969923,0.010989974,-0.999,0.067975026,0.003025064,0.024974936,0.004025064,-0.066980038,0.006979949
1581251572.5564342,000000000401,e78f135624ce,-66,10.179023735,8.628182897,1.818788598,-0.025211402,0.009788598,-0.999,0.455603374,0.006605701,-0.004451309,0.006605701,-0.455603374,0.001182897
1581251573.0077298,000000000401,e78f135624ce,-67,9.907012696,8.612801016,1.829199831,-0.003400508,0.014199831,-0.999,-0.144977994,0.005800169,-0.020199831,0.005600339,0.144977994,0.008399661
1581251573.4613938,000000000401,e78f135624ce,-70,9.628381924,8.616031827,1.829312115,-0.016656058,0.014828029,-0.999,-0.444809564,0.001,-0.011891683,0.000828029,0.444809564,0.012656058
1581251573.918632,000000000401,e78f135624ce,-68,9.378059916,8.602001816,1.835500908,-0.026,0.016,-0.999,-0.82445007,-0.002499092,0.016998184,-0.002499092,0.82445007,0.015499092
1581251574.370619,000000000401,e78f135624ce,-65,9.145408925,8.58327704,1.833240987,-0.012397534,0.014759013,-1.0,-0.943927892,-0.006,0.009397534,-0.005120493,0.943927892,0.014759013
1581251575.2761812,000000000401,e78f135624ce,-76,8.693836135,8.55057757,1.838,0.003,0.014294829,-1.0,-0.994294829,-0.004705171,-0.003,-0.004705171,0.993589657,0.014294829
1581251575.7311232,000000000401,e78f135624ce,-68,8.459862479,8.525360768,1.844,-0.015368656,0.013909808,-1.0,-0.997909808,-0.003180384,0.015368656,-0.003180384,0.997909808,0.013909808
1581251576.1821008,000000000401,e78f135624ce,-65,8.219182526,8.519678944,1.84,-0.032238592,0.015,-0.999,-0.999,-0.005,0.032238592,-0.005,0.999,0.015
1581251576.6374555,000000000401,e78f135624ce,-63,7.985628783,8.522203766,1.829963013,-0.038240753,0.01627774,-0.999,-0.999,-0.009,0.038240753,-0.008759247,1.0,0.016518494
1581251577.0941582,000000000401,e78f135624ce,-65,7.754580699,8.517389611,1.837651206,-0.035825603,0.011174397,-0.999,-0.999,-0.007087198,0.035825603,-0.007087198,1.0,0.012174397
1581251577.5451577,000000000401,e78f135624ce,-63,7.530622767,8.509130632,1.839869368,-0.02866329,0.011065316,-0.999467342,-0.999467342,-0.006467342,0.02866329,-0.005934684,1.0,0.011065316
1581251577.5481322,000000000401,e78f135624ce,-74,7.5288651,8.509022468,1.839977532,-0.028528085,0.011011234,-0.999494383,-0.999494383,-0.006494383,0.028528085,-0.005988766,1.0,0.011011234
1581251578.9091434,000000000401,e78f135624ce,-75,6.853303287,8.466206558,1.817460657,0.00769836,0.01569836,-1.0,-1.0,-0.013396721,-0.00769836,-0.013745901,1.0,0.01569836
1581251579.3671198,000000000401,e78f135624ce,-67,6.638066823,8.475036863,1.788,0.001766706,0.020870392,-0.999974078,-0.994375017,-0.019922235,-0.002922235,-0.019896314,0.993400939,0.020922235
1581251579.8191342,000000000401,e78f135624ce,-69,6.539576974,8.550884605,1.818538421,-0.001115395,0.016628202,-1.0,0.079832328,0.000769211,0.001884605,0.000769211,-0.079832328,0.000230789
1581251580.2701232,000000000401,e78f135624ce,-72,6.433472743,8.558593293,1.837582459,0.002241788,0.015780224,-1.0,0.679945142,0.010560447,0.004120894,0.010560447,-0.679945142,-0.009120894
1581251580.7231326,000000000401,e78f135624ce,-73,6.263282089,8.615110171,1.845572637,0.006255445,0.017524212,-0.999158596,0.860387397,0.015682808,0.008255445,0.015682808,-0.860387397,-0.014365616
1581251581.1811485,000000000401,e78f135624ce,-71,6.130706654,8.641850548,1.85859225,0.01044465,0.019,-0.99951845,0.955739849,0.0170369,0.01144465,0.0170369,-0.955739849,-0.01751845
1581251582.0891557,000000000401,e78f135624ce,-68,6.00925448,8.655204953,1.871434669,0.026,0.019614858,-0.999,0.994795047,0.017204953,0.026,0.017409906,-0.995590094,-0.018614858
1581251582.5431006,000000000401,e78f135624ce,-68,5.976887454,8.661290036,1.859645018,0.023766236,0.016822509,-0.999,0.998,0.015,0.023766236,0.015588745,-0.998411255,-0.016822509
1581251582.999185,000000000401,e78f135624ce,-69,5.95959596,8.645996416,1.852135875,0.026048876,0.015,-0.998954708,0.9892623,0.014954708,0.027588791,0.014954708,-0.989217009,-0.014909417
1581251583.4491332,000000000401,e78f135624ce,-68,6.023567931,8.672254345,1.835987758,-0.289637446,0.021343207,-0.869533173,0.202589245,-0.008639414,0.313726309,0.007449448,-0.074808832,0.014207345
1581251583.9001343,000000000401,e78f135624ce,-71,6.004122534,8.696559759,1.902839638,-0.724390346,0.016440241,-0.492854723,-0.150562776,0.035160362,0.731550708,0.024160362,0.655987932,-0.026720121
1581251584.3551497,000000000401,e78f135624ce,-72,5.90864838,8.67557335,1.87657335,-0.912778271,0.005286675,-0.161515128,-0.052791717,0.001501681,0.914778271,0.008358343,0.891204921,0.001498319
1581251584.8151262,000000000401,e78f135624ce,-67,5.84518849,8.65576814,1.85476814,-0.972021685,0.001442035,-0.043282734,-0.00842035,-0.01311593,0.97246372,0.002442035,0.965137615,0.01411593
1581251585.7181067,000000000401,e78f135624ce,-65,5.788272975,8.63750919,1.836254595,-0.996745405,-0.001,0.01549081,0.018745405,-0.017254595,0.996745405,-0.000745405,0.99649081,0.018
1581251586.1681976,000000000401,e78f135624ce,-65,5.774833265,8.633611088,1.829388912,-0.999,-0.002,0.019,0.02,-0.019611088,0.999,-0.001,0.998388912,0.020222177
1581251586.6210914,000000000401,e78f135624ce,-63,5.763,8.629895123,1.825895123,-1.0,-0.002,0.016052438,0.016052438,-0.020052438,0.999,-0.001052438,0.999052438,0.020052438
1581251587.0810966,000000000401,e78f135624ce,-86,5.76,8.642328361,1.825,-0.999,-0.002,0.031328361,0.03162521,-0.019296849,0.999,-0.001,1.0,0.019296849
1581251587.5322645,000000000401,e78f135624ce,-69,5.761259222,8.690184439,1.823740778,-0.999,-0.004740778,0.038222334,0.038222334,-0.02,0.999,-0.004,1.0,0.02
1581251587.9910982,000000000401,e78f135624ce,-74,5.768805355,8.757761585,1.83861071,0.096579294,0.005902678,0.029097322,0.002681257,-0.021,0.999,0.006805355,-0.096579294,-0.00261071
1581251588.8990645,000000000401,e78f135624ce,-63,5.785,8.999789091,1.848194727,0.907257637,0.015,0.006221091,-0.002415818,-0.012,1.0,0.015,-0.907062909,-0.010194727
1581251589.3591077,000000000401,e78f135624ce,-67,5.782244038,9.157631174,1.848877981,0.970779812,0.016,-0.001,0.002122019,-0.011,1.0,0.016,-0.970779812,-0.01
1581251589.8171496,000000000401,e78f135624ce,-87,5.77547167,9.331831515,1.84747167,0.99058499,0.017,-0.00152833,0.00252833,-0.00847167,1.0,0.017,-0.99058499,-0.00847167
1581251590.273115,000000000401,e78f135624ce,-70,5.767515879,9.513068688,1.845838626,0.997,0.018,-0.008645495,0.008645495,-0.008838626,1.0,0.018,-0.997161374,-0.008838626
1581251590.729134,000000000401,e78f135624ce,-68,5.755757415,9.698964254,1.845189354,0.998810646,0.017810646,-0.020621293,0.021431939,-0.009,1.0,0.016810646,-0.999,-0.009
1581251591.179096,000000000401,e78f135624ce,-68,5.743297047,9.905544291,1.839,0.620505513,0.015574262,-0.023425738,0.015297047,-0.012851476,1.0,0.015574262,-0.620505513,-0.003
1581251591.633101,000000000401,e78f135624ce,-63,5.738640346,10.140100057,1.825071931,-0.091173603,0.01,-0.015071931,0.004928069,-0.024928069,0.999,0.01,0.090245534,0.010784208
1581251592.0841148,000000000401,e78f135624ce,-82,5.72699088,10.351861216,1.804239098,-0.17616017,0.008660587,-0.017339413,-0.002357652,-0.030366772,0.999,0.007660587,0.175490463,0.016045598
1581251592.537078,000000000401,e78f135624ce,-79,5.723555464,10.555108461,1.802444536,-0.070553819,0.010722268,-0.014166804,0.0,-0.018444536,0.999,0.01,0.070276087,0.01
1581251592.9911022,000000000401,e78f135624ce,-76,5.600199549,10.771259819,1.700615802,-0.146674944,0.007902709,0.026665011,-0.038859594,0.009470429,0.993291874,0.003194582,0.144674944,0.040248758
1581251593.4500806,000000000401,e78f135624ce,-63,5.474880604,10.954880872,1.511256832,-0.111183872,0.008825683,0.031302733,-0.066110109,0.003908198,0.988,0.001412842,0.108596713,0.085238525
1581251593.903166,000000000401,e78f135624ce,-71,5.547751825,11.15489781,1.632226277,-0.018970803,0.008,-0.003547445,-0.031189781,-0.014189781,0.993226277,0.004226277,0.017970803,0.031
1581251594.3570755,000000000401,e78f135624ce,-77,5.589548737,11.376829006,1.554134234,-0.045496459,0.014,-0.007583137,-0.018697133,0.002389545,0.985,0.005,0.047635414,0.056307588
1581251594.8160977,000000000401,e78f135624ce,-89,5.658138324,11.601125632,1.699794414,0.393446704,0.018572335,-0.02,-9.6447e-05,9.6447e-05,0.984427665,0.009475888,-0.388922592,0.018434011
1581251595.278094,000000000401,e78f135624ce,-77,5.615392804,11.793911195,1.742348,0.246830411,0.0136088,-0.019825599,-0.022086399,0.0062608,0.993,0.0097392,-0.244700011,0.0105216
1581251595.731099,000000000401,e78f135624ce,-74,5.496396013,11.982405981,1.703964784,0.384693023,0.014,-0.012466445,-0.046434552,0.016300332,0.994,0.011,-0.382693023,0.025367442
1581251596.1871538,000000000401,e78f135624ce,-77,5.48651057,12.200078825,1.755440343,0.35796632,0.011452884,-0.015264421,-0.038112505,0.005337514,0.994641347,0.010452884,-0.354607667,0.003167324
1581251596.6430755,000000000401,e78f135624ce,-75,5.614171765,12.431901957,1.765757648,0.556196086,0.015861961,-0.043929413,0.015067452,0.002414117,0.993276078,0.013,-0.555196086,0.004966274
1581251597.0981348,000000000401,e78f135624ce,-66,5.635369939,12.622425246,1.762835671,0.168341093,0.007698597,-0.017931463,-0.005301403,0.001698597,0.997,0.006698597,-0.168108227,0.014232866
1581251597.5490668,000000000401,e78f135624ce,-70,5.64113698,12.808374125,1.740321061,0.070315099,0.004678939,0.000678939,-0.016394694,0.013357877,0.997321061,0.002678939,-0.070315099,0.026678939
1581251598.0012507,000000000401,e78f135624ce,-75,5.650980879,12.974384866,1.752750068,0.207192297,0.006807703,0.017480743,-0.018865338,0.00267304,0.998,0.005807703,-0.207288446,0.016576892
1581251598.4590864,000000000401,e78f135624ce,-62,5.634487767,13.145759938,1.845010703,0.191738532,0.007579511,0.032625382,-0.029045872,-0.034477064,0.993159021,0.012,-0.193579511,-0.018477064
1581251598.9110892,000000000401,e78f135624ce,-62,5.673154523,13.266467839,1.818424874,0.115047236,0.006,0.018527889,-0.018738191,-0.015107286,0.997210302,0.006789698,-0.116047236,0.003682412
1581251599.8210456,000000000401,e78f135624ce,-70,5.66798166,13.394819708,1.860477463,0.120253654,0.007,0.017225365,-0.020225365,-0.031045073,0.993954927,0.010522537,-0.12377619,-0.01256761
1581251600.28006,000000000401,e78f135624ce,-75,5.721126082,13.421951416,1.789679583,0.350932927,0.009,-0.001223249,-0.002912667,0.0021845,0.998,0.009864083,-0.351932927,0.01659225
1581251600.7370524,000000000401,e78f135624ce,-62,5.754178535,13.439383901,1.800973169,-0.428748216,-0.000383901,-0.009794634,-0.003589268,-0.011589268,0.999,0.000410732,0.428542849,0.019
1581251601.1920798,000000000401,e78f135624ce,-77,5.768794762,13.454897381,1.803205238,-0.796563335,-0.007551309,-0.140074291,-0.138074291,-0.035038215,0.976885356,-0.015692143,0.817677979,0.034692143
1581251602.0970438,000000000401,e78f135624ce,-65,5.820223541,13.285717605,1.816494063,-0.245635517,-0.003694115,-0.851011617,-0.693788332,-0.035141198,0.284388486,-0.029529427,0.812717861,0.015752968
1581251602.550024,000000000401,e78f135624ce,-65,5.857302283,13.352254798,1.780325116,-0.089674884,0.007697717,-0.950231966,-0.358462111,-0.017,0.113465751,-0.015302283,0.397136995,0.021488584
1581251603.0030537,000000000401,e78f135624ce,-65,5.84006964,13.36367088,1.83910756,-0.04408228,-0.0015886,-0.98350632,-0.480695918,-0.01483544,0.06365824,-0.01383544,0.494025038,0.0014114
1581251603.4550905,000000000401,e78f135624ce,-65,5.846902454,13.339036504,1.839231596,-0.011548773,0.005804908,-0.993097546,-0.329500304,-0.010451227,0.051707362,-0.01,0.332951531,0.005707362
1581251603.9120502,000000000401,e78f135624ce,-71,5.851306166,13.361169974,1.851081502,-0.008693834,0.002959249,-0.997,-0.166176943,-0.008,0.040653083,-0.008,0.166959249,0.003088472
1581251604.3730547,000000000401,e78f135624ce,-73,5.853891269,13.390732619,1.855752223,-0.019197858,0.003356508,-0.998,-0.303807399,-0.010732619,0.043089127,-0.010732619,0.304807399,0.000178254
1581251605.2820158,000000000401,e78f135624ce,-65,5.853398855,13.44402314,1.905624284,-0.034699428,-0.000924857,-0.997,-0.497104007,-0.009150286,0.056473998,-0.010075143,0.498104007,-0.003924857
1581251605.7320223,000000000401,e78f135624ce,-66,5.834192221,13.445596111,1.898788332,-0.025596111,-0.005403889,-0.998,-0.438905011,-0.011,0.044615557,-0.011,0.439203066,-0.001894166
1581251606.1830606,000000000401,e78f135624ce,-67,5.803773373,13.447408876,1.892352219,-0.003238905,-0.002238905,-0.999,0.26048816,0.000761095,0.031238905,0.000761095,-0.26048816,-0.003704438
1581251606.6440616,000000000401,e78f135624ce,-72,5.72605383,13.417,1.869337112,0.014779037,0.000926346,-0.998,0.438212473,0.003852691,0.049073654,0.003852691,-0.439138819,-0.000852691
1581251607.1020286,000000000401,e78f135624ce,-79,5.58197693,13.394730257,1.864288376,0.013730257,0.005288376,-0.998,0.222661046,0.002288376,0.054576752,0.002288376,-0.222949423,-0.005
1581251608.466017,000000000401,e78f135624ce,-74,5.023869603,13.3457764,1.8548882,-0.0472236,0.006,-0.998,-0.803909896,-0.0131118,0.057,-0.0125559,0.805465796,0.0035559
1581251608.9280305,000000000401,e78f135624ce,-71,4.819760404,13.333681519,1.851,-0.043945215,0.004736304,-0.999,-0.938482836,-0.015736304,0.047681519,-0.015736304,0.939482836,0.004
1581251609.3780177,000000000401,e78f135624ce,-71,4.625948434,13.323393308,1.85,-0.024786615,0.004,-0.999868897,-0.980082282,-0.015,0.025917718,-0.015,0.980213385,0.004
1581251610.28601,000000000401,e78f135624ce,-78,4.227585179,13.312897834,1.847,0.003897834,0.004897834,-1.0,-0.998,-0.012102166,-0.003897834,-0.012102166,0.998,0.004897834
1581251610.744034,000000000401,e78f135624ce,-76,4.025572149,13.316,1.844457169,-0.008085662,0.005771415,-1.0,-0.999,-0.013771415,0.008085662,-0.013771415,0.999,0.005771415
1581251611.2020338,000000000401,e78f135624ce,-71,3.826134835,13.326483366,1.814413307,-0.021896673,0.019103327,-0.999,-0.95057965,-0.021,0.021793346,-0.02,0.95057965,0.02134501
1581251611.6580007,000000000401,e78f135624ce,-82,3.637518945,13.350767348,1.810219242,-0.015671137,0.015890379,-0.999109621,-0.581102601,-0.016561516,0.021561516,-0.015561516,0.581102601,0.013671137
1581251612.1140218,000000000401,e78f135624ce,-71,3.443377691,13.362,1.808247735,-0.00699094,0.015,-1.0,-0.405093716,-0.013,0.008743205,-0.013,0.405093716,0.012
1581251612.564028,000000000401,e78f135624ce,-73,3.232854052,13.35565045,1.80765045,0.0036852,0.0153426,-1.0,-0.436053545,-0.01467825,-0.00934955,-0.01467825,0.436053545,0.0113426
1581251613.0150046,000000000401,e78f135624ce,-75,3.02449817,13.345932728,1.80473091,0.010201817,0.019,-0.999932728,-0.458010854,-0.013403635,-0.012336362,-0.013403635,0.458010854,0.01126909
1581251614.3700082,000000000401,e78f135624ce,-71,2.389683785,13.328406456,1.797582783,-0.012,0.014406456,-1.0,-0.980812913,-0.017802152,0.011197848,-0.017802152,0.980812913,0.015208609
1581251614.8219957,000000000401,e78f135624ce,-70,2.211701714,13.32517226,1.778304623,-0.010433818,0.021652312,-0.999,-0.993695377,-0.02,0.009781507,-0.019,0.993695377,0.021652312
1581251615.2803843,000000000401,e78f135624ce,-77,2.044129931,13.343927877,1.789903836,-0.023951918,0.012048082,-0.999,-0.997,-0.019975959,0.023951918,-0.019975959,0.997975959,0.012072123
1581251615.7373009,000000000401,e78f135624ce,-71,1.900934745,13.386004661,1.788327119,-0.046336441,0.010336441,-0.99833178,-0.998,-0.021,0.046336441,-0.021,0.999,0.011336441
1581251616.188995,000000000401,e78f135624ce,-69,1.744456997,13.412615889,1.776262245,-0.056646356,0.012030466,-0.998,-0.998,-0.022353644,0.056323178,-0.021676822,0.999,0.013030466
1581251616.6459901,000000000401,e78f135624ce,-66,1.543167933,13.382192015,1.773983999,-0.051096008,0.015016001,-0.998,-0.998,-0.021,0.050112009,-0.020016001,0.999,0.016016001
1581251617.096982,000000000401,e78f135624ce,-68,1.347809161,13.393826472,1.778401309,-0.058700654,0.014299346,-0.997425164,-0.998,-0.023574836,0.058275491,-0.023,0.999,0.015299346
1581251617.5509586,000000000401,e78f135624ce,-72,1.148177912,13.40565951,1.793346626,-0.055312884,0.009217791,-0.997843558,-0.998,-0.021,0.054469325,-0.020156442,0.999,0.010217791
1581251618.0099847,000000000401,e78f135624ce,-71,0.971860832,13.458429749,1.80436562,-0.05826876,0.004,-0.998,-0.998,-0.02263438,0.05826876,-0.02263438,0.999,0.005
1581251618.462979,000000000401,e78f135624ce,-75,0.787408842,13.456390208,1.781911217,-0.044189258,0.007633175,-0.998,-0.998,-0.023633175,0.044189258,-0.024088783,0.999,0.008633175
1581251618.9189732,000000000401,e78f135624ce,-72,0.620081719,13.49,1.823685763,-0.051,-0.008594777,-0.996882898,-0.997,-0.020234204,0.051,-0.021117102,0.998882898,-0.007594777
1581251619.3729784,000000000401,e78f135624ce,-70,0.512897875,13.577435706,1.76715356,-0.065,-0.001974283,-0.996,-0.997,-0.019,0.065,-0.019743571,0.999,-0.000230712
1581251620.2820537,000000000401,e78f135624ce,-74,0.430012495,13.24428399,2.002157137,-0.022817874,-0.033433926,-0.988566074,-0.989566074,-0.017144642,0.023673232,-0.012855358,0.998855358,-0.032578568
