1581251522.974932,b827eb917e19,e78f135624ce,-83,17.755343182,4.61428409,1.786970454,-0.008970454,-0.005,-1.002,0.997343182,0.021656818,-0.008970454,0.021656818,-1.002,0.000343182
1581251523.4282916,b827eb917e19,e78f135624ce,-78,17.786454141,4.54646962,1.794832043,0.009706076,0.001874033,-1.000041989,0.999,0.02,0.009706076,0.02,-1.000041989,-0.002874033
1581251523.884444,b827eb917e19,e78f135624ce,-79,17.833207222,4.415757611,1.807103611,0.028862167,0.006241444,-1.0,0.999,0.018,0.028862167,0.018620722,-1.0,-0.006620722
1581251524.7874014,b827eb917e19,e78f135624ce,-85,17.884959634,4.246675228,1.827445871,0.040851376,0.009297248,-0.999,0.999,0.015,0.041702752,0.016,-1.0,-0.009297248
1581251525.2453701,b827eb917e19,e78f135624ce,-85,17.902815639,4.201837994,1.825122907,0.043469273,0.007530727,-0.999,0.999,0.015469273,0.043469273,0.016,-1.0,-0.006530727
1581251525.7039533,b827eb917e19,e78f135624ce,-90,17.908092756,4.178536221,1.830185512,0.043,0.009,-0.999,0.999,0.015,0.043,0.015907244,-1.0,-0.009
1581251526.164766,b827eb917e19,e78f135624ce,-79,17.909,4.166207029,1.836792971,0.042207029,0.010792971,-0.999,0.999,0.015,0.042207029,0.015,-1.0,-0.01
1581251526.6192904,b827eb917e19,e78f135624ce,-86,17.915936289,4.168531855,1.838063711,0.039,0.009531855,-0.999,0.999,0.014468145,0.039,0.015,-1.0,-0.009
1581251527.0696328,b827eb917e19,e78f135624ce,-81,17.917886552,4.17043276,1.842113448,0.036113448,0.01,-0.999,0.999,0.014113448,0.036113448,0.014113448,-1.0,-0.01
1581251527.524877,b827eb917e19,e78f135624ce,-84,17.908787445,4.163787445,1.842262482,0.035,0.009,-0.999,0.999,0.013737518,0.035,0.014,-1.0,-0.008262482
1581251527.9807694,b827eb917e19,e78f135624ce,-75,17.873755601,4.168467953,1.840308494,0.048308494,0.009,-0.999,0.999,0.014691506,0.048308494,0.014691506,-1.0,-0.008
1581251528.441924,b827eb917e19,e78f135624ce,-87,17.824252837,4.17204214,1.825056186,0.069831442,0.004014047,-0.997014047,0.997014047,0.016,0.069831442,0.016,-1.0,-0.002028093
1581251529.3526077,b827eb917e19,e78f135624ce,-86,17.597342701,4.187896715,1.827298905,0.02880438,0.006,-0.999,0.999,0.013,0.02880438,0.013,-1.0,-0.006
1581251529.8074744,b827eb917e19,e78f135624ce,-79,17.446248778,4.186209189,1.833947703,0.024947703,0.007,-1.0,0.999052297,0.013947703,0.024947703,0.013947703,-1.0,-0.007
1581251530.2654183,b827eb917e19,e78f135624ce,-76,17.273943773,4.171,1.834597235,0.02680553,0.006597235,-1.0,0.999597235,0.013402765,0.027208295,0.01380553,-1.0,-0.006597235
1581251530.7198327,b827eb917e19,e78f135624ce,-84,17.091132275,4.167217355,1.836217355,0.020347936,0.01,-1.0,1.0,0.013565291,0.021130582,0.013565291,-1.0,-0.009217355
1581251531.168557,b827eb917e19,e78f135624ce,-82,16.895852452,4.158162763,1.837387588,0.018806206,0.012193794,-1.0,1.0,0.013806206,0.019612412,0.013806206,-1.0,-0.012
1581251531.6215563,b827eb917e19,e78f135624ce,-74,16.694098867,4.151221348,1.837,0.020778652,0.010555337,-1.0,1.0,0.013,0.020778652,0.013,-1.0,-0.010555337
1581251532.0783103,b827eb917e19,e78f135624ce,-80,16.486615908,4.134663995,1.837112002,0.034336005,0.008112002,-0.999,0.999,0.013112002,0.034336005,0.013112002,-1.0,-0.008
1581251532.5286317,b827eb917e19,e78f135624ce,-81,16.282681228,4.121877959,1.838,0.050536734,0.009,-0.998292653,0.998292653,0.016707347,0.050829388,0.017707347,-1.0,-0.008
1581251532.990243,b827eb917e19,e78f135624ce,-83,16.077853094,4.124162321,1.835,0.055450238,0.006,-0.998,0.998,0.018,0.055450238,0.01861256,-1.0,-0.005
1581251533.441953,b827eb917e19,e78f135624ce,-76,15.888705054,4.137930877,1.835,0.032110597,0.007,-0.999,0.999,0.018013825,0.032110597,0.018013825,-1.0,-0.006
1581251533.897389,b827eb917e19,e78f135624ce,-78,15.673901091,4.136069873,1.823286751,-0.002279492,0.017069873,-0.999,0.228130661,0.013643376,0.035356624,0.014643376,-0.227774036,0.006783122
1581251534.809802,b827eb917e19,e78f135624ce,-94,15.301758644,4.105358907,1.819358907,0.01850247,0.016748765,-0.999,0.402376038,0.014071781,0.033143563,0.014107672,-0.403376038,0.005569312
1581251535.264496,b827eb917e19,e78f135624ce,-80,15.11183594,4.095895527,1.803238818,-0.012970128,0.023104473,-0.999,-0.358104005,0.010447764,0.038552236,0.011447764,0.357656241,0.018208946
1581251535.7226145,b827eb917e19,e78f135624ce,-79,14.928425268,4.090142527,1.787971032,-0.021028968,0.027514484,-0.998,-0.534637293,0.008828505,0.045657011,0.010828505,0.534637293,0.023685979
1581251536.1777658,b827eb917e19,e78f135624ce,-85,14.745022503,4.076371204,1.770299213,-0.017185602,0.031628796,-0.998,-0.579700787,0.010814398,0.047257592,0.012628796,0.578700787,0.028628796
1581251537.5456154,b827eb917e19,e78f135624ce,-90,14.136726746,4.11734056,1.74265944,-0.05983514,0.03283514,-0.998,-0.984175699,0.005,0.06083514,0.007,0.985175699,0.03183514
1581251537.551602,b827eb917e19,e78f135624ce,-82,14.133515828,4.117558249,1.742441751,-0.059889562,0.032889562,-0.998,-0.984447811,0.005,0.060889562,0.007,0.985447811,0.031889562
1581251538.0050209,b827eb917e19,e78f135624ce,-79,13.925937357,4.136127077,1.738854513,-0.061427256,0.032145487,-0.997,-0.993427256,0.003145487,0.061854513,0.005145487,0.994854513,0.031572744
1581251538.463728,b827eb917e19,e78f135624ce,-76,13.707343681,4.148750554,1.75241796,-0.050667406,0.024332594,-0.998,-0.997083149,0.001,0.050750554,0.002,0.998,0.024332594
1581251538.9179509,b827eb917e19,e78f135624ce,-93,13.514841285,4.123956817,1.742623106,-0.027579923,0.028101515,-0.998724621,-0.842206424,0.002173864,0.034101515,0.003449243,0.842481803,0.027376894
1581251539.378605,b827eb917e19,e78f135624ce,-89,13.341277673,4.091029036,1.761375681,-0.004514518,0.027,-0.999,-0.285549895,0.00884392,0.032468239,0.00942196,0.285549895,0.016312159
1581251539.8372543,b827eb917e19,e78f135624ce,-78,13.195909935,4.081519394,1.796207758,0.003792242,0.020103879,-0.999,0.201896121,0.012,0.014792242,0.012,-0.202,0.002103879
1581251540.2922359,b827eb917e19,e78f135624ce,-78,12.986595427,4.071100947,1.786474763,0.004,0.022,-0.999,-0.297759459,0.008787855,0.000525237,0.008787855,0.297759459,0.014212145
1581251540.7467058,b827eb917e19,e78f135624ce,-75,12.748448269,4.03942036,1.740926108,0.010073892,0.035642036,-0.998357964,-0.774983587,0.003642036,-0.009073892,0.003,0.774341551,0.033642036
1581251541.1972802,b827eb917e19,e78f135624ce,-79,12.574189832,4.038348382,1.753751155,0.005900462,0.016298614,-0.999,-0.020198006,0.009900462,-0.006298614,0.009900462,0.020198006,0.017248845
1581251541.6488345,b827eb917e19,e78f135624ce,-74,12.39243168,4.05719815,1.768732717,0.007577572,0.005844856,-1.0,0.523368542,0.013155144,0.002155144,0.013155144,-0.523368542,0.007844856
1581251542.107426,b827eb917e19,e78f135624ce,-74,12.221047739,4.078813317,1.772813317,0.015259045,0.00151809,-1.0,0.85039799,0.014740955,0.01351809,0.014740955,-0.851138945,0.003222864
1581251542.55861,b827eb917e19,e78f135624ce,-75,12.071542021,4.099855157,1.793738327,0.015630836,0.006621498,-1.0,0.951855157,0.013,0.014757004,0.013,-0.951981324,-0.004621498
1581251543.0111425,b827eb917e19,e78f135624ce,-75,11.963043247,4.102,1.79195654,0.01652173,0.003,-1.0,0.984391351,0.014,0.01652173,0.014,-0.984391351,-0.002
1581251543.4688036,b827eb917e19,e78f135624ce,-78,11.895620094,4.102749108,1.794498216,0.014125446,0.001874554,-1.0,0.995125446,0.015125446,0.014125446,0.015,-0.995125446,-0.001874554
1581251543.9207098,b827eb917e19,e78f135624ce,-78,11.861541558,4.101729221,1.788729221,0.013254156,0.000491688,-1.0,0.998,0.014508312,0.013254156,0.014508312,-0.998,-0.000491688
1581251544.3737295,b827eb917e19,e78f135624ce,-78,11.834215021,4.102,1.795070987,0.013,0.002356996,-1.0,0.999,0.014,0.013,0.014643004,-0.999,-0.002356996
1581251545.2771947,b827eb917e19,e78f135624ce,-76,11.814269691,4.101730309,1.79215354,0.01184646,0.002,-1.0,1.0,0.01442323,0.01184646,0.01442323,-1.0,-0.00157677
1581251545.7355518,b827eb917e19,e78f135624ce,-81,11.803,4.11058558,1.801990988,0.011801802,0.004396395,-1.0,1.0,0.013198198,0.011801802,0.013198198,-1.0,-0.004396395
1581251546.1935606,b827eb917e19,e78f135624ce,-74,11.828546354,4.199546354,1.82590029,-0.096506116,0.009774344,-0.913123331,0.819992717,0.025579591,0.086199702,0.015548688,-0.736341704,-0.014192419
1581251546.6524072,b827eb917e19,e78f135624ce,-71,11.861583307,4.232583307,1.873620333,-0.259243699,0.007327162,-0.743655998,0.676220792,0.042709863,0.248325489,0.010654325,-0.425549628,-0.032546282
1581251547.564849,b827eb917e19,e78f135624ce,-79,11.755456548,4.400948049,1.852757242,-0.256618387,0.005,-0.041184822,0.093346661,-0.001161839,0.91557242,0.005161839,0.181433565,0.001080919
1581251548.0210247,b827eb917e19,e78f135624ce,-85,11.685067784,4.423431866,1.848522711,-0.177708599,0.004090846,-0.003,0.027181691,-0.002954577,0.972295598,0.004090846,0.152526908,0.002477289
1581251548.4724367,b827eb917e19,e78f135624ce,-88,11.680203733,4.453144776,1.832782836,-0.368597768,0.003,0.024782836,0.027493285,-0.009072388,0.990217164,0.003927612,0.360814931,0.008072388
1581251548.9289966,b827eb917e19,e78f135624ce,-70,11.663940683,4.465267335,1.824197995,-0.237298223,0.003732665,0.024802005,0.016138679,-0.01153467,0.996732665,0.004732665,0.235298223,0.008802005
1581251549.3846605,b827eb917e19,e78f135624ce,-70,11.642041907,4.467608381,1.831174856,-0.138054895,0.004391619,0.019216763,0.007825144,-0.006216763,0.999,0.004391619,0.137054895,0.004216763
1581251549.8352675,b827eb917e19,e78f135624ce,-70,11.624976653,4.466,1.835988327,-0.072136174,0.005011673,0.012976653,0.001976653,-0.005,1.0,0.005011673,0.072136174,0.003
1581251551.1909478,b827eb917e19,e78f135624ce,-75,11.637772182,4.569667351,1.837526208,-0.008804387,0.005,0.05429839,-0.000649195,-0.006824597,0.998,0.005,0.008804387,0.004649195
1581251551.6453686,b827eb917e19,e78f135624ce,-77,11.64768208,4.656375725,1.832369943,-0.010716755,0.001473989,0.04968208,0.003630057,-0.009578034,0.998473989,0.002,0.010716755,0.005578034
1581251551.6485503,b827eb917e19,e78f135624ce,-71,11.647510758,4.656963115,1.832492316,-0.009101434,0.001498463,0.049510758,0.003507684,-0.009504611,0.998498463,0.002,0.009101434,0.005504611
1581251552.099706,b827eb917e19,e78f135624ce,-72,11.641509049,4.770295822,1.831754524,-0.02626752,0.004613689,0.046122738,0.003140836,-0.007877262,0.999,0.005490951,0.02626752,0.005122738
1581251552.5511239,b827eb917e19,e78f135624ce,-76,11.592244085,4.896018533,1.783437697,0.014710568,0.008912461,0.065912461,-0.011106073,-0.004271885,0.996271885,0.008912461,-0.015438683,0.019912461
1581251553.008531,b827eb917e19,e78f135624ce,-74,11.5415073,4.989434304,1.779058397,0.441758218,0.016,0.071880475,-0.045134124,0.002104926,0.995373175,0.015626825,-0.444385042,0.012104926
1581251553.46713,b827eb917e19,e78f135624ce,-70,11.494,5.13035193,1.75405633,0.359760731,0.016915504,0.075028165,-0.047859174,-0.00205633,0.995,0.016915504,-0.361760731,0.018971835
1581251553.917343,b827eb917e19,e78f135624ce,-75,11.517649932,5.282361585,1.716064025,0.320157994,0.014286043,0.052853523,-0.03128374,0.009288347,0.996,0.014929065,-0.320871951,0.027359282
1581251554.3711956,b827eb917e19,e78f135624ce,-72,11.459024039,5.439966187,1.751558975,0.446009773,0.015465064,0.055057852,-0.051720512,-0.008267468,0.996267468,0.016465064,-0.448474837,0.01032532
1581251554.8233225,b827eb917e19,e78f135624ce,-72,11.452250936,5.603302983,1.763758363,0.433407076,0.016715614,0.047663567,-0.046947953,-0.004853158,0.996905205,0.016715614,-0.435501872,0.010810409
1581251555.2825003,b827eb917e19,e78f135624ce,-73,11.472534093,5.776897805,1.803329536,0.385784218,0.012534093,0.050465907,-0.043670464,-0.003465907,0.997,0.013,-0.386784218,0.001602278
1581251555.7383695,b827eb917e19,e78f135624ce,-73,11.472126453,5.962449036,1.790468387,0.570815494,0.018664517,0.078734193,-0.06339871,0.003132903,0.995132903,0.018531613,-0.573815494,0.008
1581251556.194265,b827eb917e19,e78f135624ce,-74,11.556419654,6.123837744,1.728265215,0.777057733,0.025210609,0.058631826,-0.04947426,0.019578783,0.996789391,0.024210609,-0.778847124,0.027315131
1581251557.0993435,b827eb917e19,e78f135624ce,-73,11.617779676,6.496126025,1.780111382,0.723738189,0.021,0.030665853,-0.027443089,0.001777235,0.998111382,0.021,-0.724738189,0.003222765
1581251557.5540857,b827eb917e19,e78f135624ce,-75,11.639381947,6.707089145,1.783269676,0.226563598,0.013809027,0.032730324,-0.006887729,-0.002,0.999,0.013809027,-0.226563598,0.012190973
1581251558.0040476,b827eb917e19,e78f135624ce,-70,11.644757439,6.905623978,1.792019836,0.176342614,0.012757439,0.04,-0.006272316,-0.00525248,0.999,0.013009918,-0.176342614,0.009737602
1581251558.4642236,b827eb917e19,e78f135624ce,-70,11.648366403,7.108749723,1.808073281,0.180487036,0.012926719,0.039926719,-0.007706877,-0.009073281,0.999,0.012926719,-0.180487036,0.005926719
1581251558.918165,b827eb917e19,e78f135624ce,-70,11.649427578,7.31934534,1.814144845,-0.247953782,0.007282733,0.027282733,0.003862112,-0.011717267,0.999,0.007282733,0.247953782,0.011144845
1581251559.8288312,b827eb917e19,e78f135624ce,-64,11.648124323,7.745037885,1.820875677,-0.924643266,-0.003875677,0.031875677,0.029751353,-0.022,0.999,-0.003,0.924767589,0.022
1581251560.285177,b827eb917e19,e78f135624ce,-70,11.648511891,7.947642121,1.823023782,-0.975095129,-0.006511891,0.037535673,0.036535673,-0.02,0.999,-0.005511891,0.975583238,0.02
1581251560.2875614,b827eb917e19,e78f135624ce,-67,11.648531761,7.948715113,1.823063523,-0.975254091,-0.006531761,0.037595284,0.036595284,-0.02,0.999,-0.005531761,0.97572233,0.02
1581251560.7393892,b827eb917e19,e78f135624ce,-71,11.653,8.136907261,1.822609023,-0.991260651,-0.005739349,0.045521303,0.044651628,-0.020260651,0.998869674,-0.004609023,0.992260651,0.021130326
1581251561.1906617,b827eb917e19,e78f135624ce,-72,11.657,8.311546317,1.819254526,-0.995745474,-0.005745474,0.053745474,0.053745474,-0.022745474,0.998,-0.004745474,0.997,0.022745474
1581251561.6492085,b827eb917e19,e78f135624ce,-71,11.657,8.452224718,1.815426604,-0.997426604,-0.004426604,0.057,0.057,-0.024573396,0.998,-0.003426604,0.999,0.024573396
1581251562.100844,b827eb917e19,e78f135624ce,-71,11.66,8.540982232,1.815109137,-0.998,-0.006,0.056945432,0.056945432,-0.022945432,0.998,-0.004054568,0.999054568,0.022945432
1581251562.5502486,b827eb917e19,e78f135624ce,-70,11.658637488,8.592737394,1.816,-0.998,-0.006637488,0.053,0.053,-0.023,0.998,-0.005,1.0,0.023
1581251563.0039208,b827eb917e19,e78f135624ce,-71,11.659,8.624508535,1.817497155,-0.999,-0.005,0.052748577,0.052748577,-0.021251423,0.998,-0.004,1.0,0.022251423
1581251563.4581857,b827eb917e19,e78f135624ce,-76,11.658119726,8.643401368,1.816,-0.999,-0.004,0.051,0.051119726,-0.022,0.998,-0.003,1.0,0.022
1581251563.9138482,b827eb917e19,e78f135624ce,-77,11.657539216,8.656078432,1.816,-0.999,-0.003539216,0.05,0.05,-0.023,0.998,-0.002539216,1.0,0.023
1581251564.3687856,b827eb917e19,e78f135624ce,-77,11.681771443,8.658362502,1.771041068,-0.800764336,0.000233928,-0.030628491,-0.035394563,-0.059192861,0.944939349,6.4287e-05,0.848058916,0.057491076
1581251564.8288295,b827eb917e19,e78f135624ce,-77,11.646155134,8.653168457,1.780687151,-0.673139229,0.000975935,-0.232454243,-0.236478308,-0.050288783,0.786149971,-0.002903739,0.879965193,0.046360979
1581251565.7379887,b827eb917e19,e78f135624ce,-67,11.741192664,8.614807336,1.813884402,-0.048075212,0.009922934,-0.915847722,0.639776216,0.003077066,0.13103668,0.008038533,-0.569546872,-3.8533e-05
1581251566.1916893,b827eb917e19,e78f135624ce,-67,11.754098697,8.591107385,1.812399131,0.013793918,0.007,-0.97229609,0.884583492,0.009399131,0.070802607,0.010699566,-0.863180016,-0.004
1581251566.6474295,b827eb917e19,e78f135624ce,-67,11.762533698,8.558766849,1.812,0.036,0.007,-0.990766849,0.963217669,0.010383424,0.054082878,0.011,-0.956984518,-0.005
1581251567.5580142,b827eb917e19,e78f135624ce,-71,11.775350257,8.554624358,1.823324872,0.039350257,0.010324872,-0.998,0.995675128,0.011,0.040675128,0.012,-0.995675128,-0.009324872
1581251568.011701,b827eb917e19,e78f135624ce,-81,11.770602449,8.546931701,1.813630477,0.03453415,0.00546585,-0.999,0.998,0.012698776,0.03553415,0.012698776,-0.998232925,-0.00546585
1581251568.9167678,b827eb917e19,e78f135624ce,-72,11.63891169,8.534,1.813060991,0.058,0.001030496,-0.998,0.998,0.012,0.058,0.012,-1.0,-3.0496e-05
1581251569.3722422,b827eb917e19,e78f135624ce,-66,11.525736834,8.539284495,1.803857752,0.049431009,-0.004,-0.999,0.999,0.009857752,0.049431009,0.009857752,-1.0,0.004
1581251569.8307264,b827eb917e19,e78f135624ce,-82,11.377441997,8.538767454,1.801808136,0.040383727,-0.005,-0.999,0.999,0.010808136,0.040383727,0.01,-1.0,0.006
1581251570.28082,b827eb917e19,e78f135624ce,-66,11.202172067,8.555784497,1.805,0.032607751,-0.003,-0.999,0.999,0.01,0.032607751,0.01,-1.0,0.003
1581251571.1969023,b827eb917e19,e78f135624ce,-76,10.831022564,8.577133778,1.814299332,0.008716555,-0.001566889,-1.0,1.0,0.011433111,0.008716555,0.011433111,-1.0,0.002283445
1581251571.6477585,b827eb917e19,e78f135624ce,-64,10.617688406,8.579322947,1.815,0.006338527,0.002338527,-1.0,1.0,0.011338527,0.006338527,0.011338527,-1.0,-0.002338527
1581251572.0993874,b827eb917e19,e78f135624ce,-64,10.415035874,8.627309257,1.82092729,-0.019781871,0.01092729,-0.999,0.080323828,0.003181774,0.024818226,0.004181774,-0.079360183,0.00685458
1581251572.5519078,b827eb917e19,e78f135624ce,-66,10.181513244,8.628296057,1.818864038,-0.025135962,0.009864038,-0.999,0.448964682,0.006567981,-0.00411183,0.006567981,-0.448964682,0.001296057
1581251573.0024245,b827eb917e19,e78f135624ce,-69,9.910328505,8.61306628,1.82915562,-0.00353314,0.01415562,-0.999,-0.139230591,0.00584438,-0.02015562,0.00568876,0.139230591,0.00831124
1581251573.4578052,b827eb917e19,e78f135624ce,-72,9.630369497,8.616197458,1.829201695,-0.016600847,0.014800424,-0.999,-0.439481765,0.001,-0.01219534,0.000800424,0.439481765,0.012600847
1581251573.9130368,b827eb917e19,e78f135624ce,-66,9.380900558,8.602087896,1.835543948,-0.026,0.016,-0.999,-0.822082869,-0.002456052,0.016912104,-0.002456052,0.822082869,0.015456052
1581251574.3649278,b827eb917e19,e78f135624ce,-78,9.147970004,8.583520953,1.833159682,-0.012600794,0.014840318,-1.0,-0.943277459,-0.006,0.009600794,-0.005079841,0.943277459,0.014840318
1581251574.822515,b827eb917e19,e78f135624ce,-73,8.919321232,8.562283955,1.839432091,0.003716045,0.011283955,-1.0,-0.982012318,-0.004,-0.004716045,-0.004,0.982012318,0.011283955
1581251575.2749836,b827eb917e19,e78f135624ce,-65,8.694543794,8.550740876,1.838,0.003,0.014283942,-1.0,-0.994283942,-0.004716058,-0.003,-0.004716058,0.993567883,0.014283942
1581251575.7275665,b827eb917e19,e78f135624ce,-71,8.461513815,8.525462389,1.844,-0.01519082,0.013884403,-1.0,-0.997884403,-0.003231194,0.01519082,-0.003231194,0.997884403,0.013884403
1581251576.1784317,b827eb917e19,e78f135624ce,-73,8.220859793,8.519600322,1.84,-0.032133763,0.015,-0.999,-0.999,-0.005,0.032133763,-0.005,0.999,0.015
1581251576.6323285,b827eb917e19,e78f135624ce,-67,7.988119015,8.522020661,1.829816529,-0.038204132,0.016387604,-0.999,-0.999,-0.009,0.038204132,-0.008795868,1.0,0.016591736
1581251577.0900214,b827eb917e19,e78f135624ce,-71,7.756987568,8.51712636,1.837500777,-0.035750389,0.011249611,-0.999,-0.999,-0.007124806,0.035750389,-0.007124806,1.0,0.012249611
1581251577.541741,b827eb917e19,e78f135624ce,-70,7.532641774,8.509254878,1.839745122,-0.028818598,0.011127439,-0.99943628,-0.99943628,-0.00643628,0.028818598,-0.005872561,1.0,0.011127439
1581251578.0024576,b827eb917e19,e78f135624ce,-64,7.304428546,8.511854874,1.841927437,-0.014564623,0.009927437,-1.0,-1.0,-0.011145126,0.014564623,-0.011072563,1.0,0.009927437
1581251578.4543536,b827eb917e19,e78f135624ce,-66,7.084395195,8.492545749,1.835242699,0.0031817,0.0117878,-1.0,-1.0,-0.01069695,-0.0031817,-0.01069695,1.0,0.0117878
1581251579.3624258,b827eb917e19,e78f135624ce,-68,6.639485532,8.473790338,1.788099313,0.002077244,0.02097793,-1.0,-1.0,-0.02,-0.003066209,-0.02,0.999,0.020966896
1581251579.8142312,b827eb917e19,e78f135624ce,-61,6.540189859,8.550762028,1.818048113,-0.001237972,0.016587343,-1.0,0.06761548,0.000524056,0.001762028,0.000524056,-0.06761548,0.000475944
1581251580.2651894,b827eb917e19,e78f135624ce,-70,6.435816316,8.557359834,1.838034728,0.002570711,0.015821339,-1.0,0.680890794,0.010642678,0.004285356,0.010642678,-0.680890794,-0.009285356
1581251580.7195325,b827eb917e19,e78f135624ce,-71,6.264029806,8.615304024,1.845323398,0.00595082,0.017441133,-0.999186289,0.859058123,0.015627422,0.00795082,0.015627422,-0.859058123,-0.014254844
1581251581.177578,b827eb917e19,e78f135624ce,-65,6.131887683,8.641328698,1.858454921,0.010527048,0.019,-0.999490984,0.955382794,0.016981968,0.011527048,0.016981968,-0.955382794,-0.017490984
1581251581.6338668,b827eb917e19,e78f135624ce,-65,6.047059854,8.655083212,1.869381022,0.019845255,0.019690511,-0.999,0.985618978,0.018845255,0.020845255,0.018845255,-0.985618978,-0.018845255
1581251582.539272,b827eb917e19,e78f135624ce,-71,5.977206499,8.661034801,1.859517401,0.02386195,0.0167587,-0.999,0.998,0.015,0.02386195,0.01562065,-0.99837935,-0.0167587
1581251582.9935899,b827eb917e19,e78f135624ce,-66,5.961003697,8.645003697,1.852007395,0.027,0.015002465,-0.999,0.999,0.015,0.027,0.015001232,-0.999,-0.015001232
1581251583.4437275,b827eb917e19,e78f135624ce,-66,6.023152111,8.671921689,1.834532388,-0.283899131,0.021384789,-0.871778601,0.214897517,-0.009928456,0.308362231,0.006534644,-0.089445696,0.015080567
1581251583.895333,b827eb917e19,e78f135624ce,-70,6.004898124,8.696485893,1.902728839,-0.721435719,0.016514107,-0.497360529,-0.151412231,0.035271161,0.728706879,0.024271161,0.652294648,-0.026757054
1581251584.3512578,b827eb917e19,e78f135624ce,-66,5.909394337,8.675832813,1.876832813,-0.91177285,0.005416406,-0.163558401,-0.05360254,0.001728711,0.91377285,0.008520508,0.889940038,0.001271289
1581251584.8112445,b827eb917e19,e78f135624ce,-66,5.845682524,8.655909292,1.854909292,-0.971704092,0.001477323,-0.044023786,-0.008773231,-0.013045354,0.972181415,0.002477323,0.964749446,0.014045354
1581251585.262608,b827eb917e19,e78f135624ce,-68,5.809436311,8.644838946,1.841838946,-0.990241581,-0.001,0.000483162,0.012241581,-0.017,0.990241581,-0.000919473,0.988241581,0.017919473
1581251586.6171038,b827eb917e19,e78f135624ce,-67,5.763,8.629952088,1.825952088,-1.0,-0.002,0.016023956,0.016023956,-0.020023956,0.999,-0.001023956,0.999023956,0.020023956
1581251587.077576,b827eb917e19,e78f135624ce,-68,5.76,8.642040301,1.825,-0.999,-0.002,0.031040301,0.031369157,-0.019328855,0.999,-0.001,1.0,0.019328855
1581251587.5286725,b827eb917e19,e78f135624ce,-69,5.761226567,8.689531344,1.823773433,-0.999,-0.004773433,0.038320298,0.038320298,-0.02,0.999,-0.004,1.0,0.02
1581251587.9872377,b827eb917e19,e78f135624ce,-64,5.768745963,8.757078579,1.838491927,0.091263724,0.005872982,0.029127018,0.002889128,-0.021,0.999,0.006745963,-0.091263724,-0.002491927
1581251588.442707,b827eb917e19,e78f135624ce,-67,5.779060877,8.863565354,1.846530439,0.704330798,0.012,0.025408684,-0.014530439,-0.015408684,0.999530439,0.012,-0.705330798,-0.009
1581251589.3539844,b827eb917e19,e78f135624ce,-64,5.782329427,9.155752601,1.848835286,0.970352864,0.016,-0.001,0.002164714,-0.011,1.0,0.016,-0.970352864,-0.01
1581251589.8120673,b827eb917e19,e78f135624ce,-65,5.775514023,9.329840919,1.847514023,0.990457931,0.017,-0.001485977,0.002485977,-0.008514023,1.0,0.017,-0.990457931,-0.008514023
1581251590.2692788,b827eb917e19,e78f135624ce,-62,5.767611783,9.511470289,1.845870594,0.997,0.018,-0.008517623,0.008517623,-0.008870594,1.0,0.018,-0.997129406,-0.008870594
1581251591.6290116,b827eb917e19,e78f135624ce,-58,5.738797629,10.138307033,1.825040474,-0.093721584,0.01,-0.015040474,0.004959526,-0.024959526,0.999,0.01,0.092762058,0.010878577
1581251592.0808825,b827eb917e19,e78f135624ce,-58,5.727071687,10.350137353,1.805074095,-0.168833751,0.008714458,-0.017285542,-0.002142169,-0.030070483,0.999,0.007714458,0.168190979,0.015641567
1581251592.5327125,b827eb917e19,e78f135624ce,-63,5.723482707,10.552998494,1.802517293,-0.069171427,0.010758647,-0.01427594,0.0,-0.018517293,0.999,0.01,0.068930074,0.01
1581251592.987605,b827eb917e19,e78f135624ce,-65,5.602190218,10.769672664,1.702445065,-0.149903055,0.007875808,0.026019389,-0.038267773,0.008771005,0.993372576,0.003248384,0.147903055,0.039764542
1581251593.4468005,b827eb917e19,e78f135624ce,-57,5.4762179,10.95346788,1.511761472,-0.107222448,0.008876147,0.031504589,-0.065933485,0.004513766,0.988,0.001438074,0.104660522,0.085314221
1581251593.8997755,b827eb917e19,e78f135624ce,-62,5.547204121,11.153411185,1.632200196,-0.020587833,0.008,-0.003599608,-0.03139843,-0.01439843,0.993200196,0.004200196,0.019587833,0.031
1581251594.355447,b827eb917e19,e78f135624ce,-72,5.588137456,11.375933386,1.553170763,-0.044763679,0.014,-0.007542427,-0.019253503,0.002525245,0.985,0.005,0.046916204,0.056728258
1581251594.8117542,b827eb917e19,e78f135624ce,-67,5.657546027,11.598874902,1.697820089,0.395815893,0.018690795,-0.02,-0.000254393,0.000254393,0.984309205,0.009436402,-0.391252295,0.019144768
1581251595.2734482,b827eb917e19,e78f135624ce,-72,5.6172089,11.791672751,1.742559174,0.252067527,0.013735505,-0.019234312,-0.021410642,0.00617633,0.993,0.00982367,-0.249979362,0.01035266
1581251595.7275918,b827eb917e19,e78f135624ce,-70,5.497297848,11.981053229,1.70439065,0.386271233,0.014,-0.012516547,-0.046158991,0.016225179,0.994,0.011,-0.384271233,0.025192085
1581251596.6393101,b827eb917e19,e78f135624ce,-70,5.614333137,12.430557192,1.765999705,0.558885615,0.015888856,-0.044332842,0.015443986,0.002333432,0.993222288,0.013,-0.557885615,0.004778007
1581251597.0932367,b827eb917e19,e78f135624ce,-78,5.635058244,12.620020736,1.762613031,0.173951616,0.007832181,-0.018109575,-0.005167819,0.001832181,0.997,0.006832181,-0.173674222,0.014277394
1581251597.5441945,b827eb917e19,e78f135624ce,-77,5.640428278,12.806115137,1.740276767,0.073858609,0.004723233,0.000723233,-0.016616163,0.013446465,0.997276767,0.002723233,-0.073858609,0.026723233
1581251597.9976523,b827eb917e19,e78f135624ce,-71,5.650399591,12.973056208,1.752390223,0.207247658,0.006752342,0.017619145,-0.019114461,0.002866803,0.998,0.005752342,-0.207371487,0.016742974
1581251598.4539063,b827eb917e19,e78f135624ce,-71,5.633491591,13.14412621,1.844253609,0.191618991,0.007539664,0.0330637,-0.029524036,-0.034237982,0.993079327,0.012,-0.193539664,-0.018237982
1581251598.9077964,b827eb917e19,e78f135624ce,-74,5.672774585,13.26580928,1.818855471,0.114439335,0.006,0.018705194,-0.018890166,-0.015335249,0.997184972,0.006815028,-0.115439335,0.003479778
1581251599.363654,b827eb917e19,e78f135624ce,-73,5.596292375,13.350980783,1.848961567,0.281645171,0.007,0.061770079,-0.063105014,-0.032148251,0.988009608,0.012827729,-0.29080303,-0.015478381
1581251599.8171859,b827eb917e19,e78f135624ce,-69,5.667241872,13.39456239,1.860445299,0.123470122,0.007,0.017547012,-0.020547012,-0.031109402,0.993890598,0.010554701,-0.127024823,-0.012664104
1581251600.2752302,b827eb917e19,e78f135624ce,-68,5.720200353,13.421669673,1.789478338,0.357171532,0.009,-0.000861008,-0.00323466,0.002425995,0.998,0.009904332,-0.358171532,0.016712997
1581251600.7326188,b827eb917e19,e78f135624ce,-70,5.754042116,13.439281587,1.800802645,-0.422063669,-0.000281587,-0.009760529,-0.003521058,-0.011521058,0.999,0.000478942,0.421824198,0.019
1581251601.1888676,b827eb917e19,e78f135624ce,-74,5.768695925,13.454847962,1.803304075,-0.795871474,-0.007576019,-0.137702197,-0.135702197,-0.034815831,0.977552507,-0.015543887,0.816318967,0.034543887
1581251601.6438084,b827eb917e19,e78f135624ce,-73,5.787928467,13.44530365,1.794690511,-0.652727007,-0.005845255,-0.577969343,-0.575891971,-0.056464234,0.708566423,-0.042618978,0.941160584,0.035767883
1581251602.5470097,b827eb917e19,e78f135624ce,-76,5.857277164,13.351651932,1.780048802,-0.089951198,0.007722836,-0.949880294,-0.356678633,-0.017,0.113842542,-0.015277164,0.395629831,0.021614181
1581251602.9995234,b827eb917e19,e78f135624ce,-76,5.840422666,13.363562257,1.838482975,-0.044109436,-0.001452821,-0.983343385,-0.475644929,-0.014781128,0.063875487,-0.013781128,0.489082672,0.001547179
1581251603.451267,b827eb917e19,e78f135624ce,-78,5.846961277,13.338712975,1.838790421,-0.011519361,0.005922554,-0.993038723,-0.330706182,-0.010480639,0.051883832,-0.01,0.334186821,0.005883832
1581251603.9086745,b827eb917e19,e78f135624ce,-76,5.851150361,13.361507551,1.851548916,-0.008849639,0.002725542,-0.997,-0.165917269,-0.008,0.040575181,-0.008,0.166725542,0.002958634
1581251604.3688912,b827eb917e19,e78f135624ce,-73,5.854238228,13.390628532,1.855266481,-0.018885595,0.003495291,-0.998,-0.295168121,-0.010628532,0.043123823,-0.010628532,0.296168121,0.000247646
1581251604.8238137,b827eb917e19,e78f135624ce,-72,5.859640993,13.452012732,1.91753851,-0.040185869,-0.008814131,-0.997544876,-0.524012732,-0.009544876,0.054275621,-0.010089752,0.525467856,-0.011814131
1581251605.2782507,b827eb917e19,e78f135624ce,-71,5.853672681,13.444468107,1.905795426,-0.034836341,-0.000959085,-0.997,-0.496145615,-0.00908183,0.056713596,-0.010040915,0.497145615,-0.003959085
1581251605.7284696,b827eb917e19,e78f135624ce,-77,5.834293726,13.445646863,1.89894059,-0.025646863,-0.005353137,-0.998,-0.437534694,-0.011,0.044412547,-0.011,0.437858126,-0.001970295
1581251606.1799624,b827eb917e19,e78f135624ce,-70,5.804038937,13.447320354,1.892330089,-0.003349557,-0.002349557,-0.999,0.255619486,0.000650443,0.031349557,0.000650443,-0.255619486,-0.003660177
1581251606.6402411,b827eb917e19,e78f135624ce,-71,5.727145377,13.417,1.86958271,0.014860903,0.000953634,-0.998,0.439986238,0.003907269,0.049046366,0.003907269,-0.440939873,-0.000907269
1581251607.098268,b827eb917e19,e78f135624ce,-72,5.583515349,13.39493538,1.864322563,0.01393538,0.005322563,-0.998,0.227481426,0.002322563,0.054645127,0.002322563,-0.227803989,-0.005
1581251607.5533192,b827eb917e19,e78f135624ce,-74,5.420753033,13.373193568,1.867731189,0.013387136,0.008731189,-0.998,0.14411893,0.001,0.053462379,0.001731189,-0.144850119,-0.007731189
1581251608.010912,b827eb917e19,e78f135624ce,-72,5.226234,13.360592528,1.863197509,-0.018814943,0.006098755,-0.999,-0.388570225,-0.005703736,0.051,-0.004703736,0.38947147,-0.002197509
1581251608.4613998,b827eb917e19,e78f135624ce,-75,5.025858556,13.345918468,1.854959234,-0.047081532,0.006,-0.998,-0.801743359,-0.013040766,0.057,-0.012520383,0.803263742,0.003520383
1581251608.9224727,b827eb917e19,e78f135624ce,-71,4.822069017,13.333895279,1.851,-0.044116223,0.004779056,-0.999,-0.93775605,-0.015779056,0.047895279,-0.015779056,0.93875605,0.004
1581251609.3732643,b827eb917e19,e78f135624ce,-71,4.628047833,13.323512141,1.85,-0.025024283,0.004,-0.999829286,-0.979805003,-0.015,0.026194997,-0.015,0.979975717,0.004
1581251609.8324218,b827eb917e19,e78f135624ce,-78,4.427108773,13.316533206,1.847511069,-0.002044274,0.005488931,-1.0,-0.993488931,-0.014022137,0.002555343,-0.014,0.993977863,0.005488931
1581251610.2852921,b827eb917e19,e78f135624ce,-77,4.227902242,13.312903816,1.847,0.003903816,0.004903816,-1.0,-0.998,-0.012096184,-0.003903816,-0.012096184,0.998,0.004903816
1581251610.7399993,b827eb917e19,e78f135624ce,-76,4.02727916,13.316,1.844519242,-0.007961516,0.005740379,-1.0,-0.999,-0.013740379,0.007961516,-0.013740379,0.999,0.005740379
1581251611.1989145,b827eb917e19,e78f135624ce,-80,3.827358532,13.326243425,1.81460526,-0.021848685,0.019151315,-0.999,-0.953171008,-0.021,0.02169737,-0.02,0.953171008,0.021273028
1581251611.6538272,b827eb917e19,e78f135624ce,-76,3.639124143,13.35054262,1.810155034,-0.015767449,0.015922483,-0.999077517,-0.588101262,-0.016689931,0.021689931,-0.015689931,0.588101262,0.013767449
1581251612.110119,b827eb917e19,e78f135624ce,-88,3.445133896,13.362,1.808280257,-0.007121029,0.015,-1.0,-0.407337756,-0.013,0.008840772,-0.013,0.407337756,0.012
1581251612.5607457,b827eb917e19,e78f135624ce,-96,3.234577266,13.355841918,1.807841918,0.003466379,0.015233189,-1.0,-0.431485661,-0.014541487,-0.009158082,-0.014541487,0.431485661,0.011233189
1581251613.01133,b827eb917e19,e78f135624ce,-82,3.025968067,13.34590446,1.804617841,0.010286619,0.019,-0.99990446,-0.464738459,-0.013573238,-0.012477699,-0.013573238,0.464738459,0.011382159
1581251613.462396,b827eb917e19,e78f135624ce,-71,2.797789234,13.317471955,1.783752408,0.006831728,0.024831728,-0.999528045,-0.813626629,-0.019943909,-0.007831728,-0.020943909,0.813626629,0.021359773
1581251613.9124563,b827eb917e19,e78f135624ce,-75,2.57881253,13.309733998,1.794712211,-0.005726736,0.018,-0.999856105,-0.940446209,-0.014431684,0.005582841,-0.014431684,0.940446209,0.018
1581251614.366916,b827eb917e19,e78f135624ce,-74,2.391075317,13.328329149,1.797788936,-0.012,0.014329149,-1.0,-0.980658298,-0.017776383,0.011223617,-0.017776383,0.980658298,0.015105532
1581251614.818432,b827eb917e19,e78f135624ce,-76,2.213127173,13.324783498,1.778369417,-0.010207041,0.021684708,-0.999,-0.993630583,-0.02,0.009522332,-0.019,0.993630583,0.021684708
1581251615.2753994,b827eb917e19,e78f135624ce,-86,2.045803417,13.343821058,1.789761411,-0.023880706,0.012119294,-0.999,-0.997,-0.019940353,0.023880706,-0.019940353,0.997940353,0.012178942
1581251615.7324634,b827eb917e19,e78f135624ce,-77,1.902385998,13.385901,1.788465333,-0.046267333,0.010267333,-0.998366333,-0.998,-0.021,0.046267333,-0.021,0.999,0.011267333
1581251616.184287,b827eb917e19,e78f135624ce,-76,1.745970222,13.412447753,1.776026854,-0.056579101,0.012131348,-0.998,-0.998,-0.022420899,0.056289551,-0.021710449,0.999,0.013131348
1581251616.6450489,b827eb917e19,e78f135624ce,-76,1.54351755,13.382111335,1.773990722,-0.051055667,0.015009278,-0.998,-0.998,-0.021,0.050064945,-0.020009278,0.999,0.016009278
1581251617.09515,b827eb917e19,e78f135624ce,-95,1.348741821,13.393976364,1.778534546,-0.058767273,0.014232727,-0.997441818,-0.998,-0.023558182,0.058325455,-0.023,0.999,0.015232727
1581251617.5469177,b827eb917e19,e78f135624ce,-87,1.150014713,13.405034998,1.792795586,-0.055239411,0.009401471,-0.997880294,-0.998,-0.021,0.054359117,-0.020119706,0.999,0.010401471
1581251618.0050757,b827eb917e19,e78f135624ce,-80,0.973484589,13.457485704,1.804441144,-0.058117713,0.004,-0.998,-0.998,-0.022558856,0.058117713,-0.022558856,0.999,0.005
1581251618.4589763,b827eb917e19,e78f135624ce,-79,0.788732847,13.455620438,1.781849635,-0.043973723,0.007725547,-0.998,-0.998,-0.023725547,0.043973723,-0.024150365,0.999,0.008725547
1581251618.9144764,b827eb917e19,e78f135624ce,-79,0.621534534,13.49,1.826141712,-0.051,-0.009009867,-0.996917489,-0.997,-0.020165022,0.051,-0.021082511,0.998917489,-0.008009867
1581251619.3697262,b827eb917e19,e78f135624ce,-76,0.513521227,13.577164684,1.766747026,-0.065,-0.001865874,-0.996,-0.997,-0.019,0.065,-0.019716468,0.999,-0.000149405
1581251619.8226283,b827eb917e19,e78f135624ce,-76,0.458352029,13.64671956,1.853971956,-0.076591883,-0.021352029,-0.996,-0.996676015,-0.016323985,0.076591883,-0.018,0.999,-0.020028044
