1581251522.9745386,000000000101,e78f135624ce,-78,17.755339904,4.614300481,1.786980289,-0.008980289,-0.005,-1.002,0.997339904,0.021660096,-0.008980289,0.021660096,-1.002,0.000339904
1581251523.4273205,000000000101,e78f135624ce,-73,17.786357033,4.546731064,1.794802164,0.009653787,0.001851623,-1.000049459,0.999,0.02,0.009653787,0.02,-1.000049459,-0.002851623
1581251523.4303148,000000000101,e78f135624ce,-75,17.786656463,4.545924907,1.794894296,0.009815019,0.001920722,-1.000026426,0.999,0.02,0.009815019,0.02,-1.000026426,-0.002920722
1581251523.884337,000000000101,e78f135624ce,-74,17.833198988,4.415783138,1.807099494,0.028859696,0.006239798,-1.0,0.999,0.018,0.028859696,0.018619899,-1.0,-0.006619899
1581251525.2453349,000000000101,e78f135624ce,-80,17.902813715,4.201841523,1.82512419,0.043468952,0.007531048,-0.999,0.999,0.015468952,0.043468952,0.016,-1.0,-0.006531048
1581251525.703316,000000000101,e78f135624ce,-73,17.908086962,4.178565189,1.830173924,0.043,0.009,-0.999,0.999,0.015,0.043,0.015913038,-1.0,-0.009
1581251526.1651676,000000000101,e78f135624ce,-73,17.909,4.166204161,1.836795839,0.042204161,0.010795839,-0.999,0.999,0.015,0.042204161,0.015,-1.0,-0.01
1581251526.619317,000000000101,e78f135624ce,-80,17.915936671,4.168531665,1.838063329,0.039,0.009531665,-0.999,0.999,0.014468335,0.039,0.015,-1.0,-0.009
1581251527.0692968,000000000101,e78f135624ce,-72,17.917888952,4.170444758,1.842111048,0.036111048,0.01,-0.999,0.999,0.014111048,0.036111048,0.014111048,-1.0,-0.01
1581251527.5242856,000000000101,e78f135624ce,-77,17.908803578,4.163803578,1.842267859,0.035,0.009,-0.999,0.999,0.013732141,0.035,0.014,-1.0,-0.008267859
1581251527.982172,000000000101,e78f135624ce,-74,17.873556897,4.16856146,1.840320183,0.048320183,0.009,-0.999,0.999,0.014679817,0.048320183,0.014679817,-1.0,-0.008
1581251528.4412909,000000000101,e78f135624ce,-72,17.824340516,4.172056753,1.82507567,0.069772989,0.004018918,-0.997018918,0.997018918,0.016,0.069772989,0.016,-1.0,-0.002037835
1581251529.3523233,000000000101,e78f135624ce,-75,17.597428031,4.187890151,1.827296717,0.028813131,0.006,-0.999,0.999,0.013,0.028813131,0.013,-1.0,-0.006
1581251529.8053775,000000000101,e78f135624ce,-82,17.447000165,4.186279085,1.833930229,0.024930229,0.007,-1.0,0.999069771,0.013930229,0.024930229,0.013930229,-1.0,-0.007
1581251530.2652884,000000000101,e78f135624ce,-78,17.274000079,4.171,1.834596152,0.026807695,0.006596152,-1.0,0.999596152,0.013403848,0.027211543,0.013807695,-1.0,-0.006596152
1581251531.1682763,000000000101,e78f135624ce,-78,16.895973334,4.158175714,1.837391905,0.018804048,0.012195952,-1.0,1.0,0.013804048,0.019608095,0.013804048,-1.0,-0.012
1581251531.6213148,000000000101,e78f135624ce,-73,16.694202905,4.151228779,1.837,0.020771221,0.010557195,-1.0,1.0,0.013,0.020771221,0.013,-1.0,-0.010557195
1581251532.5282695,000000000101,e78f135624ce,-76,16.282853253,4.121887013,1.838,0.050521644,0.009,-0.998295671,0.998295671,0.016704329,0.050817316,0.017704329,-1.0,-0.008
1581251532.9902894,000000000101,e78f135624ce,-73,16.077832948,4.124163484,1.835,0.055448688,0.006,-0.998,0.998,0.018,0.055448688,0.018612172,-1.0,-0.005
1581251533.4412932,000000000101,e78f135624ce,-76,15.888963861,4.137905504,1.835,0.032151194,0.007,-0.999,0.999,0.018018899,0.032151194,0.018018899,-1.0,-0.006
1581251533.8963058,000000000101,e78f135624ce,-73,15.674342677,4.136094869,1.823270088,-0.002379474,0.017094869,-0.999,0.226031046,0.013635044,0.035364956,0.014635044,-0.22566609,0.006824781
1581251534.356266,000000000101,e78f135624ce,-72,15.485815728,4.120785258,1.827303685,0.023518427,0.011,-0.999,0.755865352,0.016303685,0.035607371,0.017,-0.756561666,-0.003607371
1581251534.8092546,000000000101,e78f135624ce,-73,15.30200249,4.105408672,1.819408672,0.01857214,0.01671393,-0.999,0.404923981,0.014081734,0.033163469,0.014122601,-0.405923981,0.005509594
1581251535.2642643,000000000101,e78f135624ce,-77,15.111943384,4.095899741,1.803249351,-0.012951167,0.023100259,-0.999,-0.357676333,0.01044987,0.03855013,0.01144987,0.357226463,0.018200519
1581251535.722438,000000000101,e78f135624ce,-74,14.928505463,4.090150546,1.787980656,-0.021019344,0.027509672,-0.998,-0.534425578,0.008830109,0.045660219,0.010830109,0.534425578,0.023679563
1581251536.1762853,000000000101,e78f135624ce,-73,14.745593583,4.076392355,1.770373242,-0.017196177,0.031607645,-0.998,-0.579626758,0.010803823,0.04721529,0.012607645,0.578626758,0.028607645
1581251536.6363575,000000000101,e78f135624ce,-83,14.533512889,4.098,1.758962751,-0.048518625,0.032,-0.998,-0.858819488,0.007,0.058962751,0.009,0.859338113,0.031
1581251537.5452738,000000000101,e78f135624ce,-77,14.136909997,4.117328136,1.742671864,-0.059832034,0.032832034,-0.998,-0.98416017,0.005,0.060832034,0.007,0.98516017,0.031832034
1581251538.004276,000000000101,e78f135624ce,-87,13.926315974,4.136052595,1.738842099,-0.06142105,0.032157901,-0.997,-0.99342105,0.003157901,0.061842099,0.005157901,0.994842099,0.03157895
1581251538.4643698,000000000101,e78f135624ce,-73,13.707044163,4.148734509,1.75238052,-0.050646012,0.024353988,-0.998,-0.997088497,0.001,0.050734509,0.002,0.998,0.024353988
1581251539.3782494,000000000101,e78f135624ce,-76,13.341392521,4.091100132,1.761353806,-0.004550066,0.027,-0.999,-0.285954598,0.008838451,0.032484646,0.009419226,0.285954598,0.016323097
1581251539.8362472,000000000101,e78f135624ce,-71,13.196289526,4.081480661,1.796192264,0.003807736,0.020096132,-0.999,0.201903868,0.012,0.014807736,0.012,-0.202,0.002096132
1581251540.2926152,000000000101,e78f135624ce,-70,12.986383638,4.071075658,1.786481085,0.004,0.022,-0.999,-0.298508625,0.008778372,0.000518915,0.008778372,0.298508625,0.014221628
1581251540.7445874,000000000101,e78f135624ce,-86,12.749560403,4.039596889,1.740979067,0.010020933,0.035659689,-0.998340311,-0.773800841,0.003659689,-0.009020933,0.003,0.773141152,0.033659689
1581251541.6482599,000000000101,e78f135624ce,-68,12.392634996,4.05715837,1.768719457,0.007573152,0.005853695,-1.0,0.522692295,0.013146305,0.002146305,0.013146305,-0.522692295,0.007853695
1581251542.1052434,000000000101,e78f135624ce,-71,12.221887155,4.078695798,1.772695798,0.015242257,0.001484514,-1.0,0.849659304,0.014757743,0.013484514,0.014757743,-0.850417047,0.003273229
1581251542.558233,000000000101,e78f135624ce,-72,12.071655103,4.099801757,1.793706916,0.015646542,0.006612075,-1.0,0.951801757,0.013,0.014775851,0.013,-0.951931065,-0.004612075
1581251543.011722,000000000101,e78f135624ce,-73,11.962922498,4.102,1.7919662,0.0165169,0.003,-1.0,0.9844155,0.014,0.0165169,0.014,-0.9844155,-0.002
1581251543.4682622,000000000101,e78f135624ce,-81,11.895669726,4.102758132,1.794516264,0.014120934,0.001879066,-1.0,0.995120934,0.015120934,0.014120934,0.015,-0.995120934,-0.001879066
1581251543.920277,000000000101,e78f135624ce,-83,11.861574845,4.101712577,1.788712577,0.013257485,0.000485031,-1.0,0.998,0.014514969,0.013257485,0.014514969,-0.998,-0.000485031
1581251544.3732636,000000000101,e78f135624ce,-79,11.834231659,4.102,1.795061004,0.013,0.002353668,-1.0,0.999,0.014,0.013,0.014646332,-0.999,-0.002353668
1581251545.7352426,000000000101,e78f135624ce,-71,11.803,4.110563091,1.801976932,0.011804614,0.004390773,-1.0,1.0,0.013195386,0.011804614,0.013195386,-1.0,-0.004390773
1581251546.1934154,000000000101,e78f135624ce,-67,11.8285359,4.1995359,1.825885189,-0.096454619,0.009775119,-0.913176957,0.820038212,0.02557417,0.086148399,0.015550237,-0.736440051,-0.014186611
1581251546.6529255,000000000101,e78f135624ce,-77,11.861620626,4.232620626,1.873674238,-0.25942753,0.007324398,-0.743464564,0.676058385,0.042729214,0.24850863,0.010648796,-0.425198551,-0.032567015
1581251547.5642128,000000000101,e78f135624ce,-68,11.755560637,4.400872873,1.852739894,-0.256734042,0.005,-0.041340956,0.09351436,-0.001173404,0.915398938,0.005173404,0.181393085,0.001086702
1581251548.0202425,000000000101,e78f135624ce,-66,11.685230754,4.42341231,1.84852923,-0.176046313,0.004116921,-0.003,0.027233841,-0.00294154,0.972236929,0.004116921,0.150812472,0.00247077
1581251548.4722583,000000000101,e78f135624ce,-65,11.68022008,4.453141804,1.832787295,-0.368667616,0.003,0.024787295,0.027503688,-0.009070902,0.990212705,0.003929098,0.360880322,0.008070902
1581251548.9292457,000000000101,e78f135624ce,-73,11.663919602,4.465265418,1.824203745,-0.237016495,0.003734582,0.024796255,0.016123347,-0.011530837,0.996734582,0.004734582,0.235016495,0.008796255
1581251549.38456,000000000101,e78f135624ce,-75,11.642045767,4.467609153,1.83117254,-0.13813365,0.004390847,0.019218307,0.00782746,-0.006218307,0.999,0.004390847,0.13713365,0.004218307
1581251549.835558,000000000101,e78f135624ce,-77,11.624972186,4.466,1.835986093,-0.071970873,0.005013907,0.012972186,0.001972186,-0.005,1.0,0.005013907,0.071970873,0.003
1581251551.190226,000000000101,e78f135624ce,-69,11.637733322,4.569561873,1.837542862,-0.009209645,0.005,0.054276184,-0.000638092,-0.006819046,0.998,0.005,0.009209645,0.004638092
1581251551.6452103,000000000101,e78f135624ce,-67,11.647690604,4.656346499,1.832363854,-0.010797128,0.001472771,0.049690604,0.003636146,-0.009581688,0.998472771,0.002,0.010797128,0.005581688
1581251552.0992255,000000000101,e78f135624ce,-67,11.641523831,4.77016648,1.831761915,-0.026500336,0.004595211,0.046119042,0.003166704,-0.007880958,0.999,0.005476169,0.026500336,0.005119042
1581251552.5512488,000000000101,e78f135624ce,-78,11.592208688,4.896041437,1.783416875,0.014914622,0.008916625,0.065916625,-0.011124812,-0.004270844,0.996270844,0.008916625,-0.015643778,0.019916625
1581251553.007229,000000000101,e78f135624ce,-78,11.5415507,4.989043702,1.779405598,0.442550271,0.016,0.071913025,-0.045188375,0.001985576,0.995362325,0.015637675,-0.445187946,0.011985576
1581251553.010201,000000000101,e78f135624ce,-71,11.541451637,4.989935269,1.778613094,0.440742371,0.016,0.071838728,-0.045064546,0.002257999,0.995387091,0.015612909,-0.44335528,0.012257999
1581251553.4642067,000000000101,e78f135624ce,-64,11.494,5.129182629,1.75400761,0.36083259,0.016988586,0.075003805,-0.047980976,-0.00200761,0.995,0.016988586,-0.36283259,0.018996195
1581251554.3711984,000000000101,e78f135624ce,-78,11.459024652,5.439967025,1.751559629,0.446008323,0.015465023,0.055057627,-0.051720185,-0.008267488,0.996267488,0.016465023,-0.448473346,0.010325116
1581251554.823191,000000000101,e78f135624ce,-74,11.452216239,5.603256322,1.763767934,0.433336487,0.016712025,0.047671942,-0.046959917,-0.004863926,0.996904008,0.016712025,-0.435432479,0.010808017
1581251555.2832472,000000000101,e78f135624ce,-65,11.472540883,5.77717622,1.803295583,0.386239188,0.012540883,0.050459117,-0.043704417,-0.003459117,0.997,0.013,-0.387239188,0.00162265
1581251555.7376163,000000000101,e78f135624ce,-80,11.472016902,5.962168311,1.790495775,0.570000707,0.018630282,0.078747887,-0.063378169,0.003126056,0.995126056,0.018504225,-0.573000707,0.008
1581251556.194673,000000000101,e78f135624ce,-66,11.556469218,6.123992267,1.728192327,0.776876971,0.025207693,0.058623079,-0.049453852,0.019584614,0.996792307,0.024207693,-0.778669278,0.027338455
1581251557.0992198,000000000101,e78f135624ce,-77,11.617773489,6.496077413,1.780110498,0.723867232,0.021,0.030668505,-0.027447508,0.001779003,0.998110498,0.021,-0.724867232,0.003220997
1581251557.554194,000000000101,e78f135624ce,-75,11.639387851,6.707147202,1.783268691,0.226422883,0.013806074,0.032731309,-0.00688084,-0.002,0.999,0.013806074,-0.226422883,0.012193926
1581251558.0042112,000000000101,e78f135624ce,-88,11.644761528,6.905692126,1.79203074,0.176668361,0.012761528,0.04,-0.006284583,-0.005253843,0.999,0.01301537,-0.176668361,0.009730787
1581251558.4647882,000000000101,e78f135624ce,-68,11.648344689,7.10900161,1.808068938,0.180517436,0.012931062,0.039931062,-0.007724249,-0.009068938,0.999,0.012931062,-0.180517436,0.005931062
1581251558.9172454,000000000101,e78f135624ce,-75,11.649434651,7.318920918,1.814130697,-0.246249022,0.007303954,0.027303954,0.003826743,-0.011696046,0.999,0.007303954,0.246249022,0.011130697
1581251559.3760033,000000000101,e78f135624ce,-70,11.649,7.537638008,1.819248102,-0.763870924,-0.001248102,0.027248102,0.019744305,-0.019496204,0.999,-0.000496204,0.764119026,0.019496204
1581251559.8281775,000000000101,e78f135624ce,-68,11.648129771,7.744732804,1.820870229,-0.924496173,-0.003870229,0.031870229,0.029740457,-0.022,0.999,-0.003,0.924625945,0.022
1581251560.2852032,000000000101,e78f135624ce,-69,11.64851211,7.947653923,1.823024219,-0.975096878,-0.00651211,0.037536329,0.036536329,-0.02,0.999,-0.00551211,0.975584768,0.02
1581251560.7406797,000000000101,e78f135624ce,-71,11.653,8.137477259,1.822576759,-0.991282161,-0.005717839,0.045564321,0.044705402,-0.020282161,0.99885892,-0.004576759,0.992282161,0.02114108
1581251561.1913078,000000000101,e78f135624ce,-82,11.657,8.311769972,1.819249556,-0.995750444,-0.005750444,0.053750444,0.053750444,-0.022750444,0.998,-0.004750444,0.997,0.022750444
1581251561.6491766,000000000101,e78f135624ce,-69,11.657,8.4522171,1.815426358,-0.997426358,-0.004426358,0.057,0.057,-0.024573642,0.998,-0.003426358,0.999,0.024573642
1581251562.1017022,000000000101,e78f135624ce,-68,11.66,8.541101075,1.815122342,-0.998,-0.006,0.056938829,0.056938829,-0.022938829,0.998,-0.004061171,0.999061171,0.022938829
1581251562.551631,000000000101,e78f135624ce,-69,11.658649008,8.59284107,1.816,-0.998,-0.006649008,0.053,0.053,-0.023,0.998,-0.005,1.0,0.023
1581251563.0044386,000000000101,e78f135624ce,-69,11.659,8.624534428,1.817488524,-0.999,-0.005,0.052744262,0.052744262,-0.021255738,0.998,-0.004,1.0,0.022255738
1581251563.9131722,000000000101,e78f135624ce,-73,11.657534017,8.656068034,1.816,-0.999,-0.003534017,0.05,0.05,-0.023,0.998,-0.002534017,1.0,0.023
1581251564.3671713,000000000101,e78f135624ce,-82,11.681896423,8.658380728,1.771007219,-0.801212183,0.000231325,-0.029920268,-0.034688944,-0.059224106,0.945496554,7.4702e-05,0.847946954,0.057530132
1581251564.3701458,000000000101,e78f135624ce,-74,11.681666139,8.658347145,1.771069587,-0.800386996,0.000236122,-0.031225215,-0.035989093,-0.059166535,0.944469868,5.5512e-05,0.848153251,0.057458168
1581251564.8281794,000000000101,e78f135624ce,-72,11.646205469,8.653175798,1.780673519,-0.673319598,0.000974886,-0.232169008,-0.236194122,-0.050301367,0.786374383,-0.002899544,0.879920101,0.046376709
1581251566.1911676,000000000101,e78f135624ce,-74,11.754087518,8.59117073,1.812391679,0.013741752,0.007,-0.972262555,0.884441898,0.009391679,0.070824963,0.010695839,-0.863008614,-0.004
1581251566.6451595,000000000101,e78f135624ce,-74,11.762468841,8.558734421,1.812,0.036,0.007,-0.990734421,0.963039313,0.01036721,0.054163948,0.011,-0.956773734,-0.005
1581251567.0991561,000000000101,e78f135624ce,-72,11.773077231,8.556115846,1.813231692,0.038961385,0.007077231,-0.996038615,0.988115846,0.011038615,0.044884154,0.012,-0.986154461,-0.007038615
1581251567.5571845,000000000101,e78f135624ce,-76,11.775335171,8.554662072,1.823332414,0.039335171,0.010332414,-0.998,0.995667586,0.011,0.040667586,0.012,-0.995667586,-0.009332414
1581251568.0111742,000000000101,e78f135624ce,-72,11.770628794,8.546914137,1.813599741,0.034542931,0.005457069,-0.999,0.998,0.012685603,0.035542931,0.012685603,-0.998228534,-0.005457069
1581251569.3721323,000000000101,e78f135624ce,-68,11.525768116,8.539282805,1.803858598,0.049434391,-0.004,-0.999,0.999,0.009858598,0.049434391,0.009858598,-1.0,0.004
1581251569.8305423,000000000101,e78f135624ce,-73,11.377509485,8.53877359,1.801806603,0.040386795,-0.005,-0.999,0.999,0.010806603,0.040386795,0.01,-1.0,0.006
1581251570.2805948,000000000101,e78f135624ce,-85,11.202262094,8.555780746,1.805,0.032609627,-0.003,-0.999,0.999,0.01,0.032609627,0.01,-1.0,0.003
1581251570.740181,000000000101,e78f135624ce,-69,11.016320471,8.571160772,1.806107181,0.017839228,-0.001,-1.0,1.0,0.008,0.017839228,0.008,-1.0,0.001
1581251572.0991461,000000000101,e78f135624ce,-71,10.415148471,8.627271054,1.820923269,-0.019769807,0.010923269,-0.999,0.08111603,0.003191828,0.024808172,0.004191828,-0.080154396,0.006846538
1581251572.5521474,000000000101,e78f135624ce,-74,10.181381458,8.628290066,1.818860044,-0.025139956,0.009860044,-0.999,0.449316112,0.006569978,-0.004129801,0.006569978,-0.449316112,0.001290066
1581251573.0021513,000000000101,e78f135624ce,-71,9.910499273,8.613079942,1.829153343,-0.003539971,0.014153343,-0.999,-0.138934594,0.005846657,-0.020153343,0.005693314,0.138934594,0.008306686
1581251573.457137,000000000101,e78f135624ce,-85,9.630739493,8.616228291,1.829181139,-0.01659057,0.014795285,-0.999,-0.43848997,0.001,-0.012251867,0.000795285,0.43848997,0.01259057
1581251573.9132793,000000000101,e78f135624ce,-71,9.380777457,8.602084165,1.835542083,-0.026,0.016,-0.999,-0.822185453,-0.002457917,0.016915835,-0.002457917,0.822185453,0.015457917
1581251574.365284,000000000101,e78f135624ce,-74,9.147809715,8.583505687,1.833164771,-0.012588073,0.014835229,-1.0,-0.943318168,-0.006,0.009588073,-0.005082385,0.943318168,0.014835229
1581251574.822452,000000000101,e78f135624ce,-68,8.919356137,8.562284527,1.839430946,0.003715473,0.011284527,-1.0,-0.982008312,-0.004,-0.004715473,-0.004,0.982008312,0.011284527
1581251575.2755387,000000000101,e78f135624ce,-70,8.694215817,8.550665188,1.838,0.003,0.014288987,-1.0,-0.994288987,-0.004711013,-0.003,-0.004711013,0.993577975,0.014288987
1581251576.6321423,000000000101,e78f135624ce,-79,7.988209457,8.52201401,1.829811208,-0.038202802,0.016391594,-0.999,-0.999,-0.009,0.038202802,-0.008797198,1.0,0.016594396
1581251577.0906422,000000000101,e78f135624ce,-67,7.75662635,8.517165868,1.837523353,-0.035761677,0.011238323,-0.999,-0.999,-0.007119162,0.035761677,-0.007119162,1.0,0.012238323
1581251577.5420413,000000000101,e78f135624ce,-69,7.53246426,8.509243954,1.839756046,-0.028804943,0.011121977,-0.999439011,-0.999439011,-0.006439011,0.028804943,-0.005878023,1.0,0.011121977
1581251578.0021336,000000000101,e78f135624ce,-81,7.304598652,8.511860275,1.841930137,-0.014580824,0.009930137,-1.0,-1.0,-0.011139725,0.014580824,-0.011069863,1.0,0.009930137
1581251578.4541342,000000000101,e78f135624ce,-82,7.08450318,8.492571058,1.835266321,0.003171577,0.011781051,-1.0,-1.0,-0.010695263,-0.003171577,-0.010695263,1.0,0.011781051
1581251578.9081416,000000000101,e78f135624ce,-74,6.853804203,8.46626821,1.817560841,0.007682948,0.015682948,-1.0,-1.0,-0.013365895,-0.007682948,-0.013707369,1.0,0.015682948
1581251579.3621256,000000000101,e78f135624ce,-70,6.639595594,8.473742812,1.788121826,0.002094754,0.020972928,-1.0,-1.0,-0.02,-0.003081217,-0.02,0.999,0.020959391
1581251579.8141813,000000000101,e78f135624ce,-71,6.540196088,8.550760782,1.81804313,-0.001239218,0.016586927,-1.0,0.067491322,0.000521565,0.001760782,0.000521565,-0.067491322,0.000478435
1581251580.2651129,000000000101,e78f135624ce,-70,6.435852669,8.5573407,1.838041743,0.002575813,0.015821977,-1.0,0.680905463,0.010643953,0.004287907,0.010643953,-0.680905463,-0.009287907
1581251580.7191076,000000000101,e78f135624ce,-75,6.264118046,8.615326901,1.845293985,0.00591487,0.017431328,-0.999189557,0.858901251,0.015620885,0.00791487,0.015620885,-0.858901251,-0.014241771
1581251581.176197,000000000101,e78f135624ce,-74,6.132344449,8.641126872,1.858401808,0.010558915,0.019,-0.999480362,0.955244702,0.016960723,0.011558915,0.016960723,-0.955244702,-0.017480362
1581251581.6341162,000000000101,e78f135624ce,-68,6.047023405,8.65509664,1.869373348,0.019843337,0.019686674,-0.999,0.985626652,0.018843337,0.020843337,0.018843337,-0.985626652,-0.018843337
1581251582.088142,000000000101,e78f135624ce,-68,6.009347408,8.655213401,1.871493805,0.026,0.019640202,-0.999,0.994786599,0.017213401,0.026,0.017426801,-0.995573199,-0.018640202
1581251582.5390887,000000000101,e78f135624ce,-69,5.977221777,8.661022578,1.859511289,0.023866533,0.016755645,-0.999,0.998,0.015,0.023866533,0.015622178,-0.998377822,-0.016755645
1581251582.99312,000000000101,e78f135624ce,-74,5.961014542,8.645014542,1.852029083,0.027,0.015009694,-0.999,0.999,0.015,0.027,0.015004847,-0.999,-0.015004847
1581251583.443102,000000000101,e78f135624ce,-72,6.023103987,8.67188319,1.834363955,-0.283235022,0.021389601,-0.87203847,0.216321982,-0.01007764,0.307741433,0.006428772,-0.091139654,0.015181627
1581251583.8951042,000000000101,e78f135624ce,-68,6.004935097,8.696482372,1.902723558,-0.721294869,0.016517628,-0.497575326,-0.151452725,0.035276442,0.728571311,0.024276442,0.652118586,-0.026758814
1581251584.351167,000000000101,e78f135624ce,-69,5.909411747,8.675838869,1.876838869,-0.911749384,0.005419434,-0.16360609,-0.053621464,0.00173401,0.913749384,0.008524293,0.889910515,0.00126599
1581251584.812241,000000000101,e78f135624ce,-71,5.845555685,8.655873053,1.854873053,-0.971785631,0.001468263,-0.043833527,-0.008682632,-0.013063474,0.972253894,0.002468263,0.964849105,0.014063474
1581251585.262177,000000000101,e78f135624ce,-71,5.809463742,8.644846783,1.841846783,-0.990229825,-0.001,0.00045965,0.012229825,-0.017,0.990229825,-0.000923392,0.988229825,0.017923392
1581251585.716285,000000000101,e78f135624ce,-71,5.788338038,8.637535215,1.836267608,-0.996732392,-0.001,0.015464785,0.018732392,-0.017267608,0.996732392,-0.000732392,0.996464785,0.018
1581251586.1671119,000000000101,e78f135624ce,-73,5.774856532,8.633618844,1.829381156,-0.999,-0.002,0.019,0.02,-0.019618844,0.999,-0.001,0.998381156,0.020237688
1581251587.0761163,000000000101,e78f135624ce,-79,5.76,8.64192088,1.825,-0.999,-0.002,0.03092088,0.031263004,-0.019342124,0.999,-0.001,1.0,0.019342124
1581251587.5271108,000000000101,e78f135624ce,-72,5.76121237,8.689247409,1.82378763,-0.999,-0.00478763,0.038362889,0.038362889,-0.02,0.999,-0.004,1.0,0.02
1581251587.5300665,000000000101,e78f135624ce,-69,5.76123924,8.689784805,1.82376076,-0.999,-0.00476076,0.038282279,0.038282279,-0.02,0.999,-0.004,1.0,0.02
1581251587.9860804,000000000101,e78f135624ce,-69,5.768728159,8.756873829,1.838456318,0.089670234,0.00586408,0.02913592,0.002951443,-0.021,0.999,0.006728159,-0.089670234,-0.002456318
1581251588.4421048,000000000101,e78f135624ce,-69,5.779051612,8.863403211,1.846525806,0.703899961,0.012,0.025422582,-0.014525806,-0.015422582,0.999525806,0.012,-0.704899961,-0.009
1581251588.897081,000000000101,e78f135624ce,-84,5.785,8.99917874,1.848179469,0.90684565,0.015,0.006282126,-0.002461594,-0.012,1.0,0.015,-0.906666181,-0.010179469
1581251589.3540962,000000000101,e78f135624ce,-74,5.782327564,9.155793601,1.848836218,0.970362182,0.016,-0.001,0.002163782,-0.011,1.0,0.016,-0.970362182,-0.01
1581251589.81211,000000000101,e78f135624ce,-75,5.775513667,9.329857634,1.847513667,0.990458998,0.017,-0.001486333,0.002486333,-0.008513667,1.0,0.017,-0.990458998,-0.008513667
1581251590.2690792,000000000101,e78f135624ce,-71,5.767616772,9.51138714,1.845872257,0.997,0.018,-0.008510971,0.008510971,-0.008872257,1.0,0.018,-0.997127743,-0.008872257
1581251591.6290731,000000000101,e78f135624ce,-76,5.738795263,10.138334004,1.825040947,-0.093683258,0.01,-0.015040947,0.004959053,-0.024959053,0.999,0.01,0.092724205,0.010877158
1581251592.080066,000000000101,e78f135624ce,-69,5.727092101,10.349701841,1.805285046,-0.166982826,0.008728067,-0.017271933,-0.00208773,-0.029995629,0.999,0.007728067,0.16634686,0.015539494
1581251592.5320694,000000000101,e78f135624ce,-77,5.72347199,10.552687703,1.80252801,-0.068967806,0.010764005,-0.014292015,0.0,-0.01852801,0.999,0.01,0.068731811,0.01
1581251592.9860775,000000000101,e78f135624ce,-71,5.603059744,10.768979393,1.703244089,-0.151313098,0.007864058,0.02573738,-0.038009265,0.008465495,0.993407827,0.003271885,0.149313098,0.039553035
1581251593.4450853,000000000101,e78f135624ce,-84,5.476917166,10.952729032,1.512025346,-0.105151036,0.008902535,0.031610138,-0.065841129,0.004830415,0.988,0.001451267,0.102602303,0.085353802
1581251593.8990853,000000000101,e78f135624ce,-71,5.547092624,11.15310855,1.632194887,-0.020917016,0.008,-0.003610226,-0.031440905,-0.014440905,0.993194887,0.004194887,0.019917016,0.031
1581251594.3550565,000000000101,e78f135624ce,-70,5.587798997,11.375718594,1.5529397,-0.044587941,0.014,-0.007532663,-0.019386934,0.002557789,0.985,0.005,0.04674372,0.056829145
1581251594.8110526,000000000101,e78f135624ce,-80,5.657450345,11.598511311,1.69750115,0.39619862,0.018709931,-0.02,-0.000279908,0.000279908,0.984290069,0.009430023,-0.391628643,0.019259586
1581251595.2730565,000000000101,e78f135624ce,-78,5.617362028,11.791484012,1.74257698,0.252509104,0.013746188,-0.019184456,-0.021353664,0.006169208,0.993,0.009830792,-0.2504245,0.010338416
1581251595.7260447,000000000101,e78f135624ce,-77,5.497695673,11.980456491,1.704578512,0.386967427,0.014,-0.012538648,-0.046037433,0.016192027,0.994,0.011,-0.384967427,0.02511473
1581251596.1875224,000000000101,e78f135624ce,-73,5.486565859,12.200242059,1.755751016,0.358163782,0.011455517,-0.015277585,-0.038078278,0.005234834,0.994633449,0.010455517,-0.35479723,0.003046214
1581251596.639058,000000000101,e78f135624ce,-76,5.614343937,12.430467189,1.766015906,0.559065621,0.015890656,-0.044359843,0.015469187,0.002328031,0.993218688,0.013,-0.558065621,0.004765407
1581251597.0930543,000000000101,e78f135624ce,-75,5.635046637,12.619931199,1.762604741,0.174160536,0.007837156,-0.018116207,-0.005162844,0.001837156,0.997,0.006837156,-0.173881484,0.014279052
1581251597.5440774,000000000101,e78f135624ce,-85,5.640411251,12.806060862,1.740275703,0.073943746,0.004724297,0.000724297,-0.016621484,0.013448594,0.997275703,0.002724297,-0.073943746,0.026724297
1581251597.9960506,000000000101,e78f135624ce,-81,5.650140856,12.972464813,1.752230054,0.207272299,0.006727701,0.017680749,-0.019225348,0.002953048,0.998,0.005727701,-0.207408449,0.016816898
1581251598.4549315,000000000101,e78f135624ce,-80,5.633688745,13.144449542,1.844403446,0.191642649,0.00754755,0.032976952,-0.029429402,-0.034285299,0.9930951,0.012,-0.19354755,-0.018285299
1581251598.9087253,000000000101,e78f135624ce,-85,5.672881763,13.265995056,1.818734002,0.114610821,0.006,0.018655177,-0.018847295,-0.015270942,0.997192118,0.006807882,-0.115610821,0.00353694
1581251599.364432,000000000101,e78f135624ce,-78,5.595274231,13.351136423,1.849272846,0.283169144,0.007,0.062282393,-0.063604358,-0.032297406,0.987931788,0.012873123,-0.292398338,-0.015653476
1581251600.275054,000000000101,e78f135624ce,-83,5.720166583,13.421659395,1.789470996,0.357399113,0.009,-0.000847793,-0.003246406,0.002434804,0.998,0.009905801,-0.358399113,0.016717402
1581251600.733438,000000000101,e78f135624ce,-77,5.754067322,13.439300492,1.800834153,-0.423298779,-0.000300492,-0.009766831,-0.003533661,-0.011533661,0.999,0.000466339,0.423065609,0.019
1581251601.1882925,000000000101,e78f135624ce,-84,5.768678231,13.454839115,1.803321769,-0.795747614,-0.007580442,-0.137277534,-0.135277534,-0.034776019,0.977671944,-0.015517346,0.81607567,0.034517346
1581251601.191042,000000000101,e78f135624ce,-71,5.768762829,13.454881414,1.803237171,-0.796339801,-0.007559293,-0.13930789,-0.13730789,-0.034966365,0.977100906,-0.015644243,0.817238895,0.034644243
1581251601.6430414,000000000101,e78f135624ce,-77,5.787857668,13.445356749,1.794714111,-0.653281601,-0.005857055,-0.577361649,-0.575290177,-0.056428834,0.709209517,-0.042571779,0.941072085,0.035785583
1581251602.0960517,000000000101,e78f135624ce,-75,5.82025661,13.285601864,1.816345254,-0.246247288,-0.003685847,-0.850606526,-0.694052881,-0.035199068,0.285074661,-0.029570763,0.81330483,0.015827373
1581251602.9990473,000000000101,e78f135624ce,-80,5.840470278,13.363547607,1.838398738,-0.044113098,-0.001434508,-0.98332141,-0.474963709,-0.014773803,0.063904787,-0.013773803,0.488416102,0.001565492
1581251603.4510412,000000000101,e78f135624ce,-81,5.846964751,13.338693871,1.838764369,-0.011517625,0.005929502,-0.993035249,-0.330777391,-0.010482375,0.051894252,-0.01,0.334259766,0.005894252
1581251603.9070284,000000000101,e78f135624ce,-80,5.85107439,13.361672155,1.851776829,-0.00892561,0.002611585,-0.997,-0.16579065,-0.008,0.040537195,-0.008,0.166611585,0.002895325
1581251603.9100206,000000000101,e78f135624ce,-72,5.851212489,13.36137294,1.851362532,-0.008787511,0.002818734,-0.997,-0.166020816,-0.008,0.040606245,-0.008,0.166818734,0.003010408
1581251604.36824,000000000101,e78f135624ce,-72,5.854292488,13.390612254,1.855190516,-0.018836761,0.003516995,-0.998,-0.293817043,-0.010612254,0.043129249,-0.010612254,0.294817043,0.000258498
1581251604.8240545,000000000101,e78f135624ce,-76,5.859658506,13.452060892,1.917512241,-0.040201193,-0.008798807,-0.997542687,-0.524060892,-0.009542687,0.054286566,-0.010085373,0.525518205,-0.011798807
1581251605.7280374,000000000101,e78f135624ce,-73,5.834306076,13.445653038,1.898959115,-0.025653038,-0.005346962,-0.998,-0.437367968,-0.011,0.044387847,-0.011,0.437694487,-0.001979557
1581251606.1800604,000000000101,e78f135624ce,-77,5.804030538,13.447323154,1.892330789,-0.003346057,-0.002346057,-0.999,0.25577347,0.000653943,0.031346057,0.000653943,-0.25577347,-0.003661577
1581251606.6400404,000000000101,e78f135624ce,-82,5.727202734,13.417,1.869595615,0.014865205,0.000955068,-0.998,0.440079443,0.003910137,0.049044932,0.003910137,-0.441034511,-0.000910137
1581251607.0970302,000000000101,e78f135624ce,-71,5.58402175,13.3950029,1.864333817,0.0140029,0.005333817,-0.998,0.229068151,0.002333817,0.054667633,0.002333817,-0.229401968,-0.005
1581251607.5530162,000000000101,e78f135624ce,-71,5.420899038,13.373201832,1.867733944,0.013403665,0.008733944,-0.998,0.144394412,0.001,0.053467888,0.001733944,-0.145128356,-0.007733944
1581251608.0101542,000000000101,e78f135624ce,-80,5.226542906,13.360627499,1.863209166,-0.018745002,0.006104583,-0.999,-0.38730546,-0.005686251,0.051,-0.004686251,0.388200877,-0.002209166
1581251608.4610388,000000000101,e78f135624ce,-78,5.026014048,13.345929575,1.854964787,-0.047070425,0.006,-0.998,-0.801573983,-0.013035213,0.057,-0.012517606,0.803091589,0.003517606
1581251608.9219944,000000000101,e78f135624ce,-80,4.822267681,13.333913674,1.851,-0.044130939,0.004782735,-0.999,-0.937693508,-0.015782735,0.047913674,-0.015782735,0.938693508,0.004
1581251609.8320014,000000000101,e78f135624ce,-65,4.427301425,13.316543714,1.847514571,-0.002058285,0.005485429,-1.0,-0.993485429,-0.014029143,0.002572857,-0.014,0.993970857,0.005485429
1581251610.2851384,000000000101,e78f135624ce,-70,4.227970162,13.312905097,1.847,0.003905097,0.004905097,-1.0,-0.998,-0.012094903,-0.003905097,-0.012094903,0.998,0.004905097
1581251610.740043,000000000101,e78f135624ce,-85,4.027260701,13.316,1.844518571,-0.007962858,0.005740715,-1.0,-0.999,-0.013740715,0.007962858,-0.013740715,0.999,0.005740715
1581251611.1990201,000000000101,e78f135624ce,-81,3.827317096,13.32625155,1.81459876,-0.02185031,0.01914969,-0.999,-0.953083263,-0.021,0.02170062,-0.02,0.953083263,0.021275465
1581251611.6529872,000000000101,e78f135624ce,-76,3.6394472,13.350497392,1.810142112,-0.015786832,0.015928944,-0.999071056,-0.58950979,-0.016715776,0.021715776,-0.015715776,0.58950979,0.013786832
1581251612.1100245,000000000101,e78f135624ce,-73,3.44517649,13.362,1.808281046,-0.007124184,0.015,-1.0,-0.407392181,-0.013,0.008843138,-0.013,0.407392181,0.012
1581251612.5600204,000000000101,e78f135624ce,-74,3.234958032,13.355884226,1.807884226,0.003418028,0.015209014,-1.0,-0.430476327,-0.014511267,-0.009115774,-0.014511267,0.430476327,0.011209014
1581251613.0110004,000000000101,e78f135624ce,-83,3.026099864,13.345901926,1.804607703,0.010294223,0.019,-0.999901926,-0.465341687,-0.013588446,-0.012490372,-0.013588446,0.465341687,0.011392297
1581251613.461987,000000000101,e78f135624ce,-79,2.797981097,13.3174751,1.7837241,0.0068506,0.0248506,-0.9995249,-0.813444203,-0.0199502,-0.0078506,-0.0209502,0.813444203,0.0213755
1581251613.9119818,000000000101,e78f135624ce,-74,2.578969464,13.309664655,1.79471951,-0.00568294,0.018,-0.999859755,-0.940384165,-0.014420735,0.005542695,-0.014420735,0.940384165,0.018
1581251615.2750523,000000000101,e78f135624ce,-81,2.045919956,13.34381362,1.789751493,-0.023875747,0.012124253,-0.999,-0.997,-0.019937873,0.023875747,-0.019937873,0.997937873,0.01218638
1581251615.7319791,000000000101,e78f135624ce,-75,1.902531266,13.385890624,1.788479168,-0.046260416,0.010260416,-0.998369792,-0.998,-0.021,0.046260416,-0.021,0.999,0.011260416
1581251616.1839652,000000000101,e78f135624ce,-68,1.746073678,13.412436258,1.776010761,-0.056574503,0.012138245,-0.998,-0.998,-0.022425497,0.056287252,-0.021712748,0.999,0.013138245
1581251616.6451015,000000000101,e78f135624ce,-78,1.543497979,13.382115851,1.773990346,-0.051057925,0.015009654,-0.998,-0.998,-0.021,0.05006758,-0.020009654,0.999,0.016009654
1581251617.095024,000000000101,e78f135624ce,-77,1.348805908,13.393986664,1.778543701,-0.058771851,0.014228149,-0.997442963,-0.998,-0.023557037,0.058328888,-0.023,0.999,0.015228149
1581251618.0050952,000000000101,e78f135624ce,-72,0.973478122,13.457489464,1.804440843,-0.058118314,0.004,-0.998,-0.998,-0.022559157,0.058118314,-0.022559157,0.999,0.005
1581251618.4589815,000000000101,e78f135624ce,-72,0.788731112,13.455621447,1.781849716,-0.043974005,0.007725426,-0.998,-0.998,-0.023725426,0.043974005,-0.024150284,0.999,0.008725426
1581251618.9139633,000000000101,e78f135624ce,-78,0.621700297,13.49,1.826421931,-0.051,-0.009057228,-0.996921436,-0.997,-0.020157129,0.051,-0.021078564,0.998921436,-0.008057228
1581251619.3689778,000000000101,e78f135624ce,-71,0.51366467,13.577102317,1.766653476,-0.065,-0.001840927,-0.996,-0.997,-0.019,0.065,-0.019710232,0.999,-0.000130695
1581251619.8219824,000000000101,e78f135624ce,-70,0.458362794,13.646558091,1.853955809,-0.076548824,-0.021362794,-0.996,-0.996681397,-0.016318603,0.076548824,-0.018,0.999,-0.020044191
