1581251523.4263213,000000000102,e78f135624ce,-77,17.786257112,4.547000083,1.794771419,0.009599983,0.001828564,-1.000057145,0.999,0.02,0.009599983,0.02,-1.000057145,-0.002828564
1581251523.882312,000000000102,e78f135624ce,-77,17.833043227,4.416265996,1.807021614,0.028812968,0.006208645,-1.0,0.999,0.018,0.028812968,0.018604323,-1.0,-0.006604323
1581251524.3373432,000000000102,e78f135624ce,-78,17.864679658,4.314721076,1.818479902,0.037479902,0.009,-0.999,0.999,0.016760049,0.037479902,0.016760049,-1.0,-0.008
1581251524.790314,000000000102,e78f135624ce,-74,17.885144976,4.246198633,1.827366439,0.040877854,0.009244293,-0.999,0.999,0.015,0.041755707,0.016,-1.0,-0.009244293
1581251525.702317,000000000102,e78f135624ce,-77,17.908077881,4.178610597,1.830155761,0.043,0.009,-0.999,0.999,0.015,0.043,0.015922119,-1.0,-0.009
1581251526.1634126,000000000102,e78f135624ce,-75,17.909,4.166216697,1.836783303,0.042216697,0.010783303,-0.999,0.999,0.015,0.042216697,0.015,-1.0,-0.01
1581251526.6213148,000000000102,e78f135624ce,-74,17.91596521,4.168517395,1.83803479,0.039,0.009517395,-0.999,0.999,0.014482605,0.039,0.015,-1.0,-0.009
1581251527.0723097,000000000102,e78f135624ce,-71,17.917867431,4.170337154,1.842132569,0.036132569,0.01,-0.999,0.999,0.014132569,0.036132569,0.014132569,-1.0,-0.01
1581251527.9793012,000000000102,e78f135624ce,-78,17.873963593,4.168370074,1.840296259,0.048296259,0.009,-0.999,0.999,0.014703741,0.048296259,0.014703741,-1.0,-0.008
1581251528.4402962,000000000102,e78f135624ce,-83,17.824478242,4.172079707,1.825106276,0.069681172,0.004026569,-0.997026569,0.997026569,0.016,0.069681172,0.016,-1.0,-0.002053138
1581251528.8963778,000000000102,e78f135624ce,-73,17.732118483,4.186906793,1.813177988,0.042550816,0.001271195,-0.998635598,0.998635598,0.014364402,0.042186414,0.014364402,-0.999635598,-0.000271195
1581251529.354299,000000000102,e78f135624ce,-80,17.596835299,4.187935746,1.827311915,0.028752338,0.006,-0.999,0.999,0.013,0.028752338,0.013,-1.0,-0.006
1581251530.2643807,000000000102,e78f135624ce,-74,17.274393399,4.171,1.834588588,0.026822823,0.006588588,-1.0,0.999588588,0.013411412,0.027234235,0.013822823,-1.0,-0.006588588
1581251530.7162569,000000000102,e78f135624ce,-75,17.092622194,4.167187556,1.836187556,0.020437332,0.01,-1.0,1.0,0.013624888,0.021249775,0.013624888,-1.0,-0.009187556
1581251530.71928,000000000102,e78f135624ce,-70,17.091362548,4.167212749,1.836212749,0.020361753,0.01,-1.0,1.0,0.013574502,0.021149004,0.013574502,-1.0,-0.009212749
1581251531.6192684,000000000102,e78f135624ce,-70,16.695084407,4.151291743,1.837,0.020708257,0.010572936,-1.0,1.0,0.013,0.020708257,0.013,-1.0,-0.010572936
1581251532.0802948,000000000102,e78f135624ce,-68,16.48574574,4.134618197,1.837127268,0.034381803,0.008127268,-0.999,0.999,0.013127268,0.034381803,0.013127268,-1.0,-0.008
1581251532.531292,000000000102,e78f135624ce,-74,16.281417597,4.121811452,1.838,0.050647579,0.009,-0.998270484,0.998270484,0.016729516,0.050918063,0.017729516,-1.0,-0.008
1581251532.9882827,000000000102,e78f135624ce,-77,16.078702549,4.124113314,1.835,0.055515581,0.006,-0.998,0.998,0.018,0.055515581,0.018628895,-1.0,-0.005
1581251533.4402828,000000000102,e78f135624ce,-76,15.889360256,4.137866642,1.835,0.032213373,0.007,-0.999,0.999,0.018026672,0.032213373,0.018026672,-1.0,-0.006
1581251533.8942652,000000000102,e78f135624ce,-77,15.675174623,4.13614196,1.823238693,-0.002567839,0.01714196,-0.999,0.222075377,0.013619347,0.035380653,0.014619347,-0.221694724,0.006903266
1581251535.2663057,000000000102,e78f135624ce,-82,15.110996944,4.095862625,1.803156563,-0.013118186,0.023137375,-0.999,-0.361443537,0.010431313,0.038568687,0.011431313,0.361012224,0.018274749
1581251535.7212818,000000000102,e78f135624ce,-75,14.929031068,4.090203107,1.788043728,-0.020956272,0.027478136,-0.998,-0.53303798,0.008840621,0.045681243,0.010840621,0.53303798,0.023637515
1581251536.1752853,000000000102,e78f135624ce,-79,14.74597927,4.07640664,1.770423239,-0.01720332,0.03159336,-0.998,-0.579576761,0.01079668,0.047186721,0.01259336,0.578576761,0.02859336
1581251536.6352887,000000000102,e78f135624ce,-80,14.533917517,4.098,1.75897802,-0.04851099,0.032,-0.998,-0.85848357,0.007,0.05897802,0.009,0.858994561,0.031
1581251537.0872726,000000000102,e78f135624ce,-79,14.342758979,4.098672074,1.751168019,-0.051336037,0.032663963,-0.998,-0.954184241,0.004831981,0.054336037,0.006,0.955184241,0.031831981
1581251537.0902462,000000000102,e78f135624ce,-78,14.341590797,4.098757033,1.751189258,-0.051378516,0.032621484,-0.998,-0.954460357,0.004810742,0.054378516,0.006,0.955460357,0.031810742
1581251538.003264,000000000102,e78f135624ce,-74,13.926830452,4.135951386,1.738825231,-0.061412616,0.032174769,-0.997,-0.993412616,0.003174769,0.061825231,0.005174769,0.994825231,0.031587384
1581251538.4622748,000000000102,e78f135624ce,-79,13.708021823,4.148786883,1.752502728,-0.050715845,0.024284155,-0.998,-0.997071039,0.001,0.050786883,0.002,0.998,0.024284155
1581251538.9192698,000000000102,e78f135624ce,-69,13.514405023,4.123774196,1.742673835,-0.02744803,0.028060932,-0.998734767,-0.840025116,0.002204301,0.034060932,0.003469534,0.84029035,0.027326165
1581251540.2912445,000000000102,e78f135624ce,-75,12.987148928,4.071167036,1.786458241,0.004,0.022,-0.999,-0.295801552,0.008812639,0.000541759,0.008812639,0.295801552,0.014187361
1581251540.743255,000000000102,e78f135624ce,-77,12.750259978,4.039707933,1.74101238,0.00998762,0.035670793,-0.998329207,-0.773056849,0.003670793,-0.00898762,0.003,0.772386056,0.033670793
1581251541.1992533,000000000102,e78f135624ce,-74,12.573521997,4.038242136,1.753827046,0.005930818,0.016207545,-0.999,-0.016782938,0.009930818,-0.006207545,0.009930818,0.016782938,0.017172954
1581251541.6512578,000000000102,e78f135624ce,-74,12.39157421,4.057365915,1.768788638,0.007596213,0.005807574,-1.0,0.526220561,0.013192426,0.002192426,0.013192426,-0.526220561,0.007807574
1581251543.009245,000000000102,e78f135624ce,-75,11.963438575,4.102,1.791924914,0.016537543,0.003,-1.0,0.984312285,0.014,0.016537543,0.014,-0.984312285,-0.002
1581251543.4672709,000000000102,e78f135624ce,-75,11.8957606,4.102774654,1.794549309,0.014112673,0.001887327,-1.0,0.995112673,0.015112673,0.014112673,0.015,-0.995112673,-0.001887327
1581251543.9192295,000000000102,e78f135624ce,-75,11.86165543,4.101672285,1.788672285,0.013265543,0.000468914,-1.0,0.998,0.014531086,0.013265543,0.014531086,-0.998,-0.000468914
1581251544.3722548,000000000102,e78f135624ce,-74,11.834267686,4.102,1.795039388,0.013,0.002346463,-1.0,0.999,0.014,0.013,0.014653537,-0.999,-0.002346463
1581251544.826227,000000000102,e78f135624ce,-75,11.823964615,4.098964615,1.788964615,0.013017692,0.0,-1.0,1.0,0.015017692,0.013017692,0.015017692,-1.0,0.0
1581251545.2792523,000000000102,e78f135624ce,-69,11.814213576,4.101786424,1.79219095,0.01180905,0.002,-1.0,1.0,0.014404525,0.01180905,0.014404525,-1.0,-0.001595475
1581251546.1912117,000000000102,e78f135624ce,-80,11.828377234,4.199377234,1.825656004,-0.095673039,0.009786872,-0.913990858,0.820728706,0.025491899,0.085369757,0.015573743,-0.737932692,-0.014098463
1581251546.6512208,000000000102,e78f135624ce,-72,11.861497889,4.232497889,1.87349695,-0.258822933,0.00733349,-0.744094164,0.676592522,0.042665572,0.247906305,0.010666979,-0.426353196,-0.032498827
1581251547.1082425,000000000102,e78f135624ce,-78,11.804101507,4.335434746,1.884811629,-0.262565254,0.005753625,-0.229275518,0.247261017,0.018797128,0.732970857,0.006753625,0.020811488,-0.016289878
1581251548.01921,000000000102,e78f135624ce,-81,11.685445827,4.423386501,1.848537833,-0.173852562,0.004151332,-0.003,0.027302665,-0.002924334,0.972159502,0.004151332,0.148549897,0.002462167
1581251548.4702106,000000000102,e78f135624ce,-80,11.680407794,4.453107674,1.832838489,-0.369469663,0.003,0.024838489,0.027623141,-0.009053837,0.990161511,0.003946163,0.361631174,0.008053837
1581251548.927225,000000000102,e78f135624ce,-80,11.664090575,4.465280961,1.824157116,-0.239301322,0.003719039,0.024842884,0.016247691,-0.011561923,0.996719039,0.004719039,0.237301322,0.008842884
1581251549.3832128,000000000102,e78f135624ce,-73,11.642097586,4.467619517,1.831141448,-0.139190764,0.004380483,0.019239035,0.007858552,-0.006239035,0.999,0.004380483,0.138190764,0.004239035
1581251549.8342173,000000000102,e78f135624ce,-74,11.624992811,4.466,1.835996405,-0.072733998,0.005003595,0.012992811,0.001992811,-0.005,1.0,0.005003595,0.072733998,0.003
1581251550.2861936,000000000102,e78f135624ce,-76,11.613603696,4.475622178,1.848981519,-0.291492808,0.002207393,-0.001,-0.004792607,-0.000207393,1.0,0.002207393,0.291492808,-0.001188911
1581251550.2892077,000000000102,e78f135624ce,-88,11.613628814,4.475772882,1.848855931,-0.290764402,0.002257627,-0.001,-0.004742373,-0.000257627,1.0,0.002257627,0.290764402,-0.001113559
1581251550.7372155,000000000102,e78f135624ce,-74,11.630564361,4.513324267,1.844782181,-0.072039625,0.005804455,0.029737632,0.002368816,-0.003804455,0.999,0.005804455,0.07223517,0.00060891
1581251550.740198,000000000102,e78f135624ce,-79,11.630763187,4.513746771,1.844881593,-0.072934339,0.005779602,0.030085576,0.002542788,-0.003779602,0.999,0.005779602,0.073154738,0.000559203
1581251551.1932304,000000000102,e78f135624ce,-86,11.637895092,4.570000965,1.837473532,-0.007522609,0.005,0.054368624,-0.000684312,-0.006842156,0.998,0.005,0.007522609,0.004684312
1581251552.0982127,000000000102,e78f135624ce,-86,11.641554994,4.769893803,1.831777497,-0.026991155,0.004556258,0.046111252,0.003221239,-0.007888748,0.999,0.005445006,0.026991155,0.005111252
1581251552.549197,000000000102,e78f135624ce,-81,11.59279004,4.895665268,1.783758847,0.011563296,0.008848231,0.065848231,-0.010817037,-0.004287942,0.996287942,0.008848231,-0.012275354,0.019848231
1581251553.0062149,000000000102,e78f135624ce,-75,11.541584508,4.988739432,1.77967606,0.443167263,0.016,0.071938381,-0.045230634,0.001892604,0.995353873,0.015646127,-0.44581339,0.011892604
1581251553.4632058,000000000102,e78f135624ce,-86,11.494087927,5.128849268,1.754008374,0.360635732,0.016995813,0.075004187,-0.04795813,-0.002008374,0.995,0.016995813,-0.362635732,0.019004187
1581251553.919222,000000000102,e78f135624ce,-70,11.518271518,5.282751884,1.715413527,0.321487899,0.014314954,0.052535502,-0.031110274,0.009519635,0.996,0.014972432,-0.322172945,0.027547203
1581251554.3732085,000000000102,e78f135624ce,-73,11.459455389,5.440555699,1.752019082,0.444988912,0.015436307,0.054899691,-0.051490459,-0.008281846,0.996281846,0.016436307,-0.447425219,0.010181537
1581251554.825221,000000000102,e78f135624ce,-74,11.452751457,5.603976097,1.763620288,0.434425378,0.016767392,0.047542752,-0.04677536,-0.004697824,0.996922464,0.016767392,-0.436502914,0.010844928
1581251555.2812064,000000000102,e78f135624ce,-72,11.47252233,5.776415534,1.80338835,0.384996116,0.01252233,0.05047767,-0.04361165,-0.00347767,0.997,0.013,-0.385996116,0.00156699
1581251555.735178,000000000102,e78f135624ce,-83,11.471662239,5.961259486,1.79058444,0.567362899,0.01851945,0.07879222,-0.06331167,0.00310389,0.99510389,0.01841556,-0.570362899,0.008
1581251556.1931977,000000000102,e78f135624ce,-79,11.55629007,6.123433748,1.728455779,0.777530333,0.025218231,0.058654694,-0.049527618,0.019563538,0.996781769,0.024218231,-0.779312102,0.027254151
1581251556.6481838,000000000102,e78f135624ce,-78,11.598159035,6.295313265,1.746840965,0.868409647,0.024,0.041380724,-0.039840965,0.009539759,0.998,0.023539759,-0.869409647,0.014079518
1581251557.1012099,000000000102,e78f135624ce,-75,11.617872993,6.496859229,1.780124713,0.721791864,0.021,0.03062586,-0.027376434,0.001750573,0.998124713,0.021,-0.722791864,0.003249427
1581251557.5562057,000000000102,e78f135624ce,-71,11.639497584,6.708226246,1.783250403,0.223807572,0.013751208,0.032749597,-0.006752818,-0.002,0.999,0.013751208,-0.223807572,0.012248792
1581251558.0062368,000000000102,e78f135624ce,-75,11.644812168,6.906536128,1.792165781,0.180702694,0.012812168,0.04,-0.006436503,-0.005270723,0.999,0.01308289,-0.180702694,0.009646387
1581251558.4632027,000000000102,e78f135624ce,-77,11.648405669,7.108294241,1.808081134,0.180432064,0.012918866,0.039918866,-0.007675465,-0.009081134,0.999,0.012918866,-0.180432064,0.005918866
1581251558.915174,000000000102,e78f135624ce,-72,11.649450585,7.317964897,1.81409883,-0.242409005,0.007351755,0.027351755,0.003747075,-0.011648245,0.999,0.007351755,0.242409005,0.01109883
1581251559.3741732,000000000102,e78f135624ce,-74,11.649,7.536807424,1.819234024,-0.762913641,-0.001234024,0.027234024,0.019702072,-0.019468048,0.999,-0.000468048,0.763147665,0.019468048
1581251559.8311954,000000000102,e78f135624ce,-71,11.648104622,7.74614116,1.820895378,-0.925175202,-0.003895378,0.031895378,0.029790756,-0.022,0.999,-0.003,0.925279824,0.022
1581251560.7381966,000000000102,e78f135624ce,-83,11.653,8.136380542,1.822638837,-0.991240775,-0.005759225,0.04548155,0.044601938,-0.020240775,0.998879612,-0.004638837,0.992240775,0.021120388
1581251561.1891637,000000000102,e78f135624ce,-71,11.657,8.311027785,1.819266049,-0.995733951,-0.005733951,0.053733951,0.053733951,-0.022733951,0.998,-0.004733951,0.997,0.022733951
1581251562.0991771,000000000102,e78f135624ce,-71,11.66,8.540751447,1.815083494,-0.998,-0.006,0.056958253,0.056958253,-0.022958253,0.998,-0.004041747,0.999041747,0.022958253
1581251562.5491877,000000000102,e78f135624ce,-72,11.658628647,8.592657821,1.816,-0.998,-0.006628647,0.053,0.053,-0.023,0.998,-0.005,1.0,0.023
1581251563.002158,000000000102,e78f135624ce,-71,11.659,8.624420392,1.817526536,-0.999,-0.005,0.052763268,0.052763268,-0.021236732,0.998,-0.004,1.0,0.022236732
1581251563.4601665,000000000102,e78f135624ce,-70,11.65810449,8.643477552,1.816,-0.999,-0.004,0.051,0.05110449,-0.022,0.998,-0.003,1.0,0.022
1581251563.9161844,000000000102,e78f135624ce,-72,11.657557187,8.656114375,1.816,-0.999,-0.003557187,0.05,0.05,-0.023,0.998,-0.002557187,1.0,0.023
1581251564.827167,000000000102,e78f135624ce,-74,11.646283843,8.653187227,1.780652293,-0.673600437,0.000973253,-0.231724891,-0.235751638,-0.050320961,0.786723799,-0.002893013,0.879849891,0.046401201
1581251565.7401552,000000000102,e78f135624ce,-75,11.741291142,8.614708858,1.813825315,-0.047602519,0.009883543,-0.916281024,0.641706381,0.003116457,0.130544291,0.008058228,-0.571870948,-5.8228e-05
1581251566.1941724,000000000102,e78f135624ce,-78,11.754151907,8.590805863,1.812434604,0.014042231,0.007,-0.97245572,0.885257483,0.009434604,0.070696187,0.010717302,-0.863995901,-0.004
1581251567.098173,000000000102,e78f135624ce,-81,11.773063184,8.556094776,1.813189553,0.038968408,0.007063184,-0.996031592,0.988094776,0.011031592,0.044905224,0.012,-0.986126369,-0.007031592
1581251567.5551386,000000000102,e78f135624ce,-86,11.775297974,8.554755066,1.823351013,0.039297974,0.010351013,-0.998,0.995648987,0.011,0.040648987,0.012,-0.995648987,-0.009351013
1581251568.0101614,000000000102,e78f135624ce,-74,11.770679434,8.546880377,1.81354066,0.034559811,0.005440189,-0.999,0.998,0.012660283,0.035559811,0.012660283,-0.998220094,-0.005440189
1581251568.4661415,000000000102,e78f135624ce,-70,11.722573569,8.552677255,1.817593647,0.042916392,0.005729098,-0.999,0.998135451,0.012,0.042916392,0.012135451,-0.999,-0.004864549
1581251568.918151,000000000102,e78f135624ce,-74,11.638624438,8.534,1.813018435,0.058,0.001009218,-0.998,0.998,0.012,0.058,0.012,-1.0,-9.218e-06
1581251569.3741615,000000000102,e78f135624ce,-75,11.525190581,8.539314023,1.803842989,0.049371955,-0.004,-0.999,0.999,0.009842989,0.049371955,0.009842989,-1.0,0.004
1581251569.8291552,000000000102,e78f135624ce,-74,11.378018096,8.538819827,1.801795043,0.040409913,-0.005,-0.999,0.999,0.010795043,0.040409913,0.01,-1.0,0.006
1581251570.279144,000000000102,e78f135624ce,-72,11.202842405,8.555756566,1.805,0.032621717,-0.003,-0.999,0.999,0.01,0.032621717,0.01,-1.0,0.003
1581251570.7371256,000000000102,e78f135624ce,-75,11.017593528,8.571084388,1.806056259,0.017915612,-0.001,-1.0,1.0,0.008,0.017915612,0.008,-1.0,0.001
1581251570.7401855,000000000102,e78f135624ce,-75,11.016318583,8.571160885,1.806107257,0.017839115,-0.001,-1.0,1.0,0.008,0.017839115,0.008,-1.0,0.001
1581251571.1984313,000000000102,e78f135624ce,-75,10.830399211,8.577086733,1.814369901,0.008728317,-0.001543366,-1.0,1.0,0.011456634,0.008728317,0.011456634,-1.0,0.002271683
1581251571.6501305,000000000102,e78f135624ce,-69,10.616593625,8.579286454,1.815,0.006356773,0.002356773,-1.0,1.0,0.011356773,0.006356773,0.011356773,-1.0,-0.002356773
1581251572.1012146,000000000102,e78f135624ce,-74,10.414183161,8.62759857,1.820957744,-0.019873233,0.010957744,-0.999,0.074324385,0.003105639,0.024894361,0.004105639,-0.073345513,0.006915488
1581251572.5541434,000000000102,e78f135624ce,-74,10.180283635,8.628240165,1.818826777,-0.025173223,0.009826777,-0.999,0.45224364,0.006586612,-0.004279504,0.006586612,-0.45224364,0.001240165
1581251573.0041728,000000000102,e78f135624ce,-75,9.909235802,8.612978864,1.829170189,-0.003489432,0.014170189,-0.999,-0.14112461,0.005829811,-0.020170189,0.005659621,0.14112461,0.008340379
1581251573.9111443,000000000102,e78f135624ce,-78,9.381861398,8.602117012,1.835558506,-0.026,0.016,-0.999,-0.821282168,-0.002441494,0.016882988,-0.002441494,0.821282168,0.015441494
1581251574.363112,000000000102,e78f135624ce,-70,9.148787111,8.583598772,1.833133743,-0.012665644,0.014866257,-1.0,-0.94306994,-0.006,0.009665644,-0.005066871,0.94306994,0.014866257
1581251574.821119,000000000102,e78f135624ce,-72,8.920095346,8.562296645,1.83940671,0.003703355,0.011296645,-1.0,-0.981923485,-0.004,-0.004703355,-0.004,0.981923485,0.011296645
1581251575.2741325,000000000102,e78f135624ce,-71,8.69504675,8.550856942,1.838,0.003,0.014276204,-1.0,-0.994276204,-0.004723796,-0.003,-0.004723796,0.993552408,0.014276204
1581251575.73012,000000000102,e78f135624ce,-68,8.46032828,8.525389433,1.844,-0.015318493,0.013902642,-1.0,-0.997902642,-0.003194716,0.015318493,-0.003194716,0.997902642,0.013902642
1581251576.1801188,000000000102,e78f135624ce,-73,8.220088571,8.519636473,1.84,-0.032181964,0.015,-0.999,-0.999,-0.005,0.032181964,-0.005,0.999,0.015
1581251576.634133,000000000102,e78f135624ce,-70,7.9872425,8.52208511,1.829868088,-0.038217022,0.016348934,-0.999,-0.999,-0.009,0.038217022,-0.008782978,1.0,0.016565956
1581251577.088138,000000000102,e78f135624ce,-71,7.758083288,8.517006515,1.837432294,-0.035716147,0.011283853,-0.999,-0.999,-0.007141926,0.035716147,-0.007141926,1.0,0.012283853
1581251577.5401123,000000000102,e78f135624ce,-75,7.533604151,8.509314102,1.839685898,-0.028892627,0.011157051,-0.999421475,-0.999421475,-0.006421475,0.028892627,-0.005842949,1.0,0.011157051
1581251578.0011322,000000000102,e78f135624ce,-69,7.305124365,8.511876964,1.841938482,-0.014630892,0.009938482,-1.0,-1.0,-0.011123036,0.014630892,-0.011061518,1.0,0.009938482
1581251578.453123,000000000102,e78f135624ce,-70,7.085000968,8.492687727,1.835375212,0.003124909,0.011749939,-1.0,-1.0,-0.010687485,-0.003124909,-0.010687485,1.0,0.011749939
1581251578.9061005,000000000102,e78f135624ce,-73,6.854824753,8.466393816,1.817764951,0.007651546,0.015651546,-1.0,-1.0,-0.013303092,-0.007651546,-0.013628865,1.0,0.015651546
1581251579.3642387,000000000102,e78f135624ce,-69,6.638864652,8.474150387,1.788,0.001966163,0.020981202,-0.99999624,-0.999184151,-0.019988721,-0.002988721,-0.019984961,0.99818791,0.020988721
1581251579.8164055,000000000102,e78f135624ce,-68,6.539918061,8.550816388,1.818265551,-0.001183612,0.016605463,-1.0,0.073033309,0.000632775,0.001816388,0.000632775,-0.073033309,0.000367225
1581251581.1740878,000000000102,e78f135624ce,-81,6.133042136,8.640818591,1.858320682,0.010607591,0.019,-0.999464136,0.955033773,0.016928273,0.011607591,0.016928273,-0.955033773,-0.017464136
1581251581.6331203,000000000102,e78f135624ce,-71,6.047168956,8.655043016,1.869403991,0.019850998,0.019701995,-0.999,0.985596009,0.018850998,0.020850998,0.018850998,-0.985596009,-0.018850998
1581251582.0860994,000000000102,e78f135624ce,-71,6.00953464,8.655230422,1.871612953,0.026,0.019691266,-0.999,0.994769578,0.017230422,0.026,0.017460844,-0.995539156,-0.018691266
1581251582.5411313,000000000102,e78f135624ce,-74,5.977051566,8.661158747,1.859579374,0.02381547,0.016789687,-0.999,0.998,0.015,0.02381547,0.015605157,-0.998394843,-0.016789687
1581251582.9961298,000000000102,e78f135624ce,-67,5.960385255,8.645436271,1.852059491,0.02658356,0.015,-0.99898017,0.994736446,0.01498017,0.027257796,0.01498017,-0.994716615,-0.014960339
1581251583.4451668,000000000102,e78f135624ce,-77,6.023262829,8.672010263,1.834919901,-0.285427037,0.021373717,-0.871180725,0.211620269,-0.009585231,0.309790491,0.006778223,-0.085548428,0.01484806
1581251584.3490834,000000000102,e78f135624ce,-65,5.909811093,8.675977771,1.876977771,-0.911211136,0.005488886,-0.16469995,-0.054055536,0.00185555,0.913211136,0.008611107,0.889233364,0.00114445
1581251584.8100944,000000000102,e78f135624ce,-63,5.845828904,8.655951115,1.854951115,-0.97160999,0.001487779,-0.044243356,-0.008877789,-0.013024442,0.972097769,0.002487779,0.964634432,0.014024442
1581251585.261092,000000000102,e78f135624ce,-63,5.80953279,8.644866511,1.841866511,-0.990200233,-0.001,0.000400466,0.012200233,-0.017,0.990200233,-0.000933256,0.988200233,0.017933256
1581251585.7158678,000000000102,e78f135624ce,-63,5.788352939,8.637541176,1.836270588,-0.996729412,-0.001,0.015458824,0.018729412,-0.017270588,0.996729412,-0.000729412,0.996458824,0.018
1581251586.165071,000000000102,e78f135624ce,-63,5.774900264,8.633633421,1.829366579,-0.999,-0.002,0.019,0.02,-0.019633421,0.999,-0.001,0.998366579,0.020266843
1581251586.6191096,000000000102,e78f135624ce,-66,5.763,8.629923434,1.825923434,-1.0,-0.002,0.016038283,0.016038283,-0.020038283,0.999,-0.001038283,0.999038283,0.020038283
1581251587.9851136,000000000102,e78f135624ce,-69,5.768713285,8.756702782,1.838426571,0.088339044,0.005856643,0.029143357,0.003003501,-0.021,0.999,0.006713285,-0.088339044,-0.002426571
1581251588.4411082,000000000102,e78f135624ce,-68,5.77903628,8.863134899,1.84651814,0.703187017,0.012,0.02544558,-0.01451814,-0.01544558,0.99951814,0.012,-0.704187017,-0.009
1581251588.8960974,000000000102,e78f135624ce,-67,5.785,8.998876132,1.848171903,0.906641389,0.015,0.006312387,-0.00248429,-0.012,1.0,0.015,-0.906469486,-0.010171903
1581251589.3561494,000000000102,e78f135624ce,-70,5.782293343,9.156546464,1.848853329,0.970533287,0.016,-0.001,0.002146671,-0.011,1.0,0.016,-0.970533287,-0.01
1581251589.8100863,000000000102,e78f135624ce,-67,5.775530532,9.329065019,1.847530532,0.990408405,0.017,-0.001469468,0.002469468,-0.008530532,1.0,0.017,-0.990408405,-0.008530532
1581251590.2670834,000000000102,e78f135624ce,-75,5.767666667,9.510555556,1.845888889,0.997,0.018,-0.008444444,0.008444444,-0.008888889,1.0,0.018,-0.997111111,-0.008888889
1581251590.726158,000000000102,e78f135624ce,-77,5.755848989,9.697750889,1.845212247,0.998787753,0.017787753,-0.020575505,0.021363258,-0.009,1.0,0.016787753,-0.999,-0.009
1581251591.1760597,000000000102,e78f135624ce,-73,5.743390471,9.904142941,1.839,0.623495059,0.015597618,-0.023402382,0.015390471,-0.012804765,1.0,0.015597618,-0.623495059,-0.003
1581251591.6315687,000000000102,e78f135624ce,-70,5.738699281,10.139428196,1.825060144,-0.092128353,0.01,-0.015060144,0.004939856,-0.024939856,0.999,0.01,0.091188497,0.010819569
1581251592.0821052,000000000102,e78f135624ce,-70,5.727041121,10.350789413,1.804758253,-0.171605004,0.008694081,-0.017305919,-0.002223677,-0.030182555,0.999,0.007694081,0.170952044,0.015794394
1581251592.535095,000000000102,e78f135624ce,-68,5.723522415,10.554150045,1.802477585,-0.069925891,0.010738792,-0.014216377,0.0,-0.018477585,0.999,0.01,0.069664684,0.01
1581251593.4440532,000000000102,e78f135624ce,-79,5.477337951,10.952284429,1.512184132,-0.103904561,0.008918413,0.031673653,-0.065785554,0.005020959,0.988,0.001459207,0.101363768,0.08537762
1581251593.8970718,000000000102,e78f135624ce,-65,5.546767375,11.152225733,1.632179399,-0.021877273,0.008,-0.003641202,-0.031564809,-0.014564809,0.993179399,0.004179399,0.020877273,0.031
1581251594.3540661,000000000102,e78f135624ce,-65,5.586940658,11.375173879,1.552353718,-0.044142265,0.014,-0.007507904,-0.019725318,0.002640321,0.985,0.005,0.046306297,0.057084996
1581251594.8140738,000000000102,e78f135624ce,-74,5.657862333,11.600076864,1.698874442,0.394550669,0.018627533,-0.02,-0.000170045,0.000170045,0.984372467,0.009457489,-0.390008158,0.018765201
1581251595.2710536,000000000102,e78f135624ce,-73,5.618145002,11.790518951,1.742668023,0.254766982,0.013800814,-0.018929534,-0.021062325,0.006132791,0.993,0.009867209,-0.252700587,0.010265581
1581251595.725075,000000000102,e78f135624ce,-66,5.49794501,11.980082484,1.704696255,0.387403768,0.014,-0.012552501,-0.045961247,0.016171249,0.994,0.011,-0.385403768,0.025066248
1581251596.1850739,000000000102,e78f135624ce,-72,5.486198575,12.199157698,1.753687233,0.356852055,0.011438027,-0.015190137,-0.038305644,0.005916932,0.994685918,0.010438027,-0.353537972,0.00385074
1581251596.6410851,000000000102,e78f135624ce,-66,5.614257064,12.43119113,1.765885597,0.55761774,0.015876177,-0.044142661,0.015266484,0.002371468,0.993247645,0.013,-0.55661774,0.004866758
1581251597.0960722,000000000102,e78f135624ce,-64,5.635238685,12.621412716,1.762741918,0.170703663,0.007754849,-0.018006465,-0.005245151,0.001754849,0.997,0.006754849,-0.170452046,0.014251616
1581251597.5460656,000000000102,e78f135624ce,-69,5.64070044,12.806982652,1.740293777,0.072497801,0.004706223,0.000706223,-0.016531113,0.013412445,0.997293777,0.002706223,-0.072497801,0.026706223
1581251598.452041,000000000102,e78f135624ce,-69,5.633132863,13.143537896,1.843980976,0.191575944,0.007525315,0.03322154,-0.029696226,-0.034151887,0.993050629,0.012,-0.193525315,-0.018151887
1581251598.9061096,000000000102,e78f135624ce,-69,5.672579953,13.265471918,1.819076054,0.114127924,0.006,0.018796022,-0.018968019,-0.015452028,0.997171997,0.006828003,-0.115127924,0.003375975
1581251599.3620296,000000000102,e78f135624ce,-65,5.598417563,13.350655914,1.848311828,0.278464158,0.007,0.060700717,-0.062062724,-0.031836918,0.988172043,0.012732975,-0.287473118,-0.015112903
1581251599.8190534,000000000102,e78f135624ce,-67,5.667599816,13.394686893,1.860460862,0.121913843,0.007,0.017391384,-0.020391384,-0.031078277,0.993921723,0.010539138,-0.125452982,-0.012617415
1581251600.7310364,000000000102,e78f135624ce,-70,5.753993427,13.43924507,1.800741784,-0.419677922,-0.00024507,-0.009748357,-0.003496713,-0.011496713,0.999,0.000503287,0.419426279,0.019
1581251601.1870413,000000000102,e78f135624ce,-71,5.768639732,13.454819866,1.803360268,-0.795478121,-0.007590067,-0.136353556,-0.134353556,-0.034689396,0.977931812,-0.015459597,0.815546308,0.034459597
1581251601.6420064,000000000102,e78f135624ce,-74,5.787762132,13.445428401,1.794745956,-0.654029967,-0.005872978,-0.576541632,-0.574478121,-0.056381066,0.710077303,-0.042508088,0.940952665,0.035809467
1581251602.0951447,000000000102,e78f135624ce,-76,5.820286842,13.285496054,1.816209213,-0.246806571,-0.00367829,-0.85023619,-0.694294733,-0.035251973,0.285701965,-0.029608552,0.81384144,0.015895394
1581251602.5490475,000000000102,e78f135624ce,-70,5.857294145,13.352059485,1.780235598,-0.089764402,0.007705855,-0.950118033,-0.357884311,-0.017,0.113587822,-0.015294145,0.396648714,0.021529274
1581251603.0010443,000000000102,e78f135624ce,-71,5.840270579,13.363609053,1.838752052,-0.044097737,-0.001511316,-0.983413579,-0.477820944,-0.014804526,0.063781895,-0.013804526,0.491211892,0.001488684
1581251603.4530632,000000000102,e78f135624ce,-71,5.846933643,13.338864965,1.83899768,-0.011533179,0.005867285,-0.993066357,-0.330139675,-0.010466821,0.051800928,-0.01,0.333606496,0.005800928
1581251604.3670788,000000000102,e78f135624ce,-69,5.854389266,13.39058322,1.855055027,-0.01874966,0.003555707,-0.998,-0.291407267,-0.01058322,0.043138927,-0.01058322,0.292407267,0.000277853
1581251604.8230677,000000000102,e78f135624ce,-74,5.859586738,13.451863529,1.917619893,-0.040138396,-0.008861604,-0.997551658,-0.523863529,-0.009551658,0.054241711,-0.010103316,0.525311871,-0.011861604
1581251605.280031,000000000102,e78f135624ce,-75,5.853543207,13.444257711,1.905714504,-0.034771603,-0.000942901,-0.997,-0.496598776,-0.009114198,0.056600306,-0.010057099,0.497598776,-0.003942901
1581251605.7300227,000000000102,e78f135624ce,-71,5.834249353,13.445624677,1.89887403,-0.025624677,-0.005375323,-0.998,-0.438133731,-0.011,0.044501293,-0.011,0.438446069,-0.001937015
1581251606.182046,000000000102,e78f135624ce,-69,5.803860348,13.447379884,1.892344971,-0.003275145,-0.002275145,-0.999,0.258893618,0.000724855,0.031275145,0.000724855,-0.258893618,-0.003689942
1581251606.6390529,000000000102,e78f135624ce,-71,5.727484885,13.417,1.869659099,0.014886366,0.000962122,-0.998,0.440537938,0.003924244,0.049037878,0.003924244,-0.44150006,-0.000924244
1581251607.0950263,000000000102,e78f135624ce,-76,5.584841532,13.395112204,1.864352034,0.014112204,0.005352034,-0.998,0.231636799,0.002352034,0.054704068,0.002352034,-0.231988833,-0.005
1581251607.55209,000000000102,e78f135624ce,-70,5.421345326,13.373227094,1.867742365,0.013454188,0.008742365,-0.998,0.145236464,0.001,0.053484729,0.001742365,-0.145978828,-0.007742365
1581251608.0130413,000000000102,e78f135624ce,-65,5.225365895,13.360494252,1.863164751,-0.019011495,0.006082375,-0.999,-0.392124542,-0.005752874,0.051,-0.004752874,0.393042167,-0.002164751
1581251608.4630308,000000000102,e78f135624ce,-71,5.025155962,13.345868283,1.854934142,-0.047131717,0.006,-0.998,-0.802508684,-0.013065858,0.057,-0.012532929,0.804041613,0.003532929
1581251608.9210098,000000000102,e78f135624ce,-68,4.822676697,13.333951546,1.851,-0.044161237,0.004790309,-0.999,-0.937564743,-0.015790309,0.047951546,-0.015790309,0.938564743,0.004
1581251609.3709924,000000000102,e78f135624ce,-72,4.629051252,13.323568939,1.85,-0.025137878,0.004,-0.999810354,-0.979672476,-0.015,0.026327524,-0.015,0.979862122,0.004
1581251609.8310149,000000000102,e78f135624ce,-72,4.427753606,13.316568379,1.847522793,-0.002091171,0.005477207,-1.0,-0.993477207,-0.014045586,0.002613964,-0.014,0.993954414,0.005477207
1581251610.2840068,000000000102,e78f135624ce,-70,4.228469923,13.312914527,1.847,0.003914527,0.004914527,-1.0,-0.998,-0.012085473,-0.003914527,-0.012085473,0.998,0.004914527
1581251610.7420108,000000000102,e78f135624ce,-76,4.026428126,13.316,1.844488295,-0.008023409,0.005755852,-1.0,-0.999,-0.013755852,0.008023409,-0.013755852,0.999,0.005755852
1581251611.6519768,000000000102,e78f135624ce,-69,3.639835821,13.350442985,1.810126567,-0.015810149,0.015936716,-0.999063284,-0.591204181,-0.016746866,0.021746866,-0.015746866,0.591204181,0.013810149
1581251612.109023,000000000102,e78f135624ce,-69,3.445627101,13.362,1.808289391,-0.007157563,0.015,-1.0,-0.407967962,-0.013,0.008868172,-0.013,0.407967962,0.012
1581251612.5589871,000000000102,e78f135624ce,-75,3.235500519,13.355944502,1.807944502,0.003349141,0.01517457,-1.0,-0.429038308,-0.014468213,-0.009055498,-0.014468213,0.429038308,0.01117457
1581251613.0100143,000000000102,e78f135624ce,-77,3.026494304,13.34589434,1.804577361,0.010316979,0.019,-0.99989434,-0.467147005,-0.013633958,-0.012528298,-0.013633958,0.467147005,0.011422639
1581251613.4609916,000000000102,e78f135624ce,-75,2.798448168,13.317482757,1.783655188,0.006896541,0.024896541,-0.999517243,-0.813000103,-0.019965514,-0.007896541,-0.020965514,0.813000103,0.021413784
1581251613.9109886,000000000102,e78f135624ce,-73,2.579298001,13.309519488,1.794734791,-0.005591256,0.018,-0.999867395,-0.940254279,-0.014397814,0.005458651,-0.014397814,0.940254279,0.018
1581251614.3690236,000000000102,e78f135624ce,-71,2.390126886,13.32838184,1.797648428,-0.012,0.01438184,-1.0,-0.980763679,-0.017793947,0.011206053,-0.017793947,0.980763679,0.015175786
1581251614.819991,000000000102,e78f135624ce,-80,2.212503564,13.324953573,1.778341071,-0.010306251,0.021670536,-0.999,-0.993658929,-0.02,0.009635716,-0.019,0.993658929,0.021670536
1581251615.730992,000000000102,e78f135624ce,-73,1.902827382,13.385869473,1.78850737,-0.046246315,0.010246315,-0.998376842,-0.998,-0.021,0.046246315,-0.021,0.999,0.011246315
1581251616.182984,000000000102,e78f135624ce,-70,1.746389029,13.412401219,1.775961707,-0.056560488,0.012159269,-0.998,-0.998,-0.022439512,0.056280244,-0.021719756,0.999,0.013159269
1581251616.6440303,000000000102,e78f135624ce,-72,1.543895859,13.382024033,1.773997997,-0.051012016,0.015002003,-0.998,-0.998,-0.021,0.050014019,-0.020002003,0.999,0.016002003
1581251617.093972,000000000102,e78f135624ce,-68,1.349341544,13.394072748,1.778620221,-0.05881011,0.01418989,-0.997452528,-0.998,-0.023547472,0.058357583,-0.023,0.999,0.01518989
1581251617.5490184,000000000102,e78f135624ce,-76,1.149059845,13.405359653,1.793082046,-0.055277606,0.009305985,-0.997861197,-0.998,-0.021,0.054416409,-0.020138803,0.999,0.010305985
1581251618.0069962,000000000102,e78f135624ce,-86,0.97284936,13.457855023,1.804411598,-0.058176804,0.004,-0.998,-0.998,-0.022588402,0.058176804,-0.022588402,0.999,0.005
1581251618.91297,000000000102,e78f135624ce,-75,0.622021194,13.49,1.826964399,-0.051,-0.009148912,-0.996929076,-0.997,-0.020141848,0.051,-0.021070924,0.998929076,-0.008148912
1581251619.3679826,000000000102,e78f135624ce,-79,0.513855409,13.577019387,1.766529081,-0.065,-0.001807755,-0.996,-0.997,-0.019,0.065,-0.019701939,0.999,-0.000105816
1581251619.8209715,000000000102,e78f135624ce,-77,0.458379642,13.646305367,1.853930537,-0.076481431,-0.021379642,-0.996,-0.996689821,-0.016310179,0.076481431,-0.018,0.999,-0.020069463
1581251620.276973,000000000102,e78f135624ce,-76,0.430249594,13.241540414,2.002428107,-0.022072705,-0.03353554,-0.98846446,-0.98946446,-0.017178513,0.022894191,-0.012821487,0.998821487,-0.032714054
