1581251522.9755228,b827ebf7d096,e78f135624ce,-82,17.755348105,4.614259473,1.786955684,-0.008955684,-0.005,-1.002,0.997348105,0.021651895,-0.008955684,0.021651895,-1.002,0.000348105
1581251523.4278827,b827ebf7d096,e78f135624ce,-81,17.786413252,4.546579705,1.794819462,0.009684059,0.001864597,-1.000045134,0.999,0.02,0.009684059,0.02,-1.000045134,-0.002864597
1581251523.8848257,b827ebf7d096,e78f135624ce,-91,17.833236584,4.415666588,1.807118292,0.028870975,0.006247317,-1.0,0.999,0.018,0.028870975,0.018623658,-1.0,-0.006623658
1581251524.338872,b827ebf7d096,e78f135624ce,-81,17.864756095,4.314480846,1.818501741,0.037501741,0.009,-0.999,0.999,0.016749129,0.037501741,0.016749129,-1.0,-0.008
1581251524.7906368,b827ebf7d096,e78f135624ce,-81,17.885165519,4.246145808,1.827357635,0.040880788,0.009238423,-0.999,0.999,0.015,0.041761577,0.016,-1.0,-0.009238423
1581251525.2460248,b827ebf7d096,e78f135624ce,-85,17.90285135,4.201772525,1.8250991,0.043475225,0.007524775,-0.999,0.999,0.015475225,0.043475225,0.016,-1.0,-0.006524775
1581251525.7045228,b827ebf7d096,e78f135624ce,-80,17.908097934,4.178510331,1.830195868,0.043,0.009,-0.999,0.999,0.015,0.043,0.015902066,-1.0,-0.009
1581251526.1654074,b827ebf7d096,e78f135624ce,-79,17.909,4.166202448,1.836797552,0.042202448,0.010797552,-0.999,0.999,0.015,0.042202448,0.015,-1.0,-0.01
1581251527.525347,b827ebf7d096,e78f135624ce,-77,17.908774629,4.163774629,1.84225821,0.035,0.009,-0.999,0.999,0.01374179,0.035,0.014,-1.0,-0.00825821
1581251527.9803593,b827ebf7d096,e78f135624ce,-75,17.873813696,4.168440614,1.840305077,0.048305077,0.009,-0.999,0.999,0.014694923,0.048305077,0.014694923,-1.0,-0.008
1581251528.4407423,b827ebf7d096,e78f135624ce,-77,17.824416477,4.172069413,1.82509255,0.069722349,0.004023138,-0.997023138,0.997023138,0.016,0.069722349,0.016,-1.0,-0.002046275
1581251528.8979135,b827ebf7d096,e78f135624ce,-78,17.731693225,4.186942231,1.813237052,0.042468127,0.001294821,-0.99864741,0.99864741,0.01435259,0.042115538,0.01435259,-0.99964741,-0.000294821
1581251529.8065894,b827ebf7d096,e78f135624ce,-79,17.446565907,4.186238689,1.833940328,0.024940328,0.007,-1.0,0.999059672,0.013940328,0.024940328,0.013940328,-1.0,-0.007
1581251530.266054,b827ebf7d096,e78f135624ce,-81,17.273668336,4.171,1.834602532,0.026794936,0.006602532,-1.0,0.999602532,0.013397468,0.027192404,0.013794936,-1.0,-0.006602532
1581251530.7189493,b827ebf7d096,e78f135624ce,-76,17.091500334,4.167209993,1.836209993,0.02037002,0.01,-1.0,1.0,0.013580013,0.021160027,0.013580013,-1.0,-0.009209993
1581251531.1681418,b827ebf7d096,e78f135624ce,-73,16.896031258,4.158181921,1.837393974,0.018803013,0.012196987,-1.0,1.0,0.013803013,0.019606026,0.013803013,-1.0,-0.012
1581251531.6204805,b827ebf7d096,e78f135624ce,-81,16.694562264,4.151254447,1.837,0.020745553,0.010563612,-1.0,1.0,0.013,0.020745553,0.013,-1.0,-0.010563612
1581251532.0808418,b827ebf7d096,e78f135624ce,-92,16.485505931,4.134605575,1.837131475,0.034394425,0.008131475,-0.999,0.999,0.013131475,0.034394425,0.013131475,-1.0,-0.008
1581251532.5331507,b827ebf7d096,e78f135624ce,-83,16.280534708,4.121764985,1.838,0.050725026,0.009,-0.998254995,0.998254995,0.016745005,0.050980021,0.017745005,-1.0,-0.008
1581251532.9891827,b827ebf7d096,e78f135624ce,-74,16.078312535,4.124135815,1.835,0.05548558,0.006,-0.998,0.998,0.018,0.05548558,0.018621395,-1.0,-0.005
1581251533.4415195,b827ebf7d096,e78f135624ce,-82,15.888875098,4.137914206,1.835,0.03213727,0.007,-0.999,0.999,0.018017159,0.03213727,0.018017159,-1.0,-0.006
1581251533.89677,b827ebf7d096,e78f135624ce,-81,15.674153426,4.136084156,1.823277229,-0.002336625,0.017084156,-0.999,0.226930881,0.013638615,0.035361385,0.014638615,-0.226569495,0.006806927
1581251534.3567407,b827ebf7d096,e78f135624ce,-87,15.485646196,4.120771696,1.827307076,0.02353538,0.011,-0.999,0.756109478,0.016307076,0.035614152,0.017,-0.756802402,-0.003614152
1581251535.2652411,b827ebf7d096,e78f135624ce,-84,15.111490503,4.095881981,1.803204951,-0.013031088,0.023118019,-0.999,-0.359478977,0.01044099,0.03855901,0.01144099,0.359037987,0.018236039
1581251535.72235,b827ebf7d096,e78f135624ce,-76,14.928545561,4.090154556,1.787985467,-0.021014533,0.027507266,-0.998,-0.53431972,0.008830911,0.045661822,0.010830911,0.53431972,0.023676355
1581251536.1774929,b827ebf7d096,e78f135624ce,-74,14.745127799,4.076375104,1.770312863,-0.017187552,0.031624896,-0.998,-0.579687137,0.010812448,0.047249793,0.012624896,0.578687137,0.028624896
1581251536.6372,b827ebf7d096,e78f135624ce,-71,14.533193916,4.098,1.758950714,-0.048524643,0.032,-0.998,-0.859084296,0.007,0.058950714,0.009,0.859608939,0.031
1581251537.0890956,b827ebf7d096,e78f135624ce,-79,14.342042822,4.098724158,1.75118104,-0.051362079,0.032637921,-0.998,-0.954353515,0.00481896,0.054362079,0.006,0.955353515,0.03181896
1581251537.5460854,b827ebf7d096,e78f135624ce,-85,14.136474696,4.117357648,1.742642352,-0.059839412,0.032839412,-0.998,-0.98419706,0.005,0.060839412,0.007,0.98519706,0.031839412
1581251538.0054858,b827ebf7d096,e78f135624ce,-86,13.925701025,4.136173569,1.738862261,-0.061431131,0.032137739,-0.997,-0.993431131,0.003137739,0.061862261,0.005137739,0.994862261,0.031568869
1581251538.4642959,b827ebf7d096,e78f135624ce,-99,13.707078654,4.148736356,1.752384832,-0.050648475,0.024351525,-0.998,-0.997087881,0.001,0.050736356,0.002,0.998,0.024351525
1581251538.9205163,b827ebf7d096,e78f135624ce,-85,13.513992736,4.12360161,1.742721775,-0.027323385,0.02802258,-0.998744355,-0.837963678,0.002233065,0.03402258,0.00348871,0.838219323,0.027278225
1581251539.3781717,b827ebf7d096,e78f135624ce,-83,13.341417632,4.091115677,1.761349022,-0.004557838,0.027,-0.999,-0.286043084,0.008837256,0.032488233,0.009418628,0.286043084,0.016325489
1581251539.8366306,b827ebf7d096,e78f135624ce,-78,13.196145023,4.081495406,1.796198162,0.003801838,0.020099081,-0.999,0.201900919,0.012,0.014801838,0.012,-0.202,0.002099081
1581251540.2916527,b827ebf7d096,e78f135624ce,-82,12.986921032,4.071139825,1.786465044,0.004,0.022,-0.999,-0.296607694,0.008802434,0.000534956,0.008802434,0.296607694,0.014197566
1581251540.7448735,b827ebf7d096,e78f135624ce,-96,12.7494102,4.039573048,1.740971914,0.010028086,0.035657305,-0.998342695,-0.773960581,0.003657305,-0.009028086,0.003,0.773303277,0.033657305
1581251541.1997912,b827ebf7d096,e78f135624ce,-89,12.573339948,4.038213174,1.753847733,0.005939093,0.01618272,-0.999,-0.015852006,0.009939093,-0.00618272,0.009939093,0.015852006,0.017152267
1581251541.6521344,b827ebf7d096,e78f135624ce,-81,12.391264006,4.057426607,1.768808869,0.007602956,0.005794087,-1.0,0.527252327,0.013205913,0.002205913,0.013205913,-0.527252327,0.007794087
1581251542.1063538,b827ebf7d096,e78f135624ce,-77,12.221460111,4.078755584,1.772755584,0.015250798,0.001501596,-1.0,0.850035103,0.014749202,0.013501596,0.014749202,-0.850784305,0.003247607
1581251542.5581796,b827ebf7d096,e78f135624ce,-75,12.071671125,4.099794191,1.793702465,0.015648767,0.00661074,-1.0,0.951794191,0.013,0.014778521,0.013,-0.951923944,-0.00461074
1581251543.0100694,b827ebf7d096,e78f135624ce,-75,11.963266814,4.102,1.791938655,0.016530673,0.003,-1.0,0.984346637,0.014,0.016530673,0.014,-0.984346637,-0.002
1581251543.4684143,b827ebf7d096,e78f135624ce,-92,11.895655783,4.102755597,1.794511194,0.014122202,0.001877798,-1.0,0.995122202,0.015122202,0.014122202,0.015,-0.995122202,-0.001877798
1581251543.920286,b827ebf7d096,e78f135624ce,-91,11.861574166,4.101712917,1.788712917,0.013257417,0.000485167,-1.0,0.998,0.014514833,0.013257417,0.014514833,-0.998,-0.000485167
1581251544.374308,b827ebf7d096,e78f135624ce,-78,11.834194355,4.102,1.795083387,0.013,0.002361129,-1.0,0.999,0.014,0.013,0.014638871,-0.999,-0.002361129
1581251544.8282166,b827ebf7d096,e78f135624ce,-79,11.823936192,4.098936192,1.788936192,0.013031904,0.0,-1.0,1.0,0.015031904,0.013031904,0.015031904,-1.0,0.0
1581251545.2796555,b827ebf7d096,e78f135624ce,-78,11.81420258,4.10179742,1.79219828,0.01180172,0.002,-1.0,1.0,0.01440086,0.01180172,0.01440086,-1.0,-0.00159914
1581251545.7360966,b827ebf7d096,e78f135624ce,-78,11.803,4.110625201,1.802015751,0.01179685,0.0044063,-1.0,1.0,0.01320315,0.01179685,0.01320315,-1.0,-0.0044063
1581251546.1941204,b827ebf7d096,e78f135624ce,-86,11.82858666,4.19958666,1.825958509,-0.09670466,0.009771358,-0.912916575,0.819817311,0.025600491,0.0863975,0.015542717,-0.735962528,-0.014214811
1581251547.1092503,b827ebf7d096,e78f135624ce,-82,11.803899948,4.335564319,1.884689254,-0.262435681,0.005746427,-0.22872843,0.246742723,0.018703547,0.733525144,0.006746427,0.021185811,-0.016210694
1581251547.5655587,b827ebf7d096,e78f135624ce,-93,11.755340404,4.401031931,1.852776599,-0.256489337,0.005,-0.041010605,0.093159539,-0.001148934,0.915765994,0.005148934,0.181478732,0.001074467
1581251548.0204475,b827ebf7d096,e78f135624ce,-92,11.685188037,4.423417436,1.848527521,-0.176482023,0.004110086,-0.003,0.027220172,-0.002944957,0.972252307,0.004110086,0.151261851,0.002472479
1581251548.4714725,b827ebf7d096,e78f135624ce,-90,11.680292115,4.453128706,1.83280694,-0.368975399,0.003,0.02480694,0.027549528,-0.009064353,0.99019306,0.003935647,0.361168459,0.008064353
1581251548.9286766,b827ebf7d096,e78f135624ce,-83,11.663967757,4.465269796,1.824190612,-0.237660021,0.003730204,0.024809388,0.016158368,-0.011539592,0.996730204,0.004730204,0.235660021,0.008809388
1581251549.385328,b827ebf7d096,e78f135624ce,-81,11.642016231,4.467603246,1.831190262,-0.137531108,0.004396754,0.019206492,0.007809738,-0.006206492,0.999,0.004396754,0.136531108,0.004206492
1581251549.8356543,b827ebf7d096,e78f135624ce,-79,11.624970704,4.466,1.835985352,-0.071916044,0.005014648,0.012970704,0.001970704,-0.005,1.0,0.005014648,0.071916044,0.003
1581251550.2890103,b827ebf7d096,e78f135624ce,-81,11.613627169,4.475763012,1.848864157,-0.29081211,0.002254337,-0.001,-0.004745663,-0.000254337,1.0,0.002254337,0.29081211,-0.001118494
1581251550.7388103,b827ebf7d096,e78f135624ce,-88,11.63067068,4.513550195,1.84483534,-0.07251806,0.005791165,0.02992369,0.002461845,-0.003791165,0.999,0.005791165,0.072726895,0.00058233
1581251551.645921,b827ebf7d096,e78f135624ce,-87,11.647652335,4.65647771,1.83239119,-0.010436298,0.001478238,0.049652335,0.00360881,-0.009565286,0.998478238,0.002,0.010436298,0.005565286
1581251552.099108,b827ebf7d096,e78f135624ce,-90,11.641527447,4.770134835,1.831763724,-0.026557297,0.004590691,0.046118138,0.003173033,-0.007881862,0.999,0.005472553,0.026557297,0.005118138
1581251552.550275,b827ebf7d096,e78f135624ce,-80,11.59248457,4.895862925,1.783579159,0.013324242,0.008884168,0.065884168,-0.010978757,-0.004278958,0.996278958,0.008884168,-0.014045284,0.019884168
1581251553.0079477,b827ebf7d096,e78f135624ce,-85,11.541526747,4.98925928,1.779213973,0.442113126,0.016,0.07189506,-0.045158433,0.002051447,0.995368313,0.015631687,-0.444744812,0.012051447
1581251553.4653773,b827ebf7d096,e78f135624ce,-78,11.494,5.129650883,1.75402712,0.360403357,0.01695932,0.07501356,-0.0479322,-0.00202712,0.995,0.01695932,-0.362403357,0.01898644
1581251553.9200013,b827ebf7d096,e78f135624ce,-78,11.518529237,5.282913707,1.715143821,0.322039299,0.014326941,0.052403646,-0.031038352,0.00961553,0.996,0.014990412,-0.322712357,0.027625118
1581251554.8239934,b827ebf7d096,e78f135624ce,-74,11.452427812,5.603540851,1.763709569,0.433766928,0.016733912,0.047620873,-0.046886961,-0.004798265,0.996911304,0.016733912,-0.435855624,0.010822608
1581251555.2819123,b827ebf7d096,e78f135624ce,-81,11.472528748,5.776678663,1.803356261,0.385426109,0.012528748,0.050471252,-0.043643739,-0.003471252,0.997,0.013,-0.386426109,0.001586244
1581251555.7379556,b827ebf7d096,e78f135624ce,-86,11.47206625,5.962294766,1.790483437,0.570367735,0.018645703,0.078741719,-0.063387422,0.003129141,0.995129141,0.018516563,-0.573367735,0.008
1581251556.1949003,b827ebf7d096,e78f135624ce,-74,11.556496808,6.124078283,1.728151753,0.776776348,0.02520607,0.05861821,-0.049442491,0.01958786,0.99679393,0.02420607,-0.778570278,0.027351439
1581251556.6494565,b827ebf7d096,e78f135624ce,-84,11.598122673,6.295813245,1.746877327,0.868773269,0.024,0.041407995,-0.039877327,0.009530668,0.998,0.023530668,-0.869773269,0.014061337
1581251557.101836,b827ebf7d096,e78f135624ce,-83,11.617904297,6.497105192,1.780129185,0.721138945,0.021,0.030612444,-0.027354073,0.001741629,0.998129185,0.021,-0.722138945,0.003258371
1581251557.5546296,b827ebf7d096,e78f135624ce,-78,11.639411611,6.707380837,1.783264732,0.225856615,0.013794195,0.032735268,-0.006853121,-0.002,0.999,0.013794195,-0.225856615,0.012205805
1581251558.0046666,b827ebf7d096,e78f135624ce,-77,11.644772912,6.905881867,1.792061099,0.177575326,0.012772912,0.04,-0.006318736,-0.005257637,0.999,0.013030549,-0.177575326,0.009711813
1581251558.4648337,b827ebf7d096,e78f135624ce,-80,11.648342937,7.109021927,1.808068587,0.180519888,0.012931413,0.039931413,-0.00772565,-0.009068587,0.999,0.012931413,-0.180519888,0.005931413
1581251558.9176528,b827ebf7d096,e78f135624ce,-78,11.649431517,7.319108976,1.814136966,-0.247004385,0.007294551,0.027294551,0.003842415,-0.011705449,0.999,0.007294551,0.247004385,0.011136966
1581251559.376304,b827ebf7d096,e78f135624ce,-87,11.649,7.537774454,1.819250414,-0.764028185,-0.001250414,0.027250414,0.019751243,-0.019500829,0.999,-0.000500829,0.764278599,0.019500829
1581251559.832135,b827ebf7d096,e78f135624ce,-80,11.648096792,7.746579644,1.820903208,-0.925386614,-0.003903208,0.031903208,0.029806416,-0.022,0.999,-0.003,0.925483406,0.022
1581251560.2857165,b827ebf7d096,e78f135624ce,-83,11.648516387,7.947884915,1.823032775,-0.975131099,-0.006516387,0.037549162,0.036549162,-0.02,0.999,-0.005516387,0.975614711,0.02
1581251560.7390127,b827ebf7d096,e78f135624ce,-82,11.653,8.13674099,1.822618435,-0.991254377,-0.005745623,0.045508754,0.044635942,-0.020254377,0.998872812,-0.004618435,0.992254377,0.021127188
1581251561.1895432,b827ebf7d096,e78f135624ce,-80,11.657,8.311159172,1.81926313,-0.99573687,-0.00573687,0.05373687,0.05373687,-0.02273687,0.998,-0.00473687,0.997,0.02273687
1581251561.6488576,b827ebf7d096,e78f135624ce,-79,11.657,8.45214103,1.815423904,-0.997423904,-0.004423904,0.057,0.057,-0.024576096,0.998,-0.003423904,0.999,0.024576096
1581251562.0997233,b827ebf7d096,e78f135624ce,-79,11.66,8.540827077,1.815091897,-0.998,-0.006,0.056954051,0.056954051,-0.022954051,0.998,-0.004045949,0.999045949,0.022954051
1581251562.549929,b827ebf7d096,e78f135624ce,-79,11.658634824,8.592713415,1.816,-0.998,-0.006634824,0.053,0.053,-0.023,0.998,-0.005,1.0,0.023
1581251563.0044968,b827ebf7d096,e78f135624ce,-74,11.659,8.624537336,1.817487555,-0.999,-0.005,0.052743777,0.052743777,-0.021256223,0.998,-0.004,1.0,0.022256223
1581251563.460652,b827ebf7d096,e78f135624ce,-74,11.658100754,8.643496231,1.816,-0.999,-0.004,0.051,0.051100754,-0.022,0.998,-0.003,1.0,0.022
1581251563.9144354,b827ebf7d096,e78f135624ce,-76,11.657543733,8.656087467,1.816,-0.999,-0.003543733,0.05,0.05,-0.023,0.998,-0.002543733,1.0,0.023
1581251564.367619,b827ebf7d096,e78f135624ce,-76,11.681861759,8.658375673,1.771016607,-0.801087969,0.000232047,-0.030116701,-0.034884654,-0.05921544,0.945342008,7.1813e-05,0.847978008,0.0575193
1581251564.8284202,b827ebf7d096,e78f135624ce,-80,11.646186826,8.653173079,1.780678568,-0.673252794,0.000975274,-0.232274651,-0.236299376,-0.050296707,0.786291268,-0.002901098,0.879936801,0.046370883
1581251565.2883825,b827ebf7d096,e78f135624ce,-87,11.711476612,8.653013364,1.800973271,-0.228247242,0.008496659,-0.74122937,0.038832944,-0.01753007,0.314280654,-0.001013364,0.17689091,0.016020047
1581251565.740626,b827ebf7d096,e78f135624ce,-87,11.741312545,8.614687455,1.813812473,-0.047499782,0.009874982,-0.9163752,0.642125889,0.003125018,0.130437273,0.008062509,-0.572376071,-6.2509e-05
1581251566.6464183,b827ebf7d096,e78f135624ce,-71,11.762504808,8.558752404,1.812,0.036,0.007,-0.990752404,0.963138223,0.010376202,0.05411899,0.011,-0.956890627,-0.005
1581251567.557713,b827ebf7d096,e78f135624ce,-71,11.775344782,8.554638046,1.823327609,0.039344782,0.010327609,-0.998,0.995672391,0.011,0.040672391,0.012,-0.995672391,-0.009327609
1581251568.0112545,b827ebf7d096,e78f135624ce,-80,11.770624776,8.546916816,1.813604427,0.034541592,0.005458408,-0.999,0.998,0.012687612,0.035541592,0.012687612,-0.998229204,-0.005458408
1581251568.4688218,b827ebf7d096,e78f135624ce,-78,11.722181833,8.552574166,1.8176555,0.043081334,0.005770333,-0.999,0.998114833,0.012,0.043081334,0.012114833,-0.999,-0.004885167
1581251568.919362,b827ebf7d096,e78f135624ce,-77,11.638372888,8.534,1.812981169,0.058,0.000990584,-0.998,0.998,0.012,0.058,0.012,-1.0,9.416e-06
1581251569.8295724,b827ebf7d096,e78f135624ce,-72,11.377865111,8.538805919,1.80179852,0.04040296,-0.005,-0.999,0.999,0.01079852,0.04040296,0.01,-1.0,0.006
1581251570.280361,b827ebf7d096,e78f135624ce,-75,11.202355649,8.555776848,1.805,0.032611576,-0.003,-0.999,0.999,0.01,0.032611576,0.01,-1.0,0.003
1581251570.7395601,b827ebf7d096,e78f135624ce,-79,11.016579155,8.571145251,1.806096834,0.017854749,-0.001,-1.0,1.0,0.008,0.017854749,0.008,-1.0,0.001
1581251571.1993995,b827ebf7d096,e78f135624ce,-89,10.830004477,8.577056942,1.814414588,0.008735765,-0.001528471,-1.0,1.0,0.011471529,0.008735765,0.011471529,-1.0,0.002264235
1581251571.651066,b827ebf7d096,e78f135624ce,-78,10.616161831,8.579272061,1.815,0.006363969,0.002363969,-1.0,1.0,0.011363969,0.006363969,0.011363969,-1.0,-0.002363969
1581251572.1019957,b827ebf7d096,e78f135624ce,-76,10.413818667,8.627722238,1.820970762,-0.019912286,0.010970762,-0.999,0.071759904,0.003073095,0.024926905,0.004073095,-0.070774523,0.006941524
1581251573.457533,b827ebf7d096,e78f135624ce,-77,9.630520295,8.616210025,1.829193317,-0.016596658,0.014798329,-0.999,-0.439077543,0.001,-0.012218378,0.000798329,0.439077543,0.012596658
1581251573.9119108,b827ebf7d096,e78f135624ce,-84,9.381472244,8.60210522,1.83555261,-0.026,0.016,-0.999,-0.821606463,-0.00244739,0.01689478,-0.00244739,0.821606463,0.01544739
1581251574.365431,b827ebf7d096,e78f135624ce,-71,9.147743518,8.583499383,1.833166872,-0.012582819,0.014833128,-1.0,-0.94333498,-0.006,0.009582819,-0.005083436,0.94333498,0.014833128
1581251574.8221664,b827ebf7d096,e78f135624ce,-79,8.919514529,8.562287123,1.839425753,0.003712877,0.011287123,-1.0,-0.981990136,-0.004,-0.004712877,-0.004,0.981990136,0.011287123
1581251575.275442,b827ebf7d096,e78f135624ce,-79,8.694273016,8.550678388,1.838,0.003,0.014288107,-1.0,-0.994288107,-0.004711893,-0.003,-0.004711893,0.993576215,0.014288107
1581251575.730573,b827ebf7d096,e78f135624ce,-75,8.460117961,8.52537649,1.844,-0.015341143,0.013905878,-1.0,-0.997905878,-0.003188245,0.015341143,-0.003188245,0.997905878,0.013905878
1581251576.1809604,b827ebf7d096,e78f135624ce,-78,8.219703832,8.519654508,1.84,-0.032206011,0.015,-0.999,-0.999,-0.005,0.032206011,-0.005,0.999,0.015
1581251577.0891669,b827ebf7d096,e78f135624ce,-88,7.757484727,8.517071983,1.837469705,-0.035734852,0.011265148,-0.999,-0.999,-0.007132574,0.035734852,-0.007132574,1.0,0.012265148
1581251577.541274,b827ebf7d096,e78f135624ce,-83,7.532917624,8.509271854,1.839728146,-0.028839817,0.011135927,-0.999432037,-0.999432037,-0.006432037,0.028839817,-0.005864073,1.0,0.011135927
1581251578.0020988,b827ebf7d096,e78f135624ce,-79,7.304616927,8.511860855,1.841930427,-0.014582564,0.009930427,-1.0,-1.0,-0.011139145,0.014582564,-0.011069573,1.0,0.009930427
1581251578.454868,b827ebf7d096,e78f135624ce,-79,7.084141899,8.492486383,1.83518729,0.003205447,0.011803631,-1.0,-1.0,-0.010700908,-0.003205447,-0.010700908,1.0,0.011803631
1581251578.9083433,b827ebf7d096,e78f135624ce,-75,6.853703353,8.466255797,1.817540671,0.007686051,0.015686051,-1.0,-1.0,-0.013372101,-0.007686051,-0.013715127,1.0,0.015686051
1581251579.8148417,b827ebf7d096,e78f135624ce,-88,6.540113535,8.550777293,1.818109172,-0.001222707,0.016592431,-1.0,0.069136868,0.000554586,0.001777293,0.000554586,-0.069136868,0.000445414
1581251580.2656953,b827ebf7d096,e78f135624ce,-81,6.435576002,8.557486315,1.837988351,0.002536983,0.015817123,-1.0,0.680793825,0.010634246,0.004268491,0.010634246,-0.680793825,-0.009268491
1581251580.719141,b827ebf7d096,e78f135624ce,-83,6.264111114,8.615325104,1.845296295,0.005917694,0.017432098,-0.999189301,0.858913575,0.015621399,0.007917694,0.015621399,-0.858913575,-0.014242798
1581251581.1769383,b827ebf7d096,e78f135624ce,-79,6.132099268,8.641235207,1.858430318,0.010541809,0.019,-0.999486064,0.955318826,0.016972127,0.011541809,0.016972127,-0.955318826,-0.017486064
1581251581.6344485,b827ebf7d096,e78f135624ce,-84,6.04697483,8.655114536,1.869363122,0.019840781,0.019681561,-0.999,0.985636878,0.018840781,0.020840781,0.018840781,-0.985636878,-0.018840781
1581251582.0883136,b827ebf7d096,e78f135624ce,-84,6.009331672,8.65521197,1.871483791,0.026,0.019635911,-0.999,0.99478803,0.01721197,0.026,0.01742394,-0.99557606,-0.018635911
1581251582.5417924,b827ebf7d096,e78f135624ce,-84,5.976996471,8.661202823,1.859601411,0.023798941,0.016800706,-0.999,0.998,0.015,0.023798941,0.015599647,-0.998400353,-0.016800706
1581251582.9941025,b827ebf7d096,e78f135624ce,-90,5.960908968,8.645064604,1.85200881,0.026938333,0.015,-0.998997063,0.998368647,0.014997063,0.027038175,0.014997063,-0.998365711,-0.014994127
1581251583.4442978,b827ebf7d096,e78f135624ce,-81,6.02319598,8.671956784,1.83468593,-0.284504523,0.021380402,-0.871541709,0.213598995,-0.009792462,0.308928141,0.006631156,-0.087901508,0.014988442
1581251583.8958616,b827ebf7d096,e78f135624ce,-91,6.004812739,8.696494025,1.902741037,-0.721760995,0.016505975,-0.496864483,-0.151318714,0.035258963,0.729019957,0.024258963,0.652701243,-0.026752988
1581251584.35032,b827ebf7d096,e78f135624ce,-89,5.909574063,8.675895326,1.876895326,-0.911530611,0.005447663,-0.164050694,-0.053797894,0.00178341,0.913530611,0.008559579,0.889635285,0.00121659
1581251585.2623525,b827ebf7d096,e78f135624ce,-91,5.809452575,8.644843593,1.841843593,-0.990234611,-0.001,0.000469221,0.012234611,-0.017,0.990234611,-0.000921796,0.988234611,0.017921796
1581251585.71687,b827ebf7d096,e78f135624ce,-82,5.788317142,8.637526857,1.836263428,-0.996736572,-0.001,0.015473143,0.018736572,-0.017263428,0.996736572,-0.000736572,0.996473143,0.018
1581251586.1679091,b827ebf7d096,e78f135624ce,-82,5.774839447,8.633613149,1.829386851,-0.999,-0.002,0.019,0.02,-0.019613149,0.999,-0.001,0.998386851,0.020226298
1581251586.6195452,b827ebf7d096,e78f135624ce,-81,5.763,8.629917211,1.825917211,-1.0,-0.002,0.016041395,0.016041395,-0.020041395,0.999,-0.001041395,0.999041395,0.020041395
1581251587.0769498,b827ebf7d096,e78f135624ce,-83,5.76,8.641989076,1.825,-0.999,-0.002,0.030989076,0.031323623,-0.019334547,0.999,-0.001,1.0,0.019334547
1581251587.5275614,b827ebf7d096,e78f135624ce,-84,5.761216467,8.689329339,1.823783533,-0.999,-0.004783533,0.038350599,0.038350599,-0.02,0.999,-0.004,1.0,0.02
1581251587.9868379,b827ebf7d096,e78f135624ce,-87,5.768739812,8.75700784,1.838479624,0.090713192,0.005869906,0.029130094,0.002910657,-0.021,0.999,0.006739812,-0.090713192,-0.002479624
1581251588.4423943,b827ebf7d096,e78f135624ce,-91,5.779056065,8.863481137,1.846528032,0.704107022,0.012,0.025415903,-0.014528032,-0.015415903,0.999528032,0.012,-0.705107022,-0.009
1581251588.8978238,b827ebf7d096,e78f135624ce,-82,5.785,8.999407329,1.848185183,0.906999947,0.015,0.006259267,-0.00244445,-0.012,1.0,0.015,-0.906814764,-0.010185183
1581251589.3545246,b827ebf7d096,e78f135624ce,-80,5.782320423,9.155950695,1.848839789,0.970397885,0.016,-0.001,0.002160211,-0.011,1.0,0.016,-0.970397885,-0.01
1581251589.8108914,b827ebf7d096,e78f135624ce,-81,5.775523822,9.329380365,1.847523822,0.990428534,0.017,-0.001476178,0.002476178,-0.008523822,1.0,0.017,-0.990428534,-0.008523822
1581251590.2688828,b827ebf7d096,e78f135624ce,-77,5.767621683,9.511305283,1.845873894,0.997,0.018,-0.008504423,0.008504423,-0.008873894,1.0,0.018,-0.997126106,-0.008873894
1581251590.728665,b827ebf7d096,e78f135624ce,-90,5.755771845,9.698773059,1.845192961,0.998807039,0.017807039,-0.020614078,0.021421117,-0.009,1.0,0.016807039,-0.999,-0.009
1581251591.1780555,b827ebf7d096,e78f135624ce,-79,5.743329061,9.90506408,1.839,0.621529964,0.015582265,-0.023417735,0.015329061,-0.012835469,1.0,0.015582265,-0.621529964,-0.003
1581251591.6323705,b827ebf7d096,e78f135624ce,-85,5.738668443,10.139779755,1.825066311,-0.09162877,0.01,-0.015066311,0.004933689,-0.024933689,0.999,0.01,0.090695081,0.010801066
1581251592.9867907,b827ebf7d096,e78f135624ce,-95,5.60265382,10.769303035,1.702871078,-0.150654844,0.007869543,0.025869031,-0.038129945,0.008608117,0.993391371,0.003260914,0.148654844,0.039651773
1581251593.4463956,b827ebf7d096,e78f135624ce,-83,5.476382948,10.953293489,1.511823754,-0.106733533,0.008882375,0.031529502,-0.065911686,0.004588505,0.988,0.001441188,0.10417472,0.085323563
1581251593.8991766,b827ebf7d096,e78f135624ce,-85,5.547107374,11.153148588,1.632195589,-0.020873466,0.008,-0.003608821,-0.031435286,-0.014435286,0.993195589,0.004195589,0.019873466,0.031
1581251594.3560107,b827ebf7d096,e78f135624ce,-84,5.588625929,11.376243378,1.55350424,-0.045017309,0.014,-0.007556517,-0.019060932,0.002478276,0.985,0.005,0.047165137,0.056582656
1581251595.2723947,b827ebf7d096,e78f135624ce,-79,5.617620752,11.79116512,1.742607064,0.25325519,0.013764238,-0.01910022,-0.021257395,0.006157174,0.993,0.009842826,-0.251176603,0.010314349
1581251595.7269714,b827ebf7d096,e78f135624ce,-80,5.49745737,11.980813945,1.70446598,0.386550397,0.014,-0.012525409,-0.046110248,0.016211886,0.994,0.011,-0.384550397,0.025161067
1581251596.1867073,b827ebf7d096,e78f135624ce,-75,5.486443586,12.199881063,1.755063959,0.357727093,0.011449695,-0.015248473,-0.038153971,0.005461912,0.994650916,0.010449695,-0.354378009,0.00331405
1581251596.6417854,b827ebf7d096,e78f135624ce,-74,5.614227054,12.431441214,1.765840582,0.557117573,0.015871176,-0.044067636,0.01519646,0.002386473,0.993257649,0.013,-0.556117573,0.00490177
1581251597.0938704,b827ebf7d096,e78f135624ce,-77,5.635098571,12.620331833,1.762641836,0.173225722,0.007814898,-0.018086531,-0.005185102,0.001814898,0.997,0.006814898,-0.172954089,0.014271633
1581251597.5447571,b827ebf7d096,e78f135624ce,-79,5.640510121,12.80637601,1.740281883,0.073449396,0.004718117,0.000718117,-0.016590587,0.013436235,0.997281883,0.002718117,-0.073449396,0.026718117
1581251597.9972522,b827ebf7d096,e78f135624ce,-83,5.650334965,12.972908491,1.752350216,0.207253813,0.006746187,0.017634532,-0.019142158,0.002888345,0.998,0.005746187,-0.207380719,0.016761439
1581251598.4544184,b827ebf7d096,e78f135624ce,-84,5.633590076,13.144287725,1.844328458,0.191630809,0.007543603,0.033020366,-0.029476763,-0.034261618,0.993087206,0.012,-0.193543603,-0.018261618
1581251598.907505,b827ebf7d096,e78f135624ce,-85,5.672740968,13.265751011,1.81889357,0.114385548,0.006,0.018720882,-0.018903613,-0.015355419,0.997182731,0.006817269,-0.115385548,0.003461849
1581251599.3642392,b827ebf7d096,e78f135624ce,-84,5.595526584,13.351097847,1.849195694,0.282791419,0.007,0.062155413,-0.063480593,-0.032260437,0.987951076,0.012861872,-0.292002933,-0.015610078
1581251599.8196037,b827ebf7d096,e78f135624ce,-80,5.667705285,13.394723577,1.860465447,0.121455285,0.007,0.017345528,-0.020345528,-0.031069106,0.993930894,0.010534553,-0.124989837,-0.012603659
1581251600.275689,b827ebf7d096,e78f135624ce,-86,5.720288274,13.421696431,1.789497451,0.356579022,0.009,-0.000895412,-0.003204079,0.002403059,0.998,0.00990051,-0.357579022,0.016701529
1581251600.7316747,b827ebf7d096,e78f135624ce,-86,5.754013065,13.439259799,1.800766332,-0.420640201,-0.000259799,-0.009753266,-0.003506533,-0.011506533,0.999,0.000493467,0.420393467,0.019
1581251601.1884573,b827ebf7d096,e78f135624ce,-95,5.7686833,13.45484165,1.8033167,-0.795783098,-0.007579175,-0.137399193,-0.135399193,-0.034787424,0.977637727,-0.01552495,0.816145371,0.03452495
1581251601.6442735,b827ebf7d096,e78f135624ce,-78,5.787971404,13.445271447,1.794676199,-0.652390665,-0.005838099,-0.578337888,-0.576256938,-0.056485702,0.708176409,-0.042647603,0.941214256,0.035757149
1581251602.096592,b827ebf7d096,e78f135624ce,-80,5.820238602,13.285664894,1.816426293,-0.245914129,-0.00369035,-0.85082713,-0.693908813,-0.035167553,0.284700983,-0.029548252,0.812985178,0.015786854
1581251602.550199,b827ebf7d096,e78f135624ce,-79,5.857303742,13.352289798,1.780341157,-0.089658843,0.007696258,-0.950252382,-0.358565653,-0.017,0.113443876,-0.015303742,0.397224495,0.021481292
1581251603.0022423,b827ebf7d096,e78f135624ce,-81,5.840150774,13.363645916,1.838964015,-0.044088521,-0.001557395,-0.983468874,-0.479535081,-0.014822958,0.063708169,-0.013822958,0.492889165,0.001442605
1581251603.9080842,b827ebf7d096,e78f135624ce,-76,5.851123116,13.361566583,1.851630653,-0.008876884,0.002684673,-0.997,-0.165871859,-0.008,0.040561558,-0.008,0.166684673,0.00293593
1581251604.3684957,b827ebf7d096,e78f135624ce,-82,5.854271189,13.390618643,1.855220335,-0.018855929,0.003508476,-0.998,-0.294347382,-0.010618643,0.043127119,-0.010618643,0.295347382,0.000254238
1581251604.8243973,b827ebf7d096,e78f135624ce,-81,5.859683441,13.452129461,1.917474839,-0.04022301,-0.00877699,-0.99753957,-0.524129461,-0.00953957,0.05430215,-0.01007914,0.525589891,-0.01177699
1581251605.2806728,b827ebf7d096,e78f135624ce,-81,5.853496529,13.444181859,1.905685331,-0.034748264,-0.000937066,-0.997,-0.496762149,-0.009125868,0.056559463,-0.010062934,0.497762149,-0.003937066
1581251605.7309895,b827ebf7d096,e78f135624ce,-83,5.834221731,13.445610865,1.898832596,-0.025610865,-0.005389135,-0.998,-0.438506634,-0.011,0.044556538,-0.011,0.438812067,-0.001916298
1581251606.6399128,b827ebf7d096,e78f135624ce,-78,5.727239178,13.417,1.869603815,0.014867938,0.000955979,-0.998,0.440138664,0.003911959,0.049044021,0.003911959,-0.441094644,-0.000911959
1581251607.0978577,b827ebf7d096,e78f135624ce,-77,5.583683206,13.394957761,1.864326293,0.013957761,0.005326293,-0.998,0.22800738,0.002326293,0.054652587,0.002326293,-0.228333674,-0.005
1581251607.553813,b827ebf7d096,e78f135624ce,-75,5.420515128,13.373180102,1.867726701,0.013360203,0.008726701,-0.998,0.143670052,0.001,0.053453401,0.001726701,-0.144396753,-0.007726701
1581251608.9220023,b827ebf7d096,e78f135624ce,-80,4.822264413,13.333913372,1.851,-0.044130697,0.004782674,-0.999,-0.937694537,-0.015782674,0.047913372,-0.015782674,0.938694537,0.004
1581251609.3721488,b827ebf7d096,e78f135624ce,-87,4.628540539,13.323540031,1.85,-0.025080061,0.004,-0.99981999,-0.979739929,-0.015,0.026260071,-0.015,0.979919939,0.004
1581251609.8317773,b827ebf7d096,e78f135624ce,-84,4.427404144,13.316549317,1.847516439,-0.002065756,0.005483561,-1.0,-0.993483561,-0.014032878,0.002582195,-0.014,0.993967122,0.005483561
1581251610.2857692,b827ebf7d096,e78f135624ce,-84,4.227691534,13.31289984,1.847,0.00389984,0.00489984,-1.0,-0.998,-0.01210016,-0.00389984,-0.01210016,0.998,0.00489984
1581251611.1982903,b827ebf7d096,e78f135624ce,-76,3.827603402,13.326195411,1.814643671,-0.021839082,0.019160918,-0.999,-0.953689557,-0.021,0.021678165,-0.02,0.953689557,0.021258623
1581251611.6542168,b827ebf7d096,e78f135624ce,-76,3.638974306,13.350563597,1.810161028,-0.015758458,0.015919486,-0.999080514,-0.587447973,-0.016677944,0.021677944,-0.015677944,0.587447973,0.013758458
1581251612.1094735,b827ebf7d096,e78f135624ce,-82,3.445424433,13.362,1.808285638,-0.007142551,0.015,-1.0,-0.407708998,-0.013,0.008856913,-0.013,0.407708998,0.012
1581251612.56036,b827ebf7d096,e78f135624ce,-73,3.23477979,13.355864421,1.807864421,0.003440662,0.015220331,-1.0,-0.430948809,-0.014525413,-0.009135579,-0.014525413,0.430948809,0.011220331
1581251613.010865,b827ebf7d096,e78f135624ce,-83,3.026154033,13.345900884,1.804603536,0.010297348,0.019,-0.999900884,-0.465589612,-0.013594696,-0.01249558,-0.013594696,0.465589612,0.011396464
1581251613.4617612,b827ebf7d096,e78f135624ce,-75,2.798087041,13.317476837,1.783708469,0.00686102,0.02486102,-0.999523163,-0.813343469,-0.019953673,-0.00786102,-0.020953673,0.813343469,0.021384184
1581251613.9118712,b827ebf7d096,e78f135624ce,-78,2.579006056,13.309648487,1.794721212,-0.005672729,0.018,-0.999860606,-0.940369699,-0.014418182,0.005533335,-0.014418182,0.940369699,0.018
1581251614.370159,b827ebf7d096,e78f135624ce,-76,2.389615979,13.328410223,1.797572738,-0.012,0.014410223,-1.0,-0.980820447,-0.017803408,0.011196592,-0.017803408,0.980820447,0.015213631
1581251614.820895,b827ebf7d096,e78f135624ce,-74,2.212142026,13.325052175,1.778324638,-0.010363769,0.021662319,-0.999,-0.993675362,-0.02,0.00970145,-0.019,0.993675362,0.021662319
1581251615.2759385,b827ebf7d096,e78f135624ce,-75,2.045622446,13.34383261,1.789776813,-0.023888407,0.012111593,-0.999,-0.997,-0.019944203,0.023888407,-0.019944203,0.997944203,0.01216739
1581251615.7312872,b827ebf7d096,e78f135624ce,-80,1.902738833,13.385875798,1.788498936,-0.046250532,0.010250532,-0.998374734,-0.998,-0.021,0.046250532,-0.021,0.999,0.011250532
1581251616.1847913,b827ebf7d096,e78f135624ce,-101,1.74580814,13.412465762,1.776052067,-0.056586305,0.012120543,-0.998,-0.998,-0.022413695,0.056293152,-0.021706848,0.999,0.013120543
1581251616.6454623,b827ebf7d096,e78f135624ce,-93,1.543363995,13.38214677,1.773987769,-0.051073385,0.015012231,-0.998,-0.998,-0.021,0.050085616,-0.020012231,0.999,0.016012231
1581251617.0956366,b827ebf7d096,e78f135624ce,-79,1.34849409,13.39393655,1.778499156,-0.058749578,0.014250422,-0.997437394,-0.998,-0.023562606,0.058312183,-0.023,0.999,0.015250422
1581251617.550202,b827ebf7d096,e78f135624ce,-87,1.148521886,13.405542559,1.793243434,-0.055299125,0.009252189,-0.997850438,-0.998,-0.021,0.054448687,-0.020149562,0.999,0.010252189
1581251618.0055134,b827ebf7d096,e78f135624ce,-99,0.973339799,13.457569884,1.804434409,-0.058131181,0.004,-0.998,-0.998,-0.022565591,0.058131181,-0.022565591,0.999,0.005
1581251618.4586728,b827ebf7d096,e78f135624ce,-83,0.788833237,13.455562071,1.781844966,-0.04395738,0.007732551,-0.998,-0.998,-0.023732551,0.04395738,-0.024155034,0.999,0.008732551
1581251618.9150772,b827ebf7d096,e78f135624ce,-90,0.621340425,13.49,1.825813575,-0.051,-0.008954407,-0.996912867,-0.997,-0.020174265,0.051,-0.021087133,0.998912867,-0.007954407
1581251619.3692577,b827ebf7d096,e78f135624ce,-92,0.513611022,13.577125643,1.766688464,-0.065,-0.001850257,-0.996,-0.997,-0.019,0.065,-0.019712564,0.999,-0.000137693
1581251619.822009,b827ebf7d096,e78f135624ce,-86,0.458362349,13.646564766,1.853956477,-0.076550604,-0.021362349,-0.996,-0.996681174,-0.016318826,0.076550604,-0.018,0.999,-0.020043523
1581251620.2785177,b827ebf7d096,e78f135624ce,-82,0.430177507,13.242374559,2.002345723,-0.022299263,-0.033504646,-0.988495354,-0.989495354,-0.017168215,0.023131047,-0.012831785,0.998831785,-0.032672861
