1581251522.9762073,b827ebfd7811,e78f135624ce,-80,17.75535381,4.614230952,1.786938571,-0.008938571,-0.005,-1.002,0.99735381,0.02164619,-0.008938571,0.02164619,-1.002,0.00035381
1581251523.4284065,b827ebfd7811,e78f135624ce,-71,17.786465633,4.546438681,1.794835579,0.009712264,0.001876685,-1.000041105,0.999,0.02,0.009712264,0.02,-1.000041105,-0.002876685
1581251523.8855371,b827ebfd7811,e78f135624ce,-84,17.833291311,4.415496937,1.807145655,0.028887393,0.006258262,-1.0,0.999,0.018,0.028887393,0.018629131,-1.0,-0.006629131
1581251524.341949,b827ebfd7811,e78f135624ce,-79,17.864909946,4.313997313,1.818545699,0.037545699,0.009,-0.999,0.999,0.016727151,0.037545699,0.016727151,-1.0,-0.008
1581251524.7914324,b827ebfd7811,e78f135624ce,-78,17.885216148,4.246015619,1.827335936,0.040888021,0.009223958,-0.999,0.999,0.015,0.041776042,0.016,-1.0,-0.009223958
1581251525.2466974,b827ebfd7811,e78f135624ce,-71,17.902888036,4.201705267,1.825074642,0.043481339,0.007518661,-0.999,0.999,0.015481339,0.043481339,0.016,-1.0,-0.006518661
1581251525.7053416,b827ebfd7811,e78f135624ce,-71,17.908105377,4.178473116,1.830210754,0.043,0.009,-0.999,0.999,0.015,0.043,0.015894623,-1.0,-0.009
1581251526.1659198,b827ebfd7811,e78f135624ce,-78,17.909,4.166198788,1.836801212,0.042198788,0.010801212,-0.999,0.999,0.015,0.042198788,0.015,-1.0,-0.01
1581251527.526075,b827ebfd7811,e78f135624ce,-82,17.908754778,4.163754778,1.842251593,0.035,0.009,-0.999,0.999,0.013748407,0.035,0.014,-1.0,-0.008251593
1581251527.9808843,b827ebfd7811,e78f135624ce,-76,17.873739321,4.168475614,1.840309452,0.048309452,0.009,-0.999,0.999,0.014690548,0.048309452,0.014690548,-1.0,-0.008
1581251528.4415066,b827ebfd7811,e78f135624ce,-69,17.824310641,4.172051773,1.825069031,0.069792906,0.004017258,-0.997017258,0.997017258,0.016,0.069792906,0.016,-1.0,-0.002034516
1581251528.8984795,b827ebfd7811,e78f135624ce,-68,17.731536485,4.186955293,1.813258821,0.04243765,0.001303529,-0.998651764,0.998651764,0.014348236,0.042089414,0.014348236,-0.999651764,-0.000303529
1581251529.8071237,b827ebfd7811,e78f135624ce,-70,17.446374451,4.186220879,1.83394478,0.02494478,0.007,-1.0,0.99905522,0.01394478,0.02494478,0.01394478,-1.0,-0.007
1581251530.2667155,b827ebfd7811,e78f135624ce,-71,17.273381637,4.171,1.834608045,0.026783909,0.006608045,-1.0,0.999608045,0.013391955,0.027175864,0.013783909,-1.0,-0.006608045
1581251530.7196312,b827ebfd7811,e78f135624ce,-71,17.091216218,4.167215676,1.836215676,0.020352973,0.01,-1.0,1.0,0.013568649,0.021137297,0.013568649,-1.0,-0.009215676
1581251531.1688986,b827ebfd7811,e78f135624ce,-71,16.895705278,4.158146994,1.837382331,0.018808834,0.012191166,-1.0,1.0,0.013808834,0.019617669,0.013808834,-1.0,-0.012
1581251531.62122,b827ebfd7811,e78f135624ce,-76,16.694243678,4.151231691,1.837,0.020768309,0.010557923,-1.0,1.0,0.013,0.020768309,0.013,-1.0,-0.010557923
1581251532.081554,b827ebfd7811,e78f135624ce,-70,16.485193678,4.134589141,1.837136953,0.034410859,0.008136953,-0.999,0.999,0.013136953,0.034410859,0.013136953,-1.0,-0.008
1581251532.5353985,b827ebfd7811,e78f135624ce,-69,16.279466997,4.121708789,1.838,0.050818684,0.009,-0.998236263,0.998236263,0.016763737,0.051054948,0.017763737,-1.0,-0.008
1581251532.9898627,b827ebfd7811,e78f135624ce,-70,16.078017881,4.124152815,1.835,0.055462914,0.006,-0.998,0.998,0.018,0.055462914,0.018615728,-1.0,-0.005
1581251533.4421613,b827ebfd7811,e78f135624ce,-70,15.888623306,4.137938892,1.835,0.032097774,0.007,-0.999,0.999,0.018012222,0.032097774,0.018012222,-1.0,-0.006
1581251533.8974793,b827ebfd7811,e78f135624ce,-75,15.673864252,4.136067788,1.823288141,-0.002271151,0.017067788,-0.999,0.228305821,0.013644071,0.035355929,0.014644071,-0.227949892,0.006779646
1581251534.3604999,b827ebfd7811,e78f135624ce,-71,15.484303645,4.120664292,1.827333927,0.023669636,0.011,-0.999,0.758042752,0.016333927,0.035667854,0.017,-0.758708825,-0.003667854
1581251535.265901,b827ebfd7811,e78f135624ce,-76,15.11118453,4.095869982,1.803174954,-0.013085083,0.023130018,-0.999,-0.360696872,0.010434991,0.038565009,0.011434991,0.360261881,0.018260037
1581251535.7240036,b827ebfd7811,e78f135624ce,-72,14.927793891,4.090079389,1.787895267,-0.021104733,0.027552367,-0.998,-0.536304127,0.008815878,0.045631756,0.010815878,0.536304127,0.023736489
1581251536.1783035,b827ebfd7811,e78f135624ce,-63,14.74481513,4.076363523,1.770272332,-0.017181762,0.031636477,-0.998,-0.579727668,0.010818238,0.047272953,0.012636477,0.578727668,0.028636477
1581251536.637951,b827ebfd7811,e78f135624ce,-61,14.532909692,4.098,1.758939988,-0.048530006,0.032,-0.998,-0.859320256,0.007,0.058939988,0.009,0.859850261,0.031
1581251537.0897086,b827ebfd7811,e78f135624ce,-64,14.341802011,4.098741672,1.751185418,-0.051370836,0.032629164,-0.998,-0.954410434,0.004814582,0.054370836,0.006,0.955410434,0.031814582
1581251537.5468554,b827ebfd7811,e78f135624ce,-67,14.136061646,4.117385651,1.742614349,-0.059846413,0.032846413,-0.998,-0.984232064,0.005,0.060846413,0.007,0.985232064,0.031846413
1581251538.0062447,b827ebfd7811,e78f135624ce,-57,13.925315257,4.136249458,1.73887491,-0.061437455,0.03212509,-0.997,-0.993437455,0.00312509,0.06187491,0.00512509,0.99487491,0.031562545
1581251538.464985,b827ebfd7811,e78f135624ce,-57,13.706757107,4.148719131,1.752344638,-0.050625508,0.024374492,-0.998,-0.997093623,0.001,0.050719131,0.002,0.998,0.024374492
1581251538.9212852,b827ebfd7811,e78f135624ce,-58,13.513738407,4.123495147,1.742751348,-0.027246495,0.027998922,-0.99875027,-0.836692037,0.002250809,0.033998922,0.003500539,0.836941767,0.027248652
1581251539.379049,b827ebfd7811,e78f135624ce,-57,13.341134171,4.090940201,1.761403015,-0.004470101,0.027,-0.999,-0.285044221,0.008850754,0.032447739,0.009425377,0.285044221,0.016298492
1581251539.8373358,b827ebfd7811,e78f135624ce,-54,13.195879201,4.081522531,1.796209012,0.003790988,0.020104506,-0.999,0.201895494,0.012,0.014790988,0.012,-0.202,0.002104506
1581251540.2923565,b827ebfd7811,e78f135624ce,-58,12.98652807,4.071092904,1.786476774,0.004,0.022,-0.999,-0.297997723,0.008784839,0.000523226,0.008784839,0.297997723,0.014215161
1581251540.7455323,b827ebfd7811,e78f135624ce,-54,12.749064355,4.039518152,1.740955445,0.010044555,0.035651815,-0.998348185,-0.774328384,0.003651815,-0.009044555,0.003,0.773676569,0.033651815
1581251541.2004771,b827ebfd7811,e78f135624ce,-56,12.573107787,4.038176239,1.753874115,0.005949646,0.016151062,-0.999,-0.01466482,0.009949646,-0.006151062,0.009949646,0.01466482,0.017125885
1581251542.1070254,b827ebfd7811,e78f135624ce,-54,12.221201794,4.078791749,1.772791749,0.015255964,0.001511928,-1.0,0.850262422,0.014744036,0.013511928,0.014744036,-0.851006457,0.003232108
1581251542.5589974,b827ebfd7811,e78f135624ce,-53,12.071425792,4.099910043,1.793770613,0.015614693,0.006631184,-1.0,0.951910043,0.013,0.014737632,0.013,-0.952032981,-0.004631184
1581251543.0108666,b827ebfd7811,e78f135624ce,-54,11.963100716,4.102,1.791951943,0.016524029,0.003,-1.0,0.984379857,0.014,0.016524029,0.014,-0.984379857,-0.002
1581251543.4691844,b827ebfd7811,e78f135624ce,-57,11.895585191,4.102742762,1.794485524,0.014128619,0.001871381,-1.0,0.995128619,0.015128619,0.014128619,0.015,-0.995128619,-0.001871381
1581251543.9208622,b827ebfd7811,e78f135624ce,-57,11.861529839,4.101735081,1.788735081,0.013252984,0.000494032,-1.0,0.998,0.014505968,0.013252984,0.014505968,-0.998,-0.000494032
1581251544.3749957,b827ebfd7811,e78f135624ce,-63,11.834169798,4.102,1.795098121,0.013,0.00236604,-1.0,0.999,0.014,0.013,0.01463396,-0.999,-0.00236604
1581251544.8300784,b827ebfd7811,e78f135624ce,-63,11.823909595,4.098909595,1.788909595,0.013045202,0.0,-1.0,1.0,0.015045202,0.013045202,0.015045202,-1.0,0.0
1581251545.2804396,b827ebfd7811,e78f135624ce,-62,11.814181194,4.101818806,1.792212537,0.011787463,0.002,-1.0,1.0,0.014393731,0.011787463,0.014393731,-1.0,-0.001606269
1581251545.736872,b827ebfd7811,e78f135624ce,-54,11.803,4.11068159,1.802050993,0.011789801,0.004420397,-1.0,1.0,0.013210199,0.011789801,0.013210199,-1.0,-0.004420397
1581251546.1946647,b827ebfd7811,e78f135624ce,-58,11.828625851,4.199625851,1.826015118,-0.096897709,0.009768456,-0.912715544,0.819646761,0.025620811,0.086589823,0.015536911,-0.735593849,-0.014236584
1581251546.652582,b827ebfd7811,e78f135624ce,-61,11.86159589,4.23259589,1.873638508,-0.259305681,0.00732623,-0.743591453,0.676166034,0.042716387,0.248387238,0.010652461,-0.425431257,-0.032553272
1581251547.1099727,b827ebfd7811,e78f135624ce,-64,11.803755466,4.3356572,1.884601533,-0.2623428,0.005741267,-0.228336265,0.246371199,0.018636466,0.733922468,0.006741267,0.021454134,-0.016153933
1581251547.5660293,b827ebfd7811,e78f135624ce,-59,11.75526339,4.401087552,1.852789435,-0.256403767,0.005,-0.040895085,0.093035462,-0.001140377,0.91589435,0.005140377,0.181508682,0.001070188
1581251548.0211356,b827ebfd7811,e78f135624ce,-59,11.685044688,4.423434637,1.848521788,-0.177944186,0.00408715,-0.003,0.0271743,-0.002956425,0.972303912,0.00408715,0.152769886,0.002478212
1581251548.472157,b827ebfd7811,e78f135624ce,-60,11.680229369,4.453140115,1.832789828,-0.368707303,0.003,0.024789828,0.027509598,-0.009070057,0.990210172,0.003929943,0.360917475,0.008070057
1581251548.9294245,b827ebfd7811,e78f135624ce,-61,11.663904471,4.465264043,1.824207871,-0.236814298,0.003735957,0.024792129,0.016112343,-0.011528086,0.996735957,0.004735957,0.234814298,0.008792129
1581251549.3858569,b827ebfd7811,e78f135624ce,-63,11.641995892,4.467599178,1.831202465,-0.137116194,0.004400822,0.019198357,0.007797535,-0.006198357,0.999,0.004400822,0.136116194,0.004198357
1581251549.8364575,b827ebfd7811,e78f135624ce,-64,11.624958346,4.466,1.835979173,-0.07145882,0.005020827,0.012958346,0.001958346,-0.005,1.0,0.005020827,0.07145882,0.003
1581251550.2896574,b827ebfd7811,e78f135624ce,-58,11.613632561,4.475795365,1.848837196,-0.290655735,0.002265122,-0.001,-0.004734878,-0.000265122,1.0,0.002265122,0.290655735,-0.001102317
1581251550.7394967,b827ebfd7811,e78f135624ce,-57,11.630716441,4.513647436,1.84485822,-0.072723983,0.005785445,0.030003771,0.002501885,-0.003785445,0.999,0.005785445,0.072938538,0.00057089
1581251551.646721,b827ebfd7811,e78f135624ce,-56,11.647609263,4.656625382,1.832421955,-0.010030198,0.001484391,0.049609263,0.003578045,-0.009546827,0.998484391,0.002,0.010030198,0.005546827
1581251552.099786,b827ebfd7811,e78f135624ce,-57,11.641506584,4.77031739,1.831753292,-0.026228698,0.00461677,0.046123354,0.003136522,-0.007876646,0.999,0.005493416,0.026228698,0.005123354
1581251552.5508716,b827ebfd7811,e78f135624ce,-58,11.592315555,4.895972288,1.783479738,0.014298564,0.008904052,0.065904052,-0.011068235,-0.004273987,0.996273987,0.008904052,-0.015024577,0.019904052
1581251553.0086324,b827ebfd7811,e78f135624ce,-62,11.541503922,4.989464702,1.779031376,0.441696576,0.016,0.071877941,-0.045129902,0.002114215,0.99537402,0.01562598,-0.444322557,0.012114215
1581251553.466098,b827ebfd7811,e78f135624ce,-72,11.494,5.129939179,1.754039132,0.360139086,0.016941301,0.075019566,-0.047902169,-0.002039132,0.995,0.016941301,-0.362139086,0.018980434
1581251553.920662,b827ebfd7811,e78f135624ce,-65,11.518747763,5.283050921,1.714915132,0.322506841,0.014337105,0.052291842,-0.030977369,0.009696842,0.996,0.015005658,-0.323169736,0.027691184
1581251554.824537,b827ebfd7811,e78f135624ce,-72,11.452571124,5.60373358,1.763670035,0.434058493,0.016748737,0.047586281,-0.046837544,-0.004753789,0.996916246,0.016748737,-0.436142247,0.010832491
1581251555.282847,b827ebfd7811,e78f135624ce,-71,11.472537244,5.777027015,1.803313779,0.385995366,0.012537244,0.050462756,-0.043686221,-0.003462756,0.997,0.013,-0.386995366,0.001611733
1581251555.7384455,b827ebfd7811,e78f135624ce,-71,11.472137516,5.962477384,1.790465621,0.570897773,0.018667974,0.078732811,-0.063400784,0.003133595,0.995133595,0.018534379,-0.573897773,0.008
1581251556.19565,b827ebfd7811,e78f135624ce,-74,11.556587858,6.124362146,1.728017856,0.776444282,0.025200714,0.058602143,-0.049405,0.019598572,0.996799286,0.024200714,-0.778243568,0.027394286
1581251556.65034,b827ebfd7811,e78f135624ce,-73,11.598097428,6.296160365,1.746902572,0.86902572,0.024,0.041426929,-0.039902572,0.009524357,0.998,0.023524357,-0.87002572,0.014048714
1581251557.1027172,b827ebfd7811,e78f135624ce,-75,11.617948357,6.497451375,1.78013548,0.720219985,0.021,0.030593561,-0.027322602,0.001729041,0.99813548,0.021,-0.721219985,0.003270959
1581251557.5554159,b827ebfd7811,e78f135624ce,-71,11.6394545,6.707802583,1.783257583,0.224834418,0.01377275,0.032742417,-0.006803083,-0.002,0.999,0.01377275,-0.224834418,0.01222725
1581251558.0054357,b827ebfd7811,e78f135624ce,-72,11.644792141,6.906202342,1.792112375,0.179107195,0.012792141,0.04,-0.006376422,-0.005264047,0.999,0.013056187,-0.179107195,0.009679766
1581251558.4656167,b827ebfd7811,e78f135624ce,-77,11.648312823,7.10937125,1.808062565,0.180562047,0.012937435,0.039937435,-0.007749741,-0.009062565,0.999,0.012937435,-0.180562047,0.005937435
1581251558.9183924,b827ebfd7811,e78f135624ce,-77,11.649425828,7.319450317,1.814148344,-0.248375441,0.007277484,0.027277484,0.00387086,-0.011722516,0.999,0.007277484,0.248375441,0.011148344
1581251559.376921,b827ebfd7811,e78f135624ce,-78,11.649,7.53805449,1.819255161,-0.764350937,-0.001255161,0.027255161,0.019765483,-0.019510322,0.999,-0.000510322,0.764606098,0.019510322
1581251560.2865822,b827ebfd7811,e78f135624ce,-73,11.648523601,7.94827448,1.823047203,-0.975188812,-0.006523601,0.037570804,0.036570804,-0.02,0.999,-0.005523601,0.97566521,0.02
1581251560.7395241,b827ebfd7811,e78f135624ce,-72,11.653,8.136966862,1.822605649,-0.9912629,-0.0057371,0.045525801,0.044657251,-0.0202629,0.99886855,-0.004605649,0.9922629,0.02113145
1581251561.1903536,b827ebfd7811,e78f135624ce,-79,11.657,8.311439689,1.819256896,-0.995743104,-0.005743104,0.053743104,0.053743104,-0.022743104,0.998,-0.004743104,0.997,0.022743104
1581251561.6495516,b827ebfd7811,e78f135624ce,-71,11.657,8.452306531,1.815429243,-0.997429243,-0.004429243,0.057,0.057,-0.024570757,0.998,-0.003429243,0.999,0.024570757
1581251562.1005151,b827ebfd7811,e78f135624ce,-71,11.66,8.540936709,1.815104079,-0.998,-0.006,0.056947961,0.056947961,-0.022947961,0.998,-0.004052039,0.999052039,0.022947961
1581251562.5506496,b827ebfd7811,e78f135624ce,-70,11.65864083,8.59276747,1.816,-0.998,-0.00664083,0.053,0.053,-0.023,0.998,-0.005,1.0,0.023
1581251563.005343,b827ebfd7811,e78f135624ce,-80,11.659,8.624579644,1.817473452,-0.999,-0.005,0.052736726,0.052736726,-0.021263274,0.998,-0.004,1.0,0.022263274
1581251563.4614441,b827ebfd7811,e78f135624ce,-84,11.658094661,8.643526694,1.816,-0.999,-0.004,0.051,0.051094661,-0.022,0.998,-0.003,1.0,0.022
1581251563.9152129,b827ebfd7811,e78f135624ce,-76,11.657549714,8.656099428,1.816,-0.999,-0.003549714,0.05,0.05,-0.023,0.998,-0.002549714,1.0,0.023
1581251564.368335,b827ebfd7811,e78f135624ce,-78,11.681806329,8.65836759,1.771031619,-0.800889345,0.000233201,-0.030430804,-0.035197603,-0.059201582,0.945094882,6.7194e-05,0.848027664,0.057501978
1581251564.8292317,b827ebfd7811,e78f135624ce,-85,11.646123995,8.653163916,1.780695585,-0.673027647,0.000976583,-0.232630697,-0.236654114,-0.050280999,0.786011143,-0.002906334,0.879993088,0.046351248
1581251565.2892218,b827ebfd7811,e78f135624ce,-76,11.711530018,8.652982847,1.801034306,-0.227682667,0.008504288,-0.741847351,0.039214414,-0.017461405,0.313639784,-0.000982847,0.17599827,0.01597427
1581251565.741462,b827ebfd7811,e78f135624ce,-76,11.741350541,8.614649459,1.813789676,-0.047317405,0.009859784,-0.916542379,0.642870597,0.003140216,0.130247297,0.008070108,-0.57327276,-7.0108e-05
1581251566.6471558,b827ebfd7811,e78f135624ce,-81,11.762525878,8.558762939,1.812,0.036,0.007,-0.990762939,0.963196164,0.010381469,0.054092653,0.011,-0.956959103,-0.005
1581251567.099427,b827ebfd7811,e78f135624ce,-82,11.7730811,8.55612165,1.813243299,0.03895945,0.0070811,-0.99604055,0.98812165,0.01104055,0.04487835,0.012,-0.986162199,-0.00704055
1581251567.5583727,b827ebfd7811,e78f135624ce,-82,11.775356776,8.554608059,1.823321612,0.039356776,0.010321612,-0.998,0.995678388,0.011,0.040678388,0.012,-0.995678388,-0.009321612
1581251568.0120142,b827ebfd7811,e78f135624ce,-76,11.770586796,8.546942136,1.813648738,0.034528932,0.005471068,-0.999,0.998,0.012706602,0.035528932,0.012706602,-0.998235534,-0.005471068
1581251568.4695144,b827ebfd7811,e78f135624ce,-69,11.722080606,8.552547528,1.817671483,0.043123956,0.005780989,-0.999,0.998109506,0.012,0.043123956,0.012109506,-0.999,-0.004890494
1581251568.9201014,b827ebfd7811,e78f135624ce,-76,11.638219334,8.534,1.81295842,0.058,0.00097921,-0.998,0.998,0.012,0.058,0.012,-1.0,2.079e-05
1581251569.8303783,b827ebfd7811,e78f135624ce,-80,11.37756963,8.538779057,1.801805236,0.040389529,-0.005,-0.999,0.999,0.010805236,0.040389529,0.01,-1.0,0.006
1581251570.281,b827ebfd7811,e78f135624ce,-72,11.202100064,8.555787497,1.805,0.032606251,-0.003,-0.999,0.999,0.01,0.032606251,0.01,-1.0,0.003
1581251570.7403767,b827ebfd7811,e78f135624ce,-77,11.016238912,8.571165665,1.806110444,0.017834335,-0.001,-1.0,1.0,0.008,0.017834335,0.008,-1.0,0.001
1581251571.2002187,b827ebfd7811,e78f135624ce,-71,10.829670493,8.577031735,1.814452397,0.008742066,-0.001515868,-1.0,1.0,0.011484132,0.008742066,0.011484132,-1.0,0.002257934
1581251571.6517272,b827ebfd7811,e78f135624ce,-71,10.615856692,8.57926189,1.815,0.006369055,0.002369055,-1.0,1.0,0.011369055,0.006369055,0.011369055,-1.0,-0.002369055
1581251573.4582083,b827ebfd7811,e78f135624ce,-84,9.630146205,8.61617885,1.8292141,-0.01660705,0.014803525,-0.999,-0.44008031,0.001,-0.012161226,0.000803525,0.44008031,0.01260705
1581251573.9128268,b827ebfd7811,e78f135624ce,-71,9.381007197,8.602091127,1.835545564,-0.026,0.016,-0.999,-0.821994003,-0.002454436,0.016908873,-0.002454436,0.821994003,0.015454436
1581251574.3661451,b827ebfd7811,e78f135624ce,-73,9.14742219,8.58346878,1.833177073,-0.012557317,0.014822927,-1.0,-0.943416587,-0.006,0.009557317,-0.005088537,0.943416587,0.014822927
1581251574.8239625,b827ebfd7811,e78f135624ce,-87,8.918518561,8.562270796,1.839458408,0.003729204,0.011270796,-1.0,-0.982104427,-0.004,-0.004729204,-0.004,0.982104427,0.011270796
1581251575.2761765,b827ebfd7811,e78f135624ce,-75,8.693838952,8.55057822,1.838,0.003,0.014294785,-1.0,-0.994294785,-0.004705215,-0.003,-0.004705215,0.993589571,0.014294785
1581251575.731357,b827ebfd7811,e78f135624ce,-73,8.459753887,8.525354085,1.844,-0.015380351,0.013911479,-1.0,-0.997911479,-0.003177043,0.015380351,-0.003177043,0.997911479,0.013911479
1581251576.1816354,b827ebfd7811,e78f135624ce,-75,8.219395277,8.519668971,1.84,-0.032225295,0.015,-0.999,-0.999,-0.005,0.032225295,-0.005,0.999,0.015
1581251577.0896947,b827ebfd7811,e78f135624ce,-73,7.757177609,8.517105574,1.837488899,-0.03574445,0.01125555,-0.999,-0.999,-0.007127775,0.03574445,-0.007127775,1.0,0.01225555
1581251577.5420477,b827ebfd7811,e78f135624ce,-82,7.532460456,8.50924372,1.83975628,-0.02880465,0.01112186,-0.99943907,-0.99943907,-0.00643907,0.02880465,-0.00587814,1.0,0.01112186
1581251578.0037897,b827ebfd7811,e78f135624ce,-74,7.303729222,8.511832674,1.841916337,-0.014498021,0.009916337,-1.0,-1.0,-0.011167326,0.014498021,-0.011083663,1.0,0.009916337
1581251578.455626,b827ebfd7811,e78f135624ce,-76,7.083768764,8.492398929,1.835105667,0.003240428,0.011826952,-1.0,-1.0,-0.010706738,-0.003240428,-0.010706738,1.0,0.011826952
1581251578.9091604,b827ebfd7811,e78f135624ce,-75,6.853294823,8.466205517,1.817458965,0.007698621,0.015698621,-1.0,-1.0,-0.013397242,-0.007698621,-0.013746552,1.0,0.015698621
1581251579.8155956,b827ebfd7811,e78f135624ce,-86,6.5400193,8.55079614,1.81818456,-0.00120386,0.016598713,-1.0,0.071015287,0.00059228,0.00179614,0.00059228,-0.071015287,0.00040772
1581251580.2665486,b827ebfd7811,e78f135624ce,-79,6.435170684,8.55769964,1.837910132,0.002480096,0.015810012,-1.0,0.680630276,0.010620024,0.004240048,0.010620024,-0.680630276,-0.009240048
1581251580.7196126,b827ebfd7811,e78f135624ce,-78,6.264013168,8.61529971,1.845328944,0.005957598,0.017442981,-0.999185673,0.859087701,0.015628654,0.007957598,0.015628654,-0.859087701,-0.014257308
1581251581.1778097,b827ebfd7811,e78f135624ce,-83,6.13181103,8.641362568,1.858463834,0.0105217,0.019,-0.999492767,0.955405968,0.016985534,0.0115217,0.016985534,-0.955405968,-0.017492767
1581251581.6352963,b827ebfd7811,e78f135624ce,-93,6.046850919,8.655160188,1.869337036,0.019834259,0.019668518,-0.999,0.985662964,0.018834259,0.020834259,0.018834259,-0.985662964,-0.018834259
1581251582.0892339,b827ebfd7811,e78f135624ce,-92,6.009247312,8.655204301,1.871430108,0.026,0.019612903,-0.999,0.994795699,0.017204301,0.026,0.017408602,-0.995591398,-0.018612903
1581251582.5425332,b827ebfd7811,e78f135624ce,-93,5.976934741,8.661252207,1.859626104,0.023780422,0.016813052,-0.999,0.998,0.015,0.023780422,0.015593474,-0.998406526,-0.016813052
1581251582.994651,b827ebfd7811,e78f135624ce,-75,5.960767246,8.645165181,1.852022525,0.026842328,0.015,-0.998992492,0.997385736,0.014992492,0.027097607,0.014992492,-0.997378228,-0.014984984
1581251583.4447832,b827ebfd7811,e78f135624ce,-76,6.02323332,8.671986656,1.83481662,-0.285019814,0.021376668,-0.871340073,0.212493731,-0.009676708,0.309409827,0.006713304,-0.08658714,0.014910028
1581251583.896672,b827ebfd7811,e78f135624ce,-75,6.004681831,8.696506492,1.902759738,-0.722259693,0.016493508,-0.496103969,-0.151175338,0.035240262,0.729499954,0.024240262,0.653324616,-0.026746754
1581251584.3508916,b827ebfd7811,e78f135624ce,-76,5.909464527,8.675857227,1.876857227,-0.911678246,0.005428613,-0.163750662,-0.053678834,0.001750074,0.913678246,0.008535767,0.889821019,0.001249926
1581251584.8115258,b827ebfd7811,e78f135624ce,-81,5.845646718,8.655899062,1.854899062,-0.97172711,0.001474766,-0.043970076,-0.008747655,-0.013050469,0.972201876,0.002474766,0.964777579,0.014050469
1581251585.2640455,b827ebfd7811,e78f135624ce,-80,5.809344838,8.644812811,1.841812811,-0.990280784,-0.001,0.000561567,0.012280784,-0.017,0.990280784,-0.000906405,0.988280784,0.017906405
1581251585.7177107,b827ebfd7811,e78f135624ce,-79,5.788287119,8.637514848,1.836257424,-0.996742576,-0.001,0.015485152,0.018742576,-0.017257424,0.996742576,-0.000742576,0.996485152,0.018
1581251586.168574,b827ebfd7811,e78f135624ce,-78,5.774825198,8.633608399,1.829391601,-0.999,-0.002,0.019,0.02,-0.019608399,0.999,-0.001,0.998391601,0.020216799
1581251586.6204126,b827ebfd7811,e78f135624ce,-78,5.763,8.62990482,1.82590482,-1.0,-0.002,0.01604759,0.01604759,-0.02004759,0.999,-0.00104759,0.99904759,0.02004759
1581251587.0778127,b827ebfd7811,e78f135624ce,-79,5.76,8.642059672,1.825,-0.999,-0.002,0.031059672,0.031386375,-0.019326703,0.999,-0.001,1.0,0.019326703
1581251587.5282676,b827ebfd7811,e78f135624ce,-88,5.761222887,8.689457738,1.823777113,-0.999,-0.004777113,0.038331339,0.038331339,-0.02,0.999,-0.004,1.0,0.02
1581251587.9872866,b827ebfd7811,e78f135624ce,-73,5.768746715,8.757087226,1.838493431,0.091331022,0.005873358,0.029126642,0.002886496,-0.021,0.999,0.006746715,-0.091331022,-0.002493431
1581251588.444156,b827ebfd7811,e78f135624ce,-77,5.779083168,8.863955434,1.846541584,0.705367296,0.012,0.025375249,-0.014541584,-0.015375249,0.999541584,0.012,-0.706367296,-0.009
1581251588.898392,b827ebfd7811,e78f135624ce,-72,5.785,8.999582144,1.848189554,0.907117947,0.015,0.006241786,-0.002431339,-0.012,1.0,0.015,-0.906928394,-0.010189554
1581251589.3554053,b827ebfd7811,e78f135624ce,-76,5.782305744,9.156273625,1.848847128,0.970471278,0.016,-0.001,0.002152872,-0.011,1.0,0.016,-0.970471278,-0.01
1581251589.811596,b827ebfd7811,e78f135624ce,-70,5.775517951,9.329656305,1.847517951,0.990446147,0.017,-0.001482049,0.002482049,-0.008517951,1.0,0.017,-0.990446147,-0.008517951
1581251590.2696064,b827ebfd7811,e78f135624ce,-80,5.767603593,9.511606784,1.845867864,0.997,0.018,-0.008528543,0.008528543,-0.008867864,1.0,0.018,-0.997132136,-0.008867864
1581251590.729368,b827ebfd7811,e78f135624ce,-79,5.755750218,9.699059608,1.845187555,0.998812445,0.017812445,-0.020624891,0.021437336,-0.009,1.0,0.016812445,-0.999,-0.009
1581251591.178962,b827ebfd7811,e78f135624ce,-78,5.74330117,9.905482449,1.839,0.620637443,0.015575293,-0.023424707,0.01530117,-0.012849415,1.0,0.015575293,-0.620637443,-0.003
1581251592.5341742,b827ebfd7811,e78f135624ce,-82,5.723507069,10.553705004,1.802492931,-0.069634313,0.010746465,-0.014239396,0.0,-0.018492931,0.999,0.01,0.069380779,0.01
1581251592.9872406,b827ebfd7811,e78f135624ce,-81,5.602397726,10.769507219,1.702635748,-0.150239555,0.007873004,0.025952089,-0.038206082,0.008698096,0.993380989,0.003253993,0.148239555,0.039714067
1581251593.4469934,b827ebfd7811,e78f135624ce,-82,5.476139264,10.953550967,1.511731798,-0.107455388,0.00887318,0.031492719,-0.065943871,0.004478157,0.988,0.00143659,0.104891978,0.08530977
1581251593.9004166,b827ebfd7811,e78f135624ce,-72,5.547307684,11.153692286,1.632205128,-0.020282075,0.008,-0.003589744,-0.031358977,-0.014358977,0.993205128,0.004205128,0.019282075,0.031
1581251594.356848,b827ebfd7811,e78f135624ce,-76,5.589351612,11.376703908,1.553999658,-0.045394106,0.014,-0.00757745,-0.018774845,0.002408499,0.985,0.005,0.047534956,0.056366346
1581251595.2745647,b827ebfd7811,e78f135624ce,-82,5.616772444,11.792210708,1.742508424,0.250808909,0.013705054,-0.019376413,-0.021573044,0.00619663,0.993,0.00980337,-0.248710594,0.010393261
1581251595.727816,b827ebfd7811,e78f135624ce,-84,5.497240157,11.981139764,1.704363408,0.386170275,0.014,-0.012513342,-0.046176619,0.016229987,0.994,0.011,-0.384170275,0.025203303
1581251596.18722,b827ebfd7811,e78f135624ce,-78,5.486520512,12.200108177,1.755496208,0.358001827,0.011453358,-0.015266788,-0.03810635,0.00531905,0.994639927,0.010453358,-0.354641754,0.003145546
1581251596.6426866,b827ebfd7811,e78f135624ce,-80,5.614188431,12.431763079,1.765782646,0.556473843,0.015864738,-0.043971076,0.015106338,0.002405785,0.993270523,0.013,-0.555473843,0.004946831
1581251597.0944884,b827ebfd7811,e78f135624ce,-80,5.635137897,12.620635206,1.762669927,0.172517852,0.007798044,-0.018064059,-0.005201956,0.001798044,0.997,0.006798044,-0.172251837,0.014266015
1581251597.5456002,b827ebfd7811,e78f135624ce,-83,5.640632746,12.806766878,1.740289547,0.072836269,0.004710453,0.000710453,-0.016552267,0.013420907,0.997289547,0.002710453,-0.072836269,0.026710453
1581251597.998105,b827ebfd7811,e78f135624ce,-88,5.650472729,12.97322338,1.752435499,0.207240693,0.006759307,0.017601731,-0.019083116,0.002842424,0.998,0.005759307,-0.207361039,0.016722078
1581251598.4553137,b827ebfd7811,e78f135624ce,-87,5.633762242,13.144570077,1.844459304,0.191651469,0.00755049,0.032944614,-0.029394124,-0.034302938,0.993100979,0.012,-0.19355049,-0.018302938
1581251598.908194,b827ebfd7811,e78f135624ce,-86,5.672820471,13.265888816,1.818803466,0.114512754,0.006,0.01868378,-0.018871812,-0.015307717,0.997188031,0.006811969,-0.115512754,0.003504251
1581251599.3647716,b827ebfd7811,e78f135624ce,-75,5.594830041,13.351204325,1.84940865,0.283834015,0.007,0.062505903,-0.063822209,-0.032362478,0.987897838,0.012892928,-0.29309433,-0.015729866
1581251599.8204584,b827ebfd7811,e78f135624ce,-76,5.667869108,13.394780559,1.86047257,0.120743008,0.007,0.017274301,-0.020274301,-0.03105486,0.99394514,0.01052743,-0.124270438,-0.01258229
1581251600.2765324,b827ebfd7811,e78f135624ce,-79,5.72044995,13.421745637,1.789532598,0.355489468,0.009,-0.000958676,-0.003147844,0.002360883,0.998,0.00989348,-0.356489468,0.016680441
1581251600.7322896,b827ebfd7811,e78f135624ce,-80,5.754031985,13.439273989,1.800789981,-0.421567252,-0.000273989,-0.009757996,-0.003515992,-0.011515992,0.999,0.000484008,0.421325249,0.019
1581251601.1892745,b827ebfd7811,e78f135624ce,-82,5.768708447,13.454854224,1.803291553,-0.795959131,-0.007572888,-0.138002736,-0.136002736,-0.034844007,0.97746798,-0.015562671,0.816491151,0.034562671
1581251601.645152,b827ebfd7811,e78f135624ce,-89,5.788052503,13.445210622,1.794649166,-0.65175539,-0.005824583,-0.579033987,-0.576946279,-0.056526252,0.707439761,-0.042701669,0.941315629,0.035736874
1581251602.5507283,b827ebfd7811,e78f135624ce,-85,5.857308152,13.352395656,1.780389676,-0.089610324,0.007691848,-0.950314133,-0.358878816,-0.017,0.113377715,-0.015308152,0.39748914,0.021459238
1581251603.9087853,b827ebfd7811,e78f135624ce,-83,5.851155478,13.361496464,1.851533566,-0.008844522,0.002733217,-0.997,-0.165925797,-0.008,0.040577739,-0.008,0.166733217,0.002962898
1581251604.3693452,b827ebfd7811,e78f135624ce,-85,5.854200399,13.39063988,1.855319441,-0.018919641,0.00348016,-0.998,-0.296110066,-0.01063988,0.04312004,-0.01063988,0.297110066,0.00024008
1581251604.8252673,b827ebfd7811,e78f135624ce,-87,5.859746713,13.452303459,1.917379931,-0.040278373,-0.008721627,-0.997531661,-0.524303459,-0.009531661,0.054341695,-0.010063322,0.525771799,-0.011721627
1581251605.2814286,b827ebfd7811,e78f135624ce,-85,5.853441562,13.444092539,1.905650977,-0.034720781,-0.000930195,-0.997,-0.496954531,-0.009139609,0.056511367,-0.010069805,0.497954531,-0.003930195
1581251605.731672,b827ebfd7811,e78f135624ce,-90,5.834202228,13.445601114,1.898803342,-0.025601114,-0.005398886,-0.998,-0.438769919,-0.011,0.044595544,-0.011,0.439070476,-0.001901671
1581251607.0984402,b827ebfd7811,e78f135624ce,-78,5.583444929,13.39492599,1.864320998,0.01392599,0.005320998,-0.998,0.227260776,0.002320998,0.054641997,0.002320998,-0.227581774,-0.005
1581251607.5545423,b827ebfd7811,e78f135624ce,-92,5.420163727,13.373160211,1.86772007,0.013320422,0.00872007,-0.998,0.143007031,0.001,0.053440141,0.00172007,-0.143727101,-0.00772007
1581251609.3744535,b827ebfd7811,e78f135624ce,-89,4.627522588,13.323482411,1.85,-0.024964821,0.004,-0.999839196,-0.979874375,-0.015,0.026125625,-0.015,0.980035179,0.004
1581251609.8326793,b827ebfd7811,e78f135624ce,-93,4.426990755,13.316526768,1.847508923,-0.002035691,0.005491077,-1.0,-0.993491077,-0.014017846,0.002544614,-0.014,0.993982154,0.005491077
1581251610.2885387,b827ebfd7811,e78f135624ce,-77,4.22646835,13.312876761,1.847,0.003876761,0.004876761,-1.0,-0.998,-0.012123239,-0.003876761,-0.012123239,0.998,0.004876761
1581251611.1991477,b827ebfd7811,e78f135624ce,-90,3.827267056,13.326261362,1.814590911,-0.021852272,0.019147728,-0.999,-0.952977295,-0.021,0.021704545,-0.02,0.952977295,0.021278408
1581251611.655021,b827ebfd7811,e78f135624ce,-85,3.638665004,13.350606899,1.8101734,-0.0157399,0.0159133,-0.9990867,-0.586099417,-0.0166532,0.0216532,-0.0156532,0.586099417,0.0137399
1581251612.1104217,b827ebfd7811,e78f135624ce,-82,3.444997747,13.362,1.808277736,-0.007110944,0.015,-1.0,-0.407163788,-0.013,0.008833208,-0.013,0.407163788,0.012
1581251612.5609138,b827ebfd7811,e78f135624ce,-81,3.234489021,13.355832113,1.807832113,0.003477585,0.015238792,-1.0,-0.43171958,-0.01454849,-0.009167887,-0.01454849,0.43171958,0.011238792
1581251613.0115855,b827ebfd7811,e78f135624ce,-89,3.025865833,13.345906426,1.804625705,0.010280721,0.019,-0.999906426,-0.464270542,-0.013561442,-0.012467869,-0.013561442,0.464270542,0.011374295
1581251613.462509,b827ebfd7811,e78f135624ce,-78,2.797736207,13.317471085,1.783760232,0.006826512,0.024826512,-0.999528915,-0.813677049,-0.019942171,-0.007826512,-0.020942171,0.813677049,0.021355427
1581251614.3714547,b827ebfd7811,e78f135624ce,-91,2.389032866,13.328442619,1.797486351,-0.012,0.014442619,-1.0,-0.980885237,-0.017814206,0.011185794,-0.017814206,0.980885237,0.015256825
1581251614.8216455,b827ebfd7811,e78f135624ce,-79,2.211841809,13.325134052,1.778310991,-0.01041153,0.021655496,-0.999,-0.993689009,-0.02,0.009756035,-0.019,0.993689009,0.021655496
1581251615.2768328,b827ebfd7811,e78f135624ce,-82,2.045322214,13.343851774,1.789802365,-0.023901182,0.012098818,-0.999,-0.997,-0.019950591,0.023901182,-0.019950591,0.997950591,0.012148226
1581251615.7320142,b827ebfd7811,e78f135624ce,-88,1.902520752,13.385891375,1.788478167,-0.046260917,0.010260917,-0.998369542,-0.998,-0.021,0.046260917,-0.021,0.999,0.011260917
1581251616.1856294,b827ebfd7811,e78f135624ce,-89,1.745538769,13.412495692,1.776093969,-0.056598277,0.012102585,-0.998,-0.998,-0.022401723,0.056299138,-0.021700862,0.999,0.013102585
1581251616.64624,b827ebfd7811,e78f135624ce,-85,1.543075127,13.382213432,1.773982214,-0.051106716,0.015017786,-0.998,-0.998,-0.021,0.050124502,-0.020017786,0.999,0.016017786
1581251617.0965319,b827ebfd7811,e78f135624ce,-85,1.34803832,13.393863301,1.778434046,-0.058717023,0.014282977,-0.997429256,-0.998,-0.023570744,0.058287767,-0.023,0.999,0.015282977
1581251617.550817,b827ebfd7811,e78f135624ce,-82,1.148242286,13.405637623,1.793327314,-0.055310309,0.009224229,-0.997844846,-0.998,-0.021,0.054465463,-0.020155154,0.999,0.010224229
1581251618.00638,b827ebfd7811,e78f135624ce,-86,0.973053138,13.457736548,1.804421076,-0.058157848,0.004,-0.998,-0.998,-0.022578924,0.058157848,-0.022578924,0.999,0.005
1581251618.4593885,b827ebfd7811,e78f135624ce,-83,0.788596495,13.455699712,1.781855977,-0.043995919,0.007716035,-0.998,-0.998,-0.023716035,0.043995919,-0.024144023,0.999,0.008716035
1581251618.9157038,b827ebfd7811,e78f135624ce,-88,0.621137997,13.49,1.825471375,-0.051,-0.00889657,-0.996908048,-0.997,-0.020183905,0.051,-0.021091952,0.998908048,-0.00789657
1581251619.369853,b827ebfd7811,e78f135624ce,-86,0.513496916,13.577175254,1.766762881,-0.065,-0.001870101,-0.996,-0.997,-0.019,0.065,-0.019717525,0.999,-0.000152576
1581251619.8238626,b827ebfd7811,e78f135624ce,-76,0.458331458,13.647028133,1.854002813,-0.076674169,-0.021331458,-0.996,-0.996665729,-0.016334271,0.076674169,-0.018,0.999,-0.019997187
1581251620.2793705,b827ebfd7811,e78f135624ce,-76,0.430137709,13.242835083,2.002300239,-0.022424343,-0.03348759,-0.98851241,-0.98951241,-0.01716253,0.023261814,-0.01283747,0.99883747,-0.032650119
