1581251522.9723413,b827eb4521b4,e78f135624ce,-88,17.755321593,4.614392034,1.78703522,-0.00903522,-0.005,-1.002,0.997321593,0.021678407,-0.00903522,0.021678407,-1.002,0.000321593
1581251523.424727,b827eb4521b4,e78f135624ce,-83,17.786097682,4.547429318,1.794722364,0.009514136,0.001791773,-1.000069409,0.999,0.02,0.009514136,0.02,-1.000069409,-0.002791773
1581251523.8816912,b827eb4521b4,e78f135624ce,-82,17.83299547,4.416414043,1.806997735,0.028798641,0.006199094,-1.0,0.999,0.018,0.028798641,0.018599547,-1.0,-0.006599547
1581251524.3355885,b827eb4521b4,e78f135624ce,-82,17.86459192,4.314996824,1.818454834,0.037454834,0.009,-0.999,0.999,0.016772583,0.037454834,0.016772583,-1.0,-0.008
1581251525.2428482,b827eb4521b4,e78f135624ce,-76,17.902678076,4.202090194,1.825214616,0.043446346,0.007553654,-0.999,0.999,0.015446346,0.043446346,0.016,-1.0,-0.006553654
1581251525.7014415,b827eb4521b4,e78f135624ce,-79,17.908069922,4.178650391,1.830139843,0.043,0.009,-0.999,0.999,0.015,0.043,0.015930078,-1.0,-0.009
1581251526.1623232,b827eb4521b4,e78f135624ce,-84,17.909,4.166224478,1.836775522,0.042224478,0.010775522,-0.999,0.999,0.015,0.042224478,0.015,-1.0,-0.01
1581251527.522276,b827eb4521b4,e78f135624ce,-82,17.908858386,4.163858386,1.842286129,0.035,0.009,-0.999,0.999,0.013713871,0.035,0.014,-1.0,-0.008286129
1581251527.9782796,b827eb4521b4,e78f135624ce,-77,17.874108324,4.168301965,1.840287746,0.048287746,0.009,-0.999,0.999,0.014712254,0.048287746,0.014712254,-1.0,-0.008
1581251528.439328,b827eb4521b4,e78f135624ce,-81,17.824612302,4.17210205,1.825136067,0.069591798,0.004034017,-0.997034017,0.997034017,0.016,0.069591798,0.016,-1.0,-0.002068034
1581251528.894772,b827eb4521b4,e78f135624ce,-86,17.732563152,4.186869737,1.813116229,0.042637279,0.001246492,-0.998623246,0.998623246,0.014376754,0.042260525,0.014376754,-0.999623246,-0.000246492
1581251529.349725,b827eb4521b4,e78f135624ce,-79,17.598207516,4.187830191,1.82727673,0.028893079,0.006,-0.999,0.999,0.013,0.028893079,0.013,-1.0,-0.006
1581251529.8034089,b827eb4521b4,e78f135624ce,-83,17.447705589,4.186344706,1.833913824,0.024913824,0.007,-1.0,0.999086176,0.013913824,0.024913824,0.013913824,-1.0,-0.007
1581251530.2627842,b827eb4521b4,e78f135624ce,-74,17.275085195,4.171,1.834575285,0.026849431,0.006575285,-1.0,0.999575285,0.013424715,0.027274146,0.013849431,-1.0,-0.006575285
1581251530.7156355,b827eb4521b4,e78f135624ce,-81,17.092881077,4.167182378,1.836182378,0.020452865,0.01,-1.0,1.0,0.013635243,0.021270486,0.013635243,-1.0,-0.009182378
1581251531.164974,b827eb4521b4,e78f135624ce,-74,16.897395877,4.15832813,1.83744271,0.018778645,0.012221355,-1.0,1.0,0.013778645,0.01955729,0.013778645,-1.0,-0.012
1581251531.6190224,b827eb4521b4,e78f135624ce,-75,16.695190397,4.151299314,1.837,0.020700686,0.010574829,-1.0,1.0,0.013,0.020700686,0.013,-1.0,-0.010574829
1581251532.986036,b827eb4521b4,e78f135624ce,-77,16.079676084,4.124057149,1.835,0.055590468,0.006,-0.998,0.998,0.018,0.055590468,0.018647617,-1.0,-0.005
1581251533.439412,b827eb4521b4,e78f135624ce,-78,15.889701839,4.137833153,1.835,0.032266955,0.007,-0.999,0.999,0.018033369,0.032266955,0.018033369,-1.0,-0.006
1581251533.8936343,b827eb4521b4,e78f135624ce,-70,15.675431818,4.136156518,1.823228988,-0.002626072,0.017156518,-0.999,0.220852489,0.013614494,0.035385506,0.014614494,-0.220466983,0.00692753
1581251534.353518,b827eb4521b4,e78f135624ce,-72,15.48679716,4.120863773,1.827284057,0.023420284,0.011,-0.999,0.754452089,0.016284057,0.035568114,0.017,-0.755168032,-0.003568114
1581251535.2620497,b827eb4521b4,e78f135624ce,-77,15.112970187,4.095940007,1.803350018,-0.012769967,0.023059993,-0.999,-0.353589256,0.010470004,0.038529996,0.011470004,0.353119253,0.018119985
1581251535.7199976,b827eb4521b4,e78f135624ce,-70,14.929614761,4.090261476,1.788113771,-0.020886229,0.027443114,-0.998,-0.531497032,0.008852295,0.04570459,0.010852295,0.531497032,0.023590819
1581251536.1743057,b827eb4521b4,e78f135624ce,-71,14.746357139,4.076420635,1.770472222,-0.017210317,0.031579365,-0.998,-0.579527778,0.010789683,0.04715873,0.012579365,0.578527778,0.028579365
1581251536.6340384,b827eb4521b4,e78f135624ce,-71,14.534390832,4.098,1.75899588,-0.04850206,0.032,-0.998,-0.85809063,0.007,0.05899588,0.009,0.858592689,0.031
1581251537.0859244,b827eb4521b4,e78f135624ce,-68,14.343288651,4.098633553,1.751158388,-0.051316776,0.032683224,-0.998,-0.954059046,0.004841612,0.054316776,0.006,0.955059046,0.031841612
1581251537.5429504,b827eb4521b4,e78f135624ce,-85,14.138156179,4.117243649,1.742756351,-0.059810912,0.032810912,-0.998,-0.984054561,0.005,0.060810912,0.007,0.985054561,0.031810912
1581251538.00235,b827eb4521b4,e78f135624ce,-79,13.927294998,4.13586,1.73881,-0.061405,0.03219,-0.997,-0.993405,0.00319,0.06181,0.00519,0.99481,0.031595
1581251538.4611123,b827eb4521b4,e78f135624ce,-70,13.708564337,4.148815947,1.752570542,-0.050754596,0.024245404,-0.998,-0.997061351,0.001,0.050815947,0.002,0.998,0.024245404
1581251539.3750498,b827eb4521b4,e78f135624ce,-73,13.34242623,4.091740047,1.761156909,-0.004870023,0.027,-0.999,-0.28959719,0.008789227,0.032632319,0.009394614,0.28959719,0.016421546
1581251539.833506,b827eb4521b4,e78f135624ce,-72,13.197322708,4.081375234,1.796150094,0.003849906,0.020075047,-0.999,0.201924953,0.012,0.014849906,0.012,-0.202,0.002075047
1581251540.2898219,b827eb4521b4,e78f135624ce,-67,12.987943238,4.071261879,1.78643453,0.004,0.022,-0.999,-0.292991828,0.008848205,0.00056547,0.008848205,0.292991828,0.014151795
1581251540.7416813,b827eb4521b4,e78f135624ce,-72,12.751086099,4.039839063,1.741051719,0.009948281,0.035683906,-0.998316094,-0.772178276,0.003683906,-0.008948281,0.003,0.771494369,0.033683906
1581251541.1966722,b827eb4521b4,e78f135624ce,-70,12.574395606,4.038381119,1.753727772,0.005891109,0.016326674,-0.999,-0.021250257,0.009891109,-0.006326674,0.009891109,0.021250257,0.017272228
1581251542.1032429,b827eb4521b4,e78f135624ce,-88,12.222656604,4.078588075,1.772588075,0.015226868,0.001453736,-1.0,0.848982188,0.014773132,0.013453736,0.014773132,-0.84975532,0.003319396
1581251542.5550358,b827eb4521b4,e78f135624ce,-80,12.072614262,4.099348821,1.793440483,0.015779759,0.006532145,-1.0,0.951348821,0.013,0.01493571,0.013,-0.951504772,-0.004532145
1581251543.0085547,b827eb4521b4,e78f135624ce,-74,11.963582372,4.102,1.79191341,0.016543295,0.003,-1.0,0.984283526,0.014,0.016543295,0.014,-0.984283526,-0.002
1581251543.4652936,b827eb4521b4,e78f135624ce,-75,11.895941844,4.102807608,1.794615216,0.014096196,0.001903804,-1.0,0.995096196,0.015096196,0.014096196,0.015,-0.995096196,-0.001903804
1581251543.9181852,b827eb4521b4,e78f135624ce,-78,11.861735759,4.10163212,1.78863212,0.013273576,0.000452848,-1.0,0.998,0.014547152,0.013273576,0.014547152,-0.998,-0.000452848
1581251544.371168,b827eb4521b4,e78f135624ce,-80,11.834306506,4.102,1.795016097,0.013,0.002338699,-1.0,0.999,0.014,0.013,0.014661301,-0.999,-0.002338699
1581251544.8251903,b827eb4521b4,e78f135624ce,-80,11.823979424,4.098979424,1.788979424,0.013010288,0.0,-1.0,1.0,0.015010288,0.013010288,0.015010288,-1.0,0.0
1581251545.276561,b827eb4521b4,e78f135624ce,-79,11.814286974,4.101713026,1.792142017,0.011857983,0.002,-1.0,1.0,0.014428991,0.011857983,0.014428991,-1.0,-0.001571009
1581251545.7329543,b827eb4521b4,e78f135624ce,-84,11.803,4.110396666,1.801872916,0.011825417,0.004349167,-1.0,1.0,0.013174583,0.011825417,0.013174583,-1.0,-0.004349167
1581251546.191017,b827eb4521b4,e78f135624ce,-80,11.828363209,4.199363209,1.825635746,-0.095603954,0.00978791,-0.914062799,0.82078974,0.025484627,0.085300932,0.015575821,-0.738064629,-0.014090672
1581251546.6497953,b827eb4521b4,e78f135624ce,-67,11.861395252,4.232395252,1.873348698,-0.258317354,0.007341092,-0.744620651,0.67703918,0.042612353,0.247402627,0.010682185,-0.427318738,-0.032441807
1581251547.10622,b827eb4521b4,e78f135624ce,-68,11.804506007,4.33517471,1.885057219,-0.26282529,0.005768072,-0.230373448,0.248301162,0.018984932,0.73185848,0.006768072,0.020060272,-0.016448789
1581251547.5623217,b827eb4521b4,e78f135624ce,-67,11.755870096,4.400649375,1.852688317,-0.257077885,0.005,-0.041805145,0.094012933,-0.001207788,0.914883173,0.005207788,0.18127274,0.001103894
1581251548.0184429,b827eb4521b4,e78f135624ce,-75,11.685605667,4.42336732,1.848544227,-0.172222194,0.004176907,-0.003,0.027353814,-0.002911547,0.97210196,0.004176907,0.146868381,0.002455773
1581251548.4698591,b827eb4521b4,e78f135624ce,-76,11.680440008,4.453101817,1.832847275,-0.369607306,0.003,0.024847275,0.027643641,-0.009050908,0.990152725,0.003949092,0.361760031,0.008050908
1581251548.9254673,b827eb4521b4,e78f135624ce,-76,11.664239317,4.465294483,1.82411655,-0.241289055,0.003705517,0.02488345,0.016355867,-0.011588967,0.996705517,0.004705517,0.239289055,0.00888345
1581251549.382364,b827eb4521b4,e78f135624ce,-68,11.642130231,4.467626046,1.831121861,-0.139856722,0.004373954,0.019252093,0.007878139,-0.006252093,0.999,0.004373954,0.138856722,0.004252093
1581251549.8324633,b827eb4521b4,e78f135624ce,-68,11.625053614,4.466010723,1.836021446,-0.072496024,0.005,0.013032169,0.002010723,-0.004989277,0.999989277,0.005,0.072496024,0.002978554
1581251550.285663,b827eb4521b4,e78f135624ce,-72,11.613599274,4.475595642,1.849003632,-0.291621065,0.002198547,-0.001,-0.004801453,-0.000198547,1.0,0.002198547,0.291621065,-0.001202179
1581251550.735555,b827eb4521b4,e78f135624ce,-78,11.630453655,4.513089018,1.844726828,-0.071541449,0.005818293,0.029543897,0.002271948,-0.003818293,0.999,0.005818293,0.071723156,0.000636586
1581251551.1883962,b827eb4521b4,e78f135624ce,-88,11.637634791,4.569294432,1.83758509,-0.010237182,0.005,0.05421988,-0.00060994,-0.00680497,0.998,0.005,0.010237182,0.00460994
1581251551.6427681,b827eb4521b4,e78f135624ce,-70,11.647822103,4.655895646,1.832269926,-0.012036973,0.001453985,0.049822103,0.003730074,-0.009638044,0.998453985,0.002,0.012036973,0.005638044
1581251552.09615,b827eb4521b4,e78f135624ce,-70,11.641618465,4.769338435,1.831809232,-0.027990817,0.004476919,0.046095384,0.003332313,-0.007904616,0.999,0.005381535,0.027990817,0.005095384
1581251552.548564,b827eb4521b4,e78f135624ce,-68,11.592969391,4.895549218,1.783864348,0.010529393,0.00882713,0.06582713,-0.010722087,-0.004293217,0.996293217,0.00882713,-0.011236176,0.01982713
1581251553.0048847,b827eb4521b4,e78f135624ce,-76,11.541628845,4.988340391,1.780030764,0.44397643,0.016,0.071971634,-0.045286057,0.001770675,0.995342789,0.015657211,-0.446633642,0.011770675
1581251553.4624252,b827eb4521b4,e78f135624ce,-66,11.494214021,5.128633107,1.754020383,0.360113342,0.016989809,0.075010191,-0.047898085,-0.002020383,0.995,0.016989809,-0.362113342,0.019010191
1581251554.3685985,b827eb4521b4,e78f135624ce,-71,11.45846752,5.43920561,1.750965354,0.44732687,0.015502165,0.055261909,-0.052017323,-0.008248917,0.996248917,0.016502165,-0.449829035,0.010510827
1581251554.8208272,b827eb4521b4,e78f135624ce,-70,11.451593086,5.602418288,1.763939838,0.432068693,0.016647561,0.047822358,-0.047174798,-0.005057318,0.99688252,0.016647561,-0.434186173,0.01076504
1581251555.2799454,b827eb4521b4,e78f135624ce,-69,11.472510866,5.775945526,1.803445668,0.384228054,0.012510866,0.050489134,-0.043554332,-0.003489134,0.997,0.013,-0.385228054,0.001532599
1581251555.734867,b827eb4521b4,e78f135624ce,-72,11.471617017,5.961143606,1.790595746,0.567026564,0.018505318,0.078797873,-0.063303191,0.003101064,0.995101064,0.018404254,-0.570026564,0.008
1581251556.1917493,b827eb4521b4,e78f135624ce,-68,11.556114194,6.122885428,1.728714421,0.778171763,0.025228577,0.05868573,-0.049600038,0.019542846,0.996771423,0.024228577,-0.779943187,0.027171385
1581251556.6463542,b827eb4521b4,e78f135624ce,-65,11.59821131,6.294594484,1.74678869,0.867886898,0.024,0.041341517,-0.03978869,0.009552828,0.998,0.023552828,-0.868886898,0.014105655
1581251557.5514054,b827eb4521b4,e78f135624ce,-73,11.639235749,6.705651527,1.783294042,0.230047994,0.013882126,0.032705958,-0.007058293,-0.002,0.999,0.013882126,-0.230047994,0.012117874
1581251558.0014105,b827eb4521b4,e78f135624ce,-70,11.64469151,6.904525165,1.791844026,0.171090289,0.01269151,0.04,-0.00607453,-0.005230503,0.999,0.012922013,-0.171090289,0.009847483
1581251558.4616442,b827eb4521b4,e78f135624ce,-69,11.648465613,7.107598892,1.808093123,0.180348142,0.012906877,0.039906877,-0.00762751,-0.009093123,0.999,0.012906877,-0.180348142,0.005906877
1581251558.914569,b827eb4521b4,e78f135624ce,-67,11.64945524,7.317685618,1.814089521,-0.241287232,0.007365719,0.027365719,0.003723801,-0.011634281,0.999,0.007365719,0.241287232,0.011089521
1581251559.3731077,b827eb4521b4,e78f135624ce,-67,11.649,7.536323855,1.819225828,-0.762356307,-0.001225828,0.027225828,0.019677484,-0.019451656,0.999,-0.000451656,0.762582135,0.019451656
1581251560.2825859,b827eb4521b4,e78f135624ce,-70,11.648490298,7.94647611,1.822980597,-0.974922387,-0.006490298,0.037470895,0.036470895,-0.02,0.999,-0.005490298,0.975432088,0.02
1581251560.7356832,b827eb4521b4,e78f135624ce,-74,11.653,8.135270452,1.822701673,-0.991198885,-0.005801115,0.04539777,0.044497212,-0.020198885,0.998900558,-0.004701673,0.992198885,0.021099442
1581251561.1863763,b827eb4521b4,e78f135624ce,-72,11.657,8.310062933,1.81928749,-0.99571251,-0.00571251,0.05371251,0.05371251,-0.02271251,0.998,-0.00471251,0.997,0.02271251
1581251561.1890311,b827eb4521b4,e78f135624ce,-77,11.657,8.310981899,1.819267069,-0.995732931,-0.005732931,0.053732931,0.053732931,-0.022732931,0.998,-0.004732931,0.997,0.022732931
1581251561.6456032,b827eb4521b4,e78f135624ce,-76,11.657,8.451364978,1.81539887,-0.99739887,-0.00439887,0.057,0.057,-0.02460113,0.998,-0.00339887,0.999,0.02460113
1581251562.0966003,b827eb4521b4,e78f135624ce,-85,11.66,8.540394656,1.815043851,-0.998,-0.006,0.056978075,0.056978075,-0.022978075,0.998,-0.004021925,0.999021925,0.022978075
1581251562.0998018,b827eb4521b4,e78f135624ce,-67,11.66,8.540837938,1.815093104,-0.998,-0.006,0.056953448,0.056953448,-0.022953448,0.998,-0.004046552,0.999046552,0.022953448
1581251562.5468817,b827eb4521b4,e78f135624ce,-85,11.65860943,8.592484872,1.816,-0.998,-0.00660943,0.053,0.053,-0.023,0.998,-0.005,1.0,0.023
1581251563.001336,b827eb4521b4,e78f135624ce,-67,11.659,8.6243793,1.817540233,-0.999,-0.005,0.052770117,0.052770117,-0.021229883,0.998,-0.004,1.0,0.022229883
1581251563.9112897,b827eb4521b4,e78f135624ce,-68,11.657519536,8.656039071,1.816,-0.999,-0.003519536,0.05,0.05,-0.023,0.998,-0.002519536,1.0,0.023
1581251564.364462,b827eb4521b4,e78f135624ce,-64,11.682106182,8.658411318,1.770950409,-0.80196382,0.000226955,-0.028731633,-0.033504678,-0.059276546,0.94643173,9.2182e-05,0.847759045,0.057595682
1581251564.8252766,b827eb4521b4,e78f135624ce,-76,11.646430198,8.653208571,1.780612655,-0.674124876,0.000970204,-0.230895545,-0.234925341,-0.050357549,0.787376299,-0.002880817,0.879718781,0.046446937
1581251565.2851334,b827eb4521b4,e78f135624ce,-66,11.711269847,8.653131516,1.800736968,-0.230433049,0.008467121,-0.738836798,0.037356048,-0.017795911,0.316761839,-0.001131516,0.180346847,0.016197274
1581251566.1891406,b827eb4521b4,e78f135624ce,-80,11.754044082,8.591416869,1.812362721,0.013539049,0.007,-0.972132246,0.883891704,0.009362721,0.070911836,0.010681361,-0.862342589,-0.004
1581251566.6432233,b827eb4521b4,e78f135624ce,-80,11.762413521,8.558706761,1.812,0.036,0.007,-0.990706761,0.962887184,0.01035338,0.054233098,0.011,-0.956593945,-0.005
1581251567.0954187,b827eb4521b4,e78f135624ce,-80,11.773023838,8.556035758,1.813071515,0.038988081,0.007023838,-0.996011919,0.988035758,0.011011919,0.044964242,0.012,-0.986047677,-0.007011919
1581251567.5544982,b827eb4521b4,e78f135624ce,-66,11.77528633,8.554784175,1.823356835,0.03928633,0.010356835,-0.998,0.995643165,0.011,0.040643165,0.012,-0.995643165,-0.009356835
1581251568.0091593,b827eb4521b4,e78f135624ce,-64,11.770729538,8.546846975,1.813482206,0.034576513,0.005423487,-0.999,0.998,0.012635231,0.035576513,0.012635231,-0.998211744,-0.005423487
1581251568.4654915,b827eb4521b4,e78f135624ce,-74,11.722668558,8.552702252,1.817578649,0.042876397,0.005719099,-0.999,0.99814045,0.012,0.042876397,0.01214045,-0.999,-0.00485955
1581251568.9161768,b827eb4521b4,e78f135624ce,-64,11.639034444,8.534,1.813079177,0.058,0.001039588,-0.998,0.998,0.012,0.058,0.012,-1.0,-3.9588e-05
1581251569.3696694,b827eb4521b4,e78f135624ce,-70,11.526469084,8.539244914,1.803877543,0.049510171,-0.004,-0.999,0.999,0.009877543,0.049510171,0.009877543,-1.0,0.004
1581251569.8264775,b827eb4521b4,e78f135624ce,-66,11.378999913,8.538909083,1.801772729,0.040454541,-0.005,-0.999,0.999,0.010772729,0.040454541,0.01,-1.0,0.006
1581251569.8294308,b827eb4521b4,e78f135624ce,-71,11.377917038,8.53881064,1.80179734,0.04040532,-0.005,-0.999,0.999,0.01079734,0.04040532,0.01,-1.0,0.006
1581251570.2782266,b827eb4521b4,e78f135624ce,-72,11.203209379,8.555741276,1.805,0.032629362,-0.003,-0.999,0.999,0.01,0.032629362,0.01,-1.0,0.003
1581251570.7364118,b827eb4521b4,e78f135624ce,-69,11.017890955,8.571066543,1.806044362,0.017933457,-0.001,-1.0,1.0,0.008,0.017933457,0.008,-1.0,0.001
1581251570.7393544,b827eb4521b4,e78f135624ce,-63,11.016664886,8.571140107,1.806093405,0.017859893,-0.001,-1.0,1.0,0.008,0.017859893,0.008,-1.0,0.001
1581251571.1962366,b827eb4521b4,e78f135624ce,-61,10.83129395,8.57715426,1.814268609,0.008711435,-0.00157713,-1.0,1.0,0.01142287,0.008711435,0.01142287,-1.0,0.002288565
1581251572.5493262,b827eb4521b4,e78f135624ce,-63,10.182933124,8.628360597,1.818907064,-0.025092936,0.009907064,-0.999,0.445178337,0.006546468,-0.00391821,0.006546468,-0.445178337,0.001360597
1581251572.9998097,b827eb4521b4,e78f135624ce,-68,9.911962717,8.613197017,1.82913383,-0.003598509,0.01413383,-0.999,-0.136397957,0.00586617,-0.02013383,0.005732339,0.136397957,0.008267661
1581251573.4543438,b827eb4521b4,e78f135624ce,-65,9.632286557,8.616357213,1.829095191,-0.016547596,0.014773798,-0.999,-0.434342979,0.001,-0.012488224,0.000773798,0.434342979,0.012547596
1581251573.9103923,b827eb4521b4,e78f135624ce,-62,9.382243168,8.602128581,1.83556429,-0.026,0.016,-0.999,-0.820964026,-0.00243571,0.016871419,-0.00243571,0.820964026,0.01543571
1581251574.3624072,b827eb4521b4,e78f135624ce,-61,9.149104255,8.583628977,1.833123674,-0.012690814,0.014876326,-1.0,-0.942989395,-0.006,0.009690814,-0.005061837,0.942989395,0.014876326
1581251574.8199592,b827eb4521b4,e78f135624ce,-60,8.920738567,8.56230719,1.839385621,0.00369281,0.01130719,-1.0,-0.981849673,-0.004,-0.00469281,-0.004,0.981849673,0.01130719
1581251575.2724397,b827eb4521b4,e78f135624ce,-60,8.696047025,8.551087775,1.838,0.003,0.014260815,-1.0,-0.994260815,-0.004739185,-0.003,-0.004739185,0.99352163,0.014260815
1581251576.6296952,b827eb4521b4,e78f135624ce,-70,7.989398062,8.521926613,1.82974129,-0.038185323,0.016444032,-0.999,-0.999,-0.009,0.038185323,-0.008814677,1.0,0.016629355
1581251577.0858755,b827eb4521b4,e78f135624ce,-62,7.759399707,8.516862532,1.837350018,-0.035675009,0.011324991,-0.999,-0.999,-0.007162495,0.035675009,-0.007162495,1.0,0.012324991
1581251577.5391235,b827eb4521b4,e78f135624ce,-60,7.534188396,8.509350055,1.839649945,-0.028937569,0.011175028,-0.999412486,-0.999412486,-0.006412486,0.028937569,-0.005824972,1.0,0.011175028
1581251577.9999173,b827eb4521b4,e78f135624ce,-77,7.305762231,8.511897214,1.841948607,-0.014691641,0.009948607,-1.0,-1.0,-0.011102786,0.014691641,-0.011051393,1.0,0.009948607
1581251578.4516037,b827eb4521b4,e78f135624ce,-69,7.085749,8.492863047,1.835538844,0.003054781,0.011703187,-1.0,-1.0,-0.010675797,-0.003054781,-0.010675797,1.0,0.011703187
1581251578.9051692,b827eb4521b4,e78f135624ce,-68,6.855290384,8.466451124,1.817858077,0.007637219,0.015637219,-1.0,-1.0,-0.013274438,-0.007637219,-0.013593047,1.0,0.015637219
1581251579.3597608,b827eb4521b4,e78f135624ce,-70,6.640462715,8.473368373,1.788299192,0.002232705,0.020933513,-1.0,-1.0,-0.02,-0.003199461,-0.02,0.999,0.020900269
1581251579.8115723,b827eb4521b4,e78f135624ce,-63,6.540522215,8.550695557,1.817782228,-0.001304443,0.016565186,-1.0,0.060990521,0.000391114,0.001695557,0.000391114,-0.060990521,0.000608886
1581251580.262548,b827eb4521b4,e78f135624ce,-63,6.437071001,8.556699473,1.83827686,0.002746807,0.015843351,-1.0,0.681397071,0.010686702,0.004373404,0.010686702,-0.681397071,-0.009373404
1581251580.7158124,b827eb4521b4,e78f135624ce,-67,6.26480243,8.615504334,1.845065857,0.005636047,0.017355286,-0.999214905,0.857684569,0.01557019,0.007636047,0.01557019,-0.857684569,-0.014140381
1581251581.1737938,b827eb4521b4,e78f135624ce,-59,6.133139372,8.640775626,1.858309375,0.010614375,0.019,-0.999461875,0.955004376,0.01692375,0.011614375,0.01692375,-0.955004376,-0.017461875
1581251581.6312845,b827eb4521b4,e78f135624ce,-60,6.047437268,8.654944164,1.869460478,0.019865119,0.019730239,-0.999,0.985539522,0.018865119,0.020865119,0.018865119,-0.985539522,-0.018865119
1581251582.0851257,b827eb4521b4,e78f135624ce,-60,6.009623896,8.655238536,1.871669752,0.026,0.019715608,-0.999,0.994761464,0.017238536,0.026,0.017477072,-0.995522928,-0.018715608
1581251582.991037,b827eb4521b4,e78f135624ce,-64,5.961062612,8.645062612,1.852125225,0.027,0.015041742,-0.999,0.999,0.015,0.027,0.015020871,-0.999,-0.015020871
1581251583.4411497,b827eb4521b4,e78f135624ce,-62,6.02295382,8.671763056,1.833838371,-0.281162719,0.021404618,-0.872849371,0.220766922,-0.010543157,0.305804281,0.006098404,-0.096425529,0.015496978
1581251583.8926742,b827eb4521b4,e78f135624ce,-59,6.005327629,8.696444988,1.902667482,-0.719799508,0.016555012,-0.49985575,-0.151882641,0.035332518,0.727132027,0.024332518,0.650249386,-0.026777506
1581251584.3487575,b827eb4521b4,e78f135624ce,-60,5.909873561,8.675999499,1.876999499,-0.91112694,0.00549975,-0.164871057,-0.054123435,0.001874562,0.91312694,0.008624687,0.889127441,0.001125438
1581251584.808711,b827eb4521b4,e78f135624ce,-56,5.846004961,8.656001418,1.855001418,-0.971496811,0.001500354,-0.044507442,-0.009003544,-0.012999291,0.971997165,0.002500354,0.964496102,0.013999291
1581251585.260049,b827eb4521b4,e78f135624ce,-56,5.809599153,8.644885472,1.841885472,-0.990171792,-0.001,0.000343583,0.012171792,-0.017,0.990171792,-0.000942736,0.988171792,0.017942736
1581251585.713705,b827eb4521b4,e78f135624ce,-57,5.788430178,8.637572071,1.836286036,-0.996713964,-0.001,0.015427929,0.018713964,-0.017286036,0.996713964,-0.000713964,0.996427929,0.018
1581251586.164892,b827eb4521b4,e78f135624ce,-57,5.774904101,8.6336347,1.8293653,-0.999,-0.002,0.019,0.02,-0.0196347,0.999,-0.001,0.9983653,0.020269401
1581251586.6164572,b827eb4521b4,e78f135624ce,-57,5.763,8.629961325,1.825961325,-1.0,-0.002,0.016019337,0.016019337,-0.020019337,0.999,-0.001019337,0.999019337,0.020019337
1581251587.0738025,b827eb4521b4,e78f135624ce,-58,5.76,8.641731564,1.825,-0.999,-0.002,0.030731564,0.031094724,-0.01936316,0.999,-0.001,1.0,0.01936316
1581251587.5243828,b827eb4521b4,e78f135624ce,-56,5.761187571,8.688751412,1.823812429,-0.999,-0.004812429,0.038437288,0.038437288,-0.02,0.999,-0.004,1.0,0.02
1581251587.9836202,b827eb4521b4,e78f135624ce,-66,5.768690309,8.756438556,1.838380618,0.086282674,0.005845155,0.029154845,0.003083918,-0.021,0.999,0.006690309,-0.086282674,-0.002380618
1581251588.4401054,b827eb4521b4,e78f135624ce,-61,5.779020852,8.862864918,1.846510426,0.702469638,0.012,0.025468721,-0.014510426,-0.015468721,0.999510426,0.012,-0.703469638,-0.009
1581251588.8947325,b827eb4521b4,e78f135624ce,-64,5.785,8.998456149,1.848161404,0.906357901,0.015,0.006354385,-0.002515789,-0.012,1.0,0.015,-0.906196497,-0.010161404
1581251589.3513746,b827eb4521b4,e78f135624ce,-67,5.782372923,9.154795699,1.848813539,0.970135386,0.016,-0.001,0.002186461,-0.011,1.0,0.016,-0.970135386,-0.01
1581251589.8094177,b827eb4521b4,e78f135624ce,-63,5.775536103,9.328803179,1.847536103,0.990391692,0.017,-0.001463897,0.002463897,-0.008536103,1.0,0.017,-0.990391692,-0.008536103
1581251590.2656293,b827eb4521b4,e78f135624ce,-61,5.76770302,9.509949674,1.845901007,0.997,0.018,-0.008395974,0.008395974,-0.008901007,1.0,0.018,-0.997098993,-0.008901007
1581251590.7253685,b827eb4521b4,e78f135624ce,-63,5.755873279,9.697429056,1.84521832,0.99878168,0.01778168,-0.020563361,0.021345041,-0.009,1.0,0.01678168,-0.999,-0.009
1581251591.175029,b827eb4521b4,e78f135624ce,-68,5.743422184,9.903667241,1.839,0.624509885,0.015605546,-0.023394454,0.015422184,-0.012788908,1.0,0.015605546,-0.624509885,-0.003
1581251592.0782654,b827eb4521b4,e78f135624ce,-66,5.727137115,10.348741554,1.805750185,-0.162901605,0.008758076,-0.017241924,-0.001967694,-0.02983058,0.999,0.007758076,0.162280643,0.015314427
1581251592.530108,b827eb4521b4,e78f135624ce,-67,5.723439299,10.551739659,1.802560701,-0.068346673,0.010780351,-0.014341052,0.0,-0.018560701,0.999,0.01,0.068127024,0.01
1581251592.9836051,b827eb4521b4,e78f135624ce,-64,5.604467109,10.767857305,1.704537344,-0.153595312,0.007845039,0.025280938,-0.037590859,0.007971016,0.993464883,0.003309922,0.151595312,0.039210703
1581251593.4431944,b827eb4521b4,e78f135624ce,-66,5.47768807,10.951914492,1.512316253,-0.102867416,0.008931625,0.031726501,-0.065739312,0.005179503,0.988,0.001465813,0.100333228,0.085397438
1581251593.8960953,b827eb4521b4,e78f135624ce,-71,5.546609623,11.151797548,1.632171887,-0.022343018,0.008,-0.003656226,-0.031624906,-0.014624906,0.993171887,0.004171887,0.021343018,0.031
1581251594.3528278,b827eb4521b4,e78f135624ce,-84,5.585867423,11.374492788,1.551621029,-0.043585008,0.014,-0.007476945,-0.02014842,0.002743517,0.985,0.005,0.04575936,0.057404903
1581251594.8091335,b827eb4521b4,e78f135624ce,-68,5.657188659,11.597516903,1.696628862,0.397245365,0.018762268,-0.02,-0.000349691,0.000349691,0.984237732,0.009412577,-0.392657943,0.01957361
1581251595.270845,b827eb4521b4,e78f135624ce,-67,5.618226552,11.790418436,1.742677506,0.25500215,0.013806504,-0.018902983,-0.021031981,0.006128998,0.993,0.009871002,-0.252937651,0.010257995
1581251595.7238452,b827eb4521b4,e78f135624ce,-72,5.498261235,11.979608147,1.704845583,0.387957161,0.014,-0.012570069,-0.045864623,0.016144897,0.994,0.011,-0.385957161,0.02500476
1581251596.1835752,b827eb4521b4,e78f135624ce,-76,5.485973771,12.198493989,1.752424044,0.356049181,0.011427322,-0.015136612,-0.038444809,0.006334426,0.994718033,0.010427322,-0.352767213,0.004343169
1581251597.0906875,b827eb4521b4,e78f135624ce,-73,5.634896023,12.618769323,1.76249716,0.176871579,0.007901704,-0.018202272,-0.005098296,0.001901704,0.997,0.006901704,-0.176571011,0.014300568
1581251597.5415297,b827eb4521b4,e78f135624ce,-69,5.64004067,12.804879635,1.740252542,0.07579665,0.004747458,0.000747458,-0.016737291,0.013494916,0.997252542,0.002747458,-0.07579665,0.026747458
1581251597.994079,b827eb4521b4,e78f135624ce,-72,5.649822386,12.971736881,1.752032905,0.20730263,0.00669737,0.017756575,-0.019361835,0.003059205,0.998,0.00569737,-0.207453945,0.01690789
1581251598.4513137,b827eb4521b4,e78f135624ce,-72,5.632993022,13.143308556,1.843874696,0.191559163,0.007519721,0.03328307,-0.02976335,-0.034118325,0.993039442,0.012,-0.193519721,-0.018118325
1581251598.904227,b827eb4521b4,e78f135624ce,-71,5.672362735,13.265095408,1.819322233,0.113780376,0.006,0.01889739,-0.019054906,-0.015582359,0.997157516,0.006842484,-0.114780376,0.003260125
1581251599.361126,b827eb4521b4,e78f135624ce,-71,5.599599782,13.350475193,1.847950385,0.276694593,0.007,0.060105842,-0.061482909,-0.031663726,0.988262404,0.012680264,-0.285620723,-0.014909592
1581251599.81647,b827eb4521b4,e78f135624ce,-71,5.667104644,13.394514659,1.860439332,0.124066765,0.007,0.017606677,-0.020606677,-0.031121335,0.993878665,0.010560668,-0.127627433,-0.012682003
1581251600.2725308,b827eb4521b4,e78f135624ce,-81,5.719682973,13.421512209,1.789365864,0.360658229,0.009,-0.000658554,-0.003414618,0.002560964,0.998,0.009926827,-0.361658229,0.016780482
1581251600.730071,b827eb4521b4,e78f135624ce,-70,5.753963724,13.439222793,1.800704655,-0.418222463,-0.000222793,-0.009740931,-0.003481862,-0.011481862,0.999,0.000518138,0.417963394,0.019
1581251601.1852236,b827eb4521b4,e78f135624ce,-77,5.768583802,13.454791901,1.803416198,-0.795086616,-0.007604049,-0.135011253,-0.133011253,-0.034563555,0.978309335,-0.015375703,0.814777281,0.034375703
1581251601.6413186,b827eb4521b4,e78f135624ce,-68,5.787698639,13.445476021,1.79476712,-0.654527326,-0.00588356,-0.575996653,-0.573938433,-0.05634932,0.710654027,-0.042465759,0.940873299,0.03582534
1581251602.0934434,b827eb4521b4,e78f135624ce,-69,5.820343554,13.285297563,1.815954009,-0.247855741,-0.003664112,-0.849541469,-0.694748428,-0.035351219,0.286878736,-0.029679442,0.814848076,0.016022995
1581251603.448844,b827eb4521b4,e78f135624ce,-80,5.846998555,13.338507949,1.838510839,-0.011500723,0.00599711,-0.993001445,-0.331470374,-0.010499277,0.051995664,-0.01,0.334969651,0.005995664
1581251603.905097,b827eb4521b4,e78f135624ce,-79,5.850985247,13.361865297,1.852044258,-0.009014753,0.002477871,-0.997,-0.165642079,-0.008,0.040492624,-0.008,0.166477871,0.00282104
1581251604.3652942,b827eb4521b4,e78f135624ce,-77,5.85453798,13.390538606,1.854846828,-0.018615818,0.003615192,-0.998,-0.287704295,-0.010538606,0.043153798,-0.010538606,0.288704295,0.000307596
1581251604.821295,b827eb4521b4,e78f135624ce,-69,5.859457818,13.451509,1.917813273,-0.040025591,-0.008974409,-0.997567773,-0.523509,-0.009567773,0.054161136,-0.010135545,0.524941228,-0.011974409
1581251606.6366396,b827eb4521b4,e78f135624ce,-69,5.728174391,13.417,1.869814238,0.014938079,0.00097936,-0.998,0.441658386,0.00395872,0.04902064,0.00395872,-0.442637745,-0.00095872
1581251607.0947146,b827eb4521b4,e78f135624ce,-70,5.58496901,13.395129201,1.864354867,0.014129201,0.005354867,-0.998,0.232036231,0.002354867,0.054709734,0.002354867,-0.232391098,-0.005
1581251607.5505645,b827eb4521b4,e78f135624ce,-77,5.422080293,13.373268696,1.867756232,0.013537392,0.008756232,-0.998,0.146623194,0.001,0.053512464,0.001756232,-0.147379426,-0.007756232
1581251608.0082414,b827eb4521b4,e78f135624ce,-71,5.227322752,13.360715783,1.863238594,-0.018568433,0.006119297,-0.999,-0.384112504,-0.005642108,0.051,-0.004642108,0.384993207,-0.002238594
1581251608.4588075,b827eb4521b4,e78f135624ce,-69,5.026975249,13.345998232,1.854999116,-0.047001768,0.006,-0.998,-0.800526961,-0.013000884,0.057,-0.012500442,0.802027403,0.003500442
1581251608.9199383,b827eb4521b4,e78f135624ce,-70,4.823121762,13.333992756,1.851,-0.044194205,0.004798551,-0.999,-0.93742463,-0.015798551,0.047992756,-0.015798551,0.93842463,0.004
1581251609.3705873,b827eb4521b4,e78f135624ce,-84,4.62923016,13.323579066,1.85,-0.025158131,0.004,-0.999806978,-0.979648847,-0.015,0.026351153,-0.015,0.979841869,0.004
1581251609.8297858,b827eb4521b4,e78f135624ce,-66,4.42831692,13.316599105,1.847533035,-0.00213214,0.005466965,-1.0,-0.993466965,-0.01406607,0.002665175,-0.014,0.99393393,0.005466965
1581251610.2826345,b827eb4521b4,e78f135624ce,-73,4.22907604,13.312925963,1.847,0.003925963,0.004925963,-1.0,-0.998,-0.012074037,-0.003925963,-0.012074037,0.998,0.004925963
1581251611.195153,b827eb4521b4,e78f135624ce,-74,3.828834208,13.325954077,1.814836738,-0.021790815,0.019209185,-0.999,-0.956295969,-0.021,0.021581631,-0.02,0.956295969,0.021186223
1581251611.6512291,b827eb4521b4,e78f135624ce,-78,3.640123391,13.350402725,1.810115064,-0.015827403,0.015942468,-0.999057532,-0.592457983,-0.016769871,0.021769871,-0.015769871,0.592457983,0.013827403
1581251612.1063616,b827eb4521b4,e78f135624ce,-72,3.446824762,13.362,1.80831157,-0.007246279,0.015,-1.0,-0.409498307,-0.013,0.008934709,-0.013,0.409498307,0.012
1581251612.5582025,b827eb4521b4,e78f135624ce,-69,3.235912453,13.355990273,1.807990273,0.003296831,0.015148416,-1.0,-0.427946356,-0.01443552,-0.009009727,-0.01443552,0.427946356,0.011148416
1581251613.0088923,b827eb4521b4,e78f135624ce,-73,3.026943102,13.34588571,1.804542838,0.010342871,0.019,-0.99988571,-0.469201122,-0.013685743,-0.012571452,-0.013685743,0.469201122,0.011457162
1581251613.4597037,b827eb4521b4,e78f135624ce,-78,2.799052507,13.317492664,1.783566024,0.006955984,0.024955984,-0.999507336,-0.812425485,-0.019985328,-0.007955984,-0.020985328,0.812425485,0.02146332
1581251613.9098866,b827eb4521b4,e78f135624ce,-71,2.579662499,13.309358431,1.794751744,-0.005489535,0.018,-0.999875872,-0.940110175,-0.014372384,0.005365407,-0.014372384,0.940110175,0.018
1581251614.3671336,b827eb4521b4,e78f135624ce,-71,2.390977362,13.328334591,1.797774424,-0.012,0.014334591,-1.0,-0.980669182,-0.017778197,0.011221803,-0.017778197,0.980669182,0.015112788
1581251615.2727237,b827eb4521b4,e78f135624ce,-79,2.046701711,13.343763721,1.789684961,-0.02384248,0.01215752,-0.999,-0.997,-0.01992124,0.02384248,-0.01992124,0.99792124,0.012236279
1581251615.7298908,b827eb4521b4,e78f135624ce,-72,1.903157758,13.385845874,1.788538834,-0.046230583,0.010230583,-0.998384709,-0.998,-0.021,0.046230583,-0.021,0.999,0.011230583
1581251616.1815922,b827eb4521b4,e78f135624ce,-78,1.746836421,13.412351509,1.775892112,-0.056540604,0.012189095,-0.998,-0.998,-0.022459396,0.056270302,-0.021729698,0.999,0.013189095
1581251616.6424882,b827eb4521b4,e78f135624ce,-71,1.544619386,13.38201147,1.77404588,-0.05097706,0.01496559,-0.998,-0.998,-0.021,0.04997706,-0.02001147,0.999,0.01596559
1581251617.0926528,b827eb4521b4,e78f135624ce,-78,1.350013122,13.39418068,1.77871616,-0.05885808,0.01414192,-0.99746452,-0.998,-0.02353548,0.05839356,-0.023,0.999,0.01514192
1581251617.547131,b827eb4521b4,e78f135624ce,-83,1.14991772,13.405067975,1.792824684,-0.055243291,0.009391772,-0.997878354,-0.998,-0.021,0.054364937,-0.020121646,0.999,0.010391772
1581251618.0025215,b827eb4521b4,e78f135624ce,-74,0.974329432,13.456994516,1.804480439,-0.058039123,0.004,-0.998,-0.998,-0.022519561,0.058039123,-0.022519561,0.999,0.005
1581251618.4553494,b827eb4521b4,e78f135624ce,-75,0.789932487,13.454922973,1.781793838,-0.043778432,0.007809243,-0.998,-0.998,-0.023809243,0.043778432,-0.024206162,0.999,0.008809243
1581251618.9118369,b827eb4521b4,e78f135624ce,-73,0.622387305,13.49,1.827583302,-0.051,-0.009253516,-0.996937793,-0.997,-0.020124414,0.051,-0.021062207,0.998937793,-0.008253516
1581251619.366019,b827eb4521b4,e78f135624ce,-72,0.514231769,13.576855753,1.766283629,-0.065,-0.001742301,-0.996,-0.997,-0.019,0.065,-0.019685575,0.999,-5.6726e-05
1581251619.820024,b827eb4521b4,e78f135624ce,-72,0.458395433,13.646068498,1.85390685,-0.076418266,-0.021395433,-0.996,-0.996697717,-0.016302283,0.076418266,-0.018,0.999,-0.02009315
1581251620.2753427,b827eb4521b4,e78f135624ce,-71,0.430325675,13.240660049,2.002515057,-0.021833593,-0.033568146,-0.988431854,-0.989431854,-0.017189382,0.022644211,-0.012810618,0.998810618,-0.032757528
