1581251522.977791,000000000302,e78f135624ce,-85,17.755367008,4.61416496,1.786898976,-0.008898976,-0.005,-1.002,0.997367008,0.021632992,-0.008898976,0.021632992,-1.002,0.000367008
1581251523.4297738,000000000302,e78f135624ce,-86,17.786602366,4.546070553,1.794877651,0.009785889,0.001908238,-1.000030587,0.999,0.02,0.009785889,0.02,-1.000030587,-0.002908238
1581251523.8868308,000000000302,e78f135624ce,-82,17.833390823,4.41518845,1.807195411,0.028917247,0.006278165,-1.0,0.999,0.018,0.028917247,0.018639082,-1.0,-0.006639082
1581251524.3407595,000000000302,e78f135624ce,-88,17.864850472,4.314184229,1.818528706,0.037528706,0.009,-0.999,0.999,0.016735647,0.037528706,0.016735647,-1.0,-0.008
1581251525.2488003,000000000302,e78f135624ce,-77,17.903002737,4.201494981,1.824998175,0.043500456,0.007499544,-0.999,0.999,0.015500456,0.043500456,0.016,-1.0,-0.006499544
1581251526.1677756,000000000302,e78f135624ce,-89,17.909,4.166185532,1.836814468,0.042185532,0.010814468,-0.999,0.999,0.015,0.042185532,0.015,-1.0,-0.01
1581251527.5303054,000000000302,e78f135624ce,-83,17.9086394,4.1636394,1.842213133,0.035,0.009,-0.999,0.999,0.013786867,0.035,0.014,-1.0,-0.008213133
1581251527.983781,000000000302,e78f135624ce,-76,17.873328942,4.168668733,1.840333592,0.048333592,0.009,-0.999,0.999,0.014666408,0.048333592,0.014666408,-1.0,-0.008
1581251528.4447575,000000000302,e78f135624ce,-80,17.823899268,4.172218253,1.824773353,0.069907662,0.003899268,-0.997,0.997008394,0.016,0.069907662,0.016,-0.999991606,-0.001907662
1581251528.8997312,000000000302,e78f135624ce,-85,17.731189862,4.186984178,1.813306964,0.042370251,0.001322785,-0.998661393,0.998661393,0.014338607,0.042031644,0.014338607,-0.999661393,-0.000322785
1581251529.3557446,000000000302,e78f135624ce,-78,17.59640164,4.187969105,1.827323035,0.02870786,0.006,-0.999,0.999,0.013,0.02870786,0.013,-1.0,-0.006
1581251529.8087523,000000000302,e78f135624ce,-72,17.445790855,4.186166591,1.833958352,0.024958352,0.007,-1.0,0.999041648,0.013958352,0.024958352,0.013958352,-1.0,-0.007
1581251530.2688227,000000000302,e78f135624ce,-76,17.272468541,4.171,1.834625605,0.02674879,0.006625605,-1.0,0.999625605,0.013374395,0.027123185,0.01374879,-1.0,-0.006625605
1581251530.721729,000000000302,e78f135624ce,-74,17.090342115,4.167233158,1.836233158,0.020300527,0.01,-1.0,1.0,0.013533685,0.021067369,0.013533685,-1.0,-0.009233158
1581251531.1707327,000000000302,e78f135624ce,-72,16.894915182,4.158062341,1.837354114,0.018822943,0.012177057,-1.0,1.0,0.013822943,0.019645886,0.013822943,-1.0,-0.012
1581251532.9927194,000000000302,e78f135624ce,-73,16.076779963,4.124224233,1.835,0.055367689,0.006,-0.998,0.998,0.018,0.055367689,0.018591922,-1.0,-0.005
1581251533.4447205,000000000302,e78f135624ce,-74,15.887587595,4.138048518,1.835008086,0.031935309,0.007016173,-0.999,0.999,0.018,0.031935309,0.018,-1.0,-0.006016173
1581251533.8987026,000000000302,e78f135624ce,-79,15.673365512,4.136039557,1.823306962,-0.002158229,0.017039557,-0.999,0.230677189,0.013653481,0.035346519,0.014653481,-0.23033067,0.006732595
1581251534.3587167,000000000302,e78f135624ce,-72,15.484940477,4.120715238,1.82732119,0.023605952,0.011,-0.999,0.757125713,0.01632119,0.035642381,0.017,-0.757804522,-0.003642381
1581251535.2677321,000000000302,e78f135624ce,-70,15.110335585,4.09583669,1.803091724,-0.013234897,0.02316331,-0.999,-0.364076004,0.010418345,0.038581655,0.011418345,0.363657659,0.018326621
1581251535.7257075,000000000302,e78f135624ce,-74,14.927019355,4.090001936,1.787802323,-0.021197677,0.027598839,-0.998,-0.538348902,0.008800387,0.045600774,0.010800387,0.538348902,0.023798452
1581251536.1797087,000000000302,e78f135624ce,-70,14.74427311,4.076343449,1.77020207,-0.017171724,0.031656551,-0.998,-0.57979793,0.010828276,0.047313103,0.012656551,0.57879793,0.028656551
1581251536.6396744,000000000302,e78f135624ce,-69,14.532257214,4.098,1.758915367,-0.048542317,0.032,-0.998,-0.859861935,0.007,0.058915367,0.009,0.860404252,0.031
1581251537.0916655,000000000302,e78f135624ce,-74,14.341033213,4.098797584,1.751199396,-0.051398792,0.032601208,-0.998,-0.95459215,0.004800604,0.054398792,0.006,0.95559215,0.031800604
1581251537.5486982,000000000302,e78f135624ce,-70,14.135073268,4.11745266,1.74254734,-0.059863165,0.032863165,-0.998,-0.984315825,0.005,0.060863165,0.007,0.985315825,0.031863165
1581251538.0076923,000000000302,e78f135624ce,-68,13.924579354,4.136394225,1.738899038,-0.061449519,0.032100962,-0.997,-0.993449519,0.003100962,0.061899038,0.005100962,0.994899038,0.031550481
1581251538.4667683,000000000302,e78f135624ce,-69,13.705924866,4.148674546,1.752240608,-0.050566062,0.024433938,-0.998,-0.997108485,0.001,0.050674546,0.002,0.998,0.024433938
1581251539.3806694,000000000302,e78f135624ce,-79,13.340610692,4.090616143,1.761502725,-0.004308071,0.027,-0.999,-0.283199582,0.008875681,0.032372956,0.009437841,0.283199582,0.016248637
1581251539.8386734,000000000302,e78f135624ce,-78,13.195375056,4.081573974,1.79622959,0.00377041,0.020114795,-0.999,0.201885205,0.012,0.01477041,0.012,-0.202,0.002114795
1581251540.2946491,000000000302,e78f135624ce,-69,12.985248015,4.070940062,1.786514985,0.004,0.022,-0.999,-0.302525678,0.008727523,0.000485015,0.008727523,0.302525678,0.014272477
1581251540.7466578,000000000302,e78f135624ce,-73,12.748473428,4.039424354,1.740927306,0.010072694,0.035642435,-0.998357565,-0.77495683,0.003642435,-0.009072694,0.003,0.774314395,0.033642435
1581251541.201642,000000000302,e78f135624ce,-77,12.572713509,4.038113513,1.753918919,0.005967568,0.016097297,-0.999,-0.012648626,0.009967568,-0.006097297,0.009967568,0.012648626,0.017081081
1581251542.1086617,000000000302,e78f135624ce,-74,12.220572461,4.078879855,1.772879855,0.015268551,0.001537102,-1.0,0.850816234,0.014731449,0.013537102,0.014731449,-0.851547684,0.003194348
1581251542.560632,000000000302,e78f135624ce,-75,12.070935412,4.100141611,1.79390683,0.015546585,0.006672049,-1.0,0.952141611,0.013,0.014655902,0.013,-0.952250928,-0.004672049
1581251543.0126503,000000000302,e78f135624ce,-75,11.96272913,4.102,1.79198167,0.016509165,0.003,-1.0,0.984454174,0.014,0.016509165,0.014,-0.984454174,-0.002
1581251543.4706478,000000000302,e78f135624ce,-86,11.895451045,4.102718372,1.794436744,0.014140814,0.001859186,-1.0,0.995140814,0.015140814,0.014140814,0.015,-0.995140814,-0.001859186
1581251544.3766315,000000000302,e78f135624ce,-74,11.834111377,4.102,1.795133174,0.013,0.002377725,-1.0,0.999,0.014,0.013,0.014622275,-0.999,-0.002377725
1581251544.8306127,000000000302,e78f135624ce,-75,11.823901962,4.098901962,1.788901962,0.013049019,0.0,-1.0,1.0,0.015049019,0.013049019,0.015049019,-1.0,0.0
1581251545.2816164,000000000302,e78f135624ce,-75,11.814149098,4.101850902,1.792233934,0.011766066,0.002,-1.0,1.0,0.014383033,0.011766066,0.014383033,-1.0,-0.001616967
1581251545.7386537,000000000302,e78f135624ce,-78,11.803,4.110811168,1.80213198,0.011773604,0.004452792,-1.0,1.0,0.013226396,0.011773604,0.013226396,-1.0,-0.004452792
1581251546.1966162,000000000302,e78f135624ce,-84,11.828766356,4.199766356,1.826218069,-0.097589825,0.009758048,-0.911994806,0.819035305,0.025693666,0.087279337,0.015516095,-0.734272063,-0.014314642
1581251546.656008,000000000302,e78f135624ce,-75,11.861842567,4.232842567,1.87399482,-0.260520795,0.007307958,-0.742326089,0.675092531,0.042844294,0.249597785,0.010615916,-0.423110662,-0.032690315
1581251547.1115966,000000000302,e78f135624ce,-77,11.803430693,4.335865983,1.884404349,-0.262134017,0.005729668,-0.227454737,0.245536067,0.018485679,0.734815595,0.006729668,0.022057285,-0.016026344
1581251547.5676086,000000000302,e78f135624ce,-78,11.755004961,4.401274195,1.852832506,-0.256116624,0.005,-0.040507442,0.092619104,-0.001111662,0.916325065,0.005111662,0.181609182,0.001055831
1581251548.4755962,000000000302,e78f135624ce,-81,11.67991411,4.453197435,1.832703848,-0.367360287,0.003,0.024703848,0.027308979,-0.009098717,0.990296152,0.003901283,0.359656438,0.008098717
1581251548.9305875,000000000302,e78f135624ce,-83,11.663806063,4.465255097,1.82423471,-0.235499208,0.003744903,0.02476529,0.016040773,-0.011510193,0.996744903,0.004744903,0.233499208,0.00876529
1581251549.3876166,000000000302,e78f135624ce,-76,11.641928209,4.467585642,1.831243075,-0.135735455,0.004414358,0.019171283,0.007756925,-0.006171283,0.999,0.004414358,0.134735455,0.004171283
1581251549.8375947,000000000302,e78f135624ce,-75,11.62494085,4.466,1.835970425,-0.070811459,0.005029575,0.01294085,0.00194085,-0.005,1.0,0.005029575,0.070811459,0.003
1581251550.2915704,000000000302,e78f135624ce,-85,11.613648503,4.475891019,1.848757484,-0.290193409,0.002297006,-0.001,-0.004702994,-0.000297006,1.0,0.002297006,0.290193409,-0.001054491
1581251550.741559,000000000302,e78f135624ce,-80,11.630853929,4.513939599,1.844926964,-0.073342679,0.005768259,0.030244375,0.002622188,-0.003768259,0.999,0.005768259,0.07357442,0.000536518
1581251551.648596,000000000302,e78f135624ce,-79,11.647508293,4.656971566,1.832494076,-0.009078194,0.001498815,0.049508293,0.003505924,-0.009503554,0.998498815,0.002,0.009078194,0.005503554
1581251552.1015396,000000000302,e78f135624ce,-77,11.641452628,4.770789504,1.831726314,-0.025378893,0.004684215,0.046136843,0.003042099,-0.007863157,0.999,0.005547372,0.025378893,0.005136843
1581251552.5525603,000000000302,e78f135624ce,-74,11.591837084,4.896281887,1.783198285,0.017056807,0.008960343,0.065960343,-0.011321544,-0.004259914,0.996259914,0.008960343,-0.017796893,0.019960343
1581251552.5555227,000000000302,e78f135624ce,-89,11.590997751,4.896824985,1.782704559,0.021895318,0.009059088,0.066059088,-0.011765897,-0.004235228,0.996235228,0.009059088,-0.02266009,0.020059088
1581251553.0105622,000000000302,e78f135624ce,-75,11.541439597,4.990043631,1.778516773,0.440522638,0.016,0.071829697,-0.045049496,0.002291109,0.995390101,0.015609899,-0.443132537,0.012291109
1581251553.4675758,000000000302,e78f135624ce,-77,11.494,5.130530267,1.754063761,0.359597255,0.016904358,0.075031881,-0.047840597,-0.002063761,0.995,0.016904358,-0.361597255,0.018968119
1581251553.9226289,000000000302,e78f135624ce,-87,11.51939837,5.283459441,1.714234264,0.323898837,0.014367366,0.051958974,-0.030795804,0.009938928,0.996,0.015051049,-0.324531471,0.027887879
1581251554.8265572,000000000302,e78f135624ce,-74,11.453103701,5.604449805,1.763523117,0.435142013,0.016803831,0.047457727,-0.046653896,-0.004588506,0.99693461,0.016803831,-0.437207403,0.010869221
1581251555.2855268,000000000302,e78f135624ce,-76,11.472561606,5.77802586,1.803191968,0.387627625,0.012561606,0.050438394,-0.043808032,-0.003438394,0.997,0.013,-0.388627625,0.001684819
1581251555.7405481,000000000302,e78f135624ce,-74,11.472443351,5.963261086,1.790389162,0.57317242,0.018763547,0.078694581,-0.063458128,0.003152709,0.995152709,0.018610838,-0.57617242,0.008
1581251556.1975517,000000000302,e78f135624ce,-73,11.55681877,6.125082047,1.72767828,0.775602134,0.025187131,0.058561394,-0.049309918,0.019625738,0.996812869,0.024187131,-0.777415003,0.02750295
1581251556.6515405,000000000302,e78f135624ce,-80,11.59806313,6.296631965,1.74693687,0.869368702,0.024,0.041452653,-0.03993687,0.009515782,0.998,0.023515782,-0.870368702,0.014031565
1581251557.5565393,000000000302,e78f135624ce,-74,11.639515778,6.708405149,1.78324737,0.22337396,0.013742111,0.03275263,-0.006731592,-0.002,0.999,0.013742111,-0.22337396,0.012257889
1581251558.4675524,000000000302,e78f135624ce,-75,11.648238373,7.110234879,1.808047675,0.180666278,0.012952325,0.039952325,-0.007809302,-0.009047675,0.999,0.012952325,-0.180666278,0.005952325
1581251558.9195108,000000000302,e78f135624ce,-79,11.649417225,7.319966511,1.81416555,-0.250448821,0.007251674,0.027251674,0.003913876,-0.011748326,0.999,0.007251674,0.250448821,0.01116555
1581251559.379868,000000000302,e78f135624ce,-75,11.649,7.539392015,1.819277831,-0.765892492,-0.001277831,0.027277831,0.019833492,-0.019555662,0.999,-0.000555662,0.766170322,0.019555662
1581251560.2885187,000000000302,e78f135624ce,-81,11.648539738,7.949145877,1.823079477,-0.975317908,-0.006539738,0.037619215,0.036619215,-0.02,0.999,-0.005539738,0.975778169,0.02
1581251560.741501,000000000302,e78f135624ce,-67,11.653,8.137840023,1.822556225,-0.99129585,-0.00570415,0.0455917,0.044739625,-0.02029585,0.998852075,-0.004556225,0.99229585,0.021147925
1581251561.191477,000000000302,e78f135624ce,-71,11.657,8.311828568,1.819248254,-0.995751746,-0.005751746,0.053751746,0.053751746,-0.022751746,0.998,-0.004751746,0.997,0.022751746
1581251561.651497,000000000302,e78f135624ce,-77,11.657,8.452770399,1.815444206,-0.997444206,-0.004444206,0.057,0.057,-0.024555794,0.998,-0.003444206,0.999,0.024555794
1581251562.102493,000000000302,e78f135624ce,-82,11.66,8.541210575,1.815134508,-0.998,-0.006,0.056932746,0.056932746,-0.022932746,0.998,-0.004067254,0.999067254,0.022932746
1581251563.0065007,000000000302,e78f135624ce,-85,11.659,8.624637532,1.817454156,-0.999,-0.005,0.052727078,0.052727078,-0.021272922,0.998,-0.004,1.0,0.022272922
1581251563.9164886,000000000302,e78f135624ce,-75,11.657559528,8.656119055,1.816,-0.999,-0.003559528,0.05,0.05,-0.023,0.998,-0.002559528,1.0,0.023
1581251564.3694742,000000000302,e78f135624ce,-69,11.681718135,8.658354728,1.771055505,-0.800573318,0.000235039,-0.030930566,-0.035695527,-0.059179534,0.944701687,5.9845e-05,0.84810667,0.057474417
1581251564.8304663,000000000302,e78f135624ce,-74,11.646028418,8.653149978,1.78072147,-0.672685164,0.000978575,-0.233172298,-0.237193724,-0.050257104,0.78558503,-0.002914299,0.880078709,0.046321381
1581251565.2904916,000000000302,e78f135624ce,-74,11.711610825,8.652936672,1.801126657,-0.226828425,0.008515832,-0.742782399,0.039791605,-0.017357511,0.312670104,-0.000936672,0.174647645,0.015905007
1581251566.1944551,000000000302,e78f135624ce,-68,11.754157966,8.590771527,1.812438644,0.014070507,0.007,-0.972473897,0.885334234,0.009438644,0.070684068,0.010719322,-0.864088809,-0.004
1581251566.6484652,000000000302,e78f135624ce,-69,11.762563289,8.558781645,1.812,0.036,0.007,-0.990781645,0.963299045,0.010390822,0.054045889,0.011,-0.957080689,-0.005
1581251567.1014235,000000000302,e78f135624ce,-69,11.773109621,8.556164432,1.813328864,0.038945189,0.007109621,-0.996054811,0.988164432,0.011054811,0.044835568,0.012,-0.986219243,-0.007054811
1581251567.559423,000000000302,e78f135624ce,-84,11.775375872,8.554560321,1.823312064,0.039375872,0.010312064,-0.998,0.995687936,0.011,0.040687936,0.012,-0.995687936,-0.009312064
1581251568.0144713,000000000302,e78f135624ce,-72,11.770463939,8.547024041,1.813792071,0.03448798,0.00551202,-0.999,0.998,0.01276803,0.03548798,0.01276803,-0.99825601,-0.00551202
1581251568.4714262,000000000302,e78f135624ce,-70,11.721801177,8.552473994,1.817715604,0.04324161,0.005810402,-0.999,0.998094799,0.012,0.04324161,0.012094799,-0.999,-0.004905201
1581251568.9214134,000000000302,e78f135624ce,-77,11.637946838,8.534,1.81291805,0.058,0.000959025,-0.998,0.998,0.012,0.058,0.012,-1.0,4.0975e-05
1581251569.3754344,000000000302,e78f135624ce,-81,11.524828289,8.539333606,1.803833197,0.049332788,-0.004,-0.999,0.999,0.009833197,0.049332788,0.009833197,-1.0,0.004
1581251569.832427,000000000302,e78f135624ce,-67,11.376818428,8.538710766,1.801822308,0.040355383,-0.005,-0.999,0.999,0.010822308,0.040355383,0.01,-1.0,0.006
1581251569.8354335,000000000302,e78f135624ce,-71,11.375716059,8.538610551,1.801847362,0.040305275,-0.005,-0.999,0.999,0.010847362,0.040305275,0.01,-1.0,0.006
1581251570.7424169,000000000302,e78f135624ce,-72,11.015388849,8.571216669,1.806144446,0.017783331,-0.001,-1.0,1.0,0.008,0.017783331,0.008,-1.0,0.001
1581251571.201389,000000000302,e78f135624ce,-63,10.829193332,8.576995723,1.814506415,0.008751069,-0.001497862,-1.0,1.0,0.011502138,0.008751069,0.011502138,-1.0,0.002248931
1581251572.5543866,000000000302,e78f135624ce,-75,10.180149882,8.628234086,1.818822724,-0.025177276,0.009822724,-0.999,0.452600315,0.006588638,-0.004297743,0.006588638,-0.452600315,0.001234086
1581251573.0054152,000000000302,e78f135624ce,-77,9.908459302,8.612916744,1.829180543,-0.003458372,0.014180543,-0.999,-0.142470543,0.005819457,-0.020180543,0.005638915,0.142470543,0.008361085
1581251573.4593856,000000000302,e78f135624ce,-72,9.629494157,8.616124513,1.829250325,-0.016625162,0.014812581,-0.999,-0.441828163,0.001,-0.012061607,0.000812581,0.441828163,0.012625162
1581251573.9163842,000000000302,e78f135624ce,-70,9.379201111,8.602036397,1.835518199,-0.026,0.016,-0.999,-0.823499074,-0.002481801,0.016963603,-0.002481801,0.823499074,0.015481801
1581251574.3674018,000000000302,e78f135624ce,-74,9.146856673,8.583414921,1.833195026,-0.012512434,0.014804974,-1.0,-0.94356021,-0.006,0.009512434,-0.005097513,0.94356021,0.014804974
1581251574.8254173,000000000302,e78f135624ce,-66,8.917711791,8.56225757,1.839484859,0.00374243,0.01125757,-1.0,-0.982197008,-0.004,-0.00474243,-0.004,0.982197008,0.01125757
1581251575.2773898,000000000302,e78f135624ce,-69,8.693121995,8.550412768,1.838,0.003,0.014305815,-1.0,-0.994305815,-0.004694185,-0.003,-0.004694185,0.993611631,0.014305815
1581251575.7333996,000000000302,e78f135624ce,-67,8.45880557,8.525295727,1.844,-0.015482477,0.013926068,-1.0,-0.997926068,-0.003147864,0.015482477,-0.003147864,0.997926068,0.013926068
1581251576.6353598,000000000302,e78f135624ce,-71,7.986646693,8.52212892,1.829903136,-0.038225784,0.016322648,-0.999,-0.999,-0.009,0.038225784,-0.008774216,1.0,0.016548432
1581251577.0913594,000000000302,e78f135624ce,-77,7.756209091,8.517211506,1.837549432,-0.035774716,0.011225284,-0.999,-0.999,-0.007112642,0.035774716,-0.007112642,1.0,0.012225284
1581251577.544388,000000000302,e78f135624ce,-77,7.53107754,8.509158618,1.839841382,-0.028698272,0.011079309,-0.999460346,-0.999460346,-0.006460346,0.028698272,-0.005920691,1.0,0.011079309
1581251578.005361,000000000302,e78f135624ce,-71,7.302904227,8.511806483,1.841903242,-0.01441945,0.009903242,-1.0,-1.0,-0.011193517,0.01441945,-0.011096758,1.0,0.009903242
1581251578.4573653,000000000302,e78f135624ce,-85,7.082912511,8.492198245,1.834918362,0.003320702,0.011880468,-1.0,-1.0,-0.010720117,-0.003320702,-0.010720117,1.0,0.011880468
1581251578.910335,000000000302,e78f135624ce,-77,6.852707479,8.466133228,1.817341496,0.007716693,0.015716693,-1.0,-1.0,-0.013433386,-0.007716693,-0.013791732,1.0,0.015716693
1581251579.3653631,000000000302,e78f135624ce,-69,6.638553285,8.47449635,1.788,0.001888321,0.020937956,-0.999987591,-0.997307299,-0.019962774,-0.002962774,-0.019950365,0.996319708,0.020962774
1581251579.817364,000000000302,e78f135624ce,-70,6.539798256,8.550840349,1.818361395,-0.001159651,0.01661345,-1.0,0.075421431,0.000680698,0.001840349,0.000680698,-0.075421431,0.000319302
1581251580.268361,000000000302,e78f135624ce,-70,6.434309766,8.558152755,1.83774399,0.002359265,0.015794908,-1.0,0.680282888,0.010589816,0.004179633,0.010589816,-0.680282888,-0.009179633
1581251580.7213547,000000000302,e78f135624ce,-71,6.263651342,8.615205904,1.845449553,0.006105009,0.017483184,-0.999172272,0.859730947,0.015655456,0.008105009,0.015655456,-0.859730947,-0.014310912
1581251581.1793432,000000000302,e78f135624ce,-74,6.131303793,8.641586696,1.858522815,0.010486311,0.019,-0.999504563,0.955559318,0.017009126,0.011486311,0.017009126,-0.955559318,-0.017504563
1581251581.637352,000000000302,e78f135624ce,-74,6.046550479,8.655270876,1.869273785,0.019818446,0.019636892,-0.999,0.985726215,0.018818446,0.020818446,0.018818446,-0.985726215,-0.018818446
1581251582.0903115,000000000302,e78f135624ce,-73,6.009148527,8.655195321,1.871367244,0.026,0.019585962,-0.999,0.994804679,0.017195321,0.026,0.017390641,-0.995609359,-0.018585962
1581251582.9963229,000000000302,e78f135624ce,-70,5.960335366,8.645471676,1.852064319,0.026549764,0.015,-0.99897856,0.994390441,0.01497856,0.027278718,0.01497856,-0.994369001,-0.01495712
1581251583.4463222,000000000302,e78f135624ce,-68,6.023351704,8.672081363,1.835230963,-0.286653512,0.02136483,-0.8707008,0.208989568,-0.009309718,0.310936979,0.006973748,-0.082420027,0.014661422
1581251583.898317,000000000302,e78f135624ce,-73,6.004416086,8.696531801,1.902797702,-0.723272054,0.016468199,-0.494560118,-0.150884285,0.035202298,0.730474352,0.024202298,0.654590067,-0.026734099
1581251584.3522992,000000000302,e78f135624ce,-72,5.909194733,8.675763385,1.876763385,-0.912041882,0.005381693,-0.163011659,-0.053385579,0.001667962,0.914041882,0.008477116,0.890278497,0.001332038
1581251584.8143065,000000000302,e78f135624ce,-74,5.845292813,8.655797947,1.854797947,-0.97195462,0.001449487,-0.043439219,-0.008494866,-0.013101027,0.972404107,0.002449487,0.965055647,0.014101027
1581251585.2653012,000000000302,e78f135624ce,-72,5.809264927,8.644789979,1.841789979,-0.990315031,-0.001,0.000630063,0.012315031,-0.017,0.990315031,-0.00089499,0.988315031,0.01789499
1581251585.7192862,000000000302,e78f135624ce,-74,5.788230852,8.637492341,1.83624617,-0.99675383,-0.001,0.015507659,0.01875383,-0.01724617,0.99675383,-0.00075383,0.996507659,0.018
1581251586.1702852,000000000302,e78f135624ce,-74,5.774788531,8.633596177,1.829403823,-0.999,-0.002,0.019,0.02,-0.019596177,0.999,-0.001,0.998403823,0.020192354
1581251586.6222847,000000000302,e78f135624ce,-75,5.763,8.629878076,1.825878076,-1.0,-0.002,0.016060962,0.016060962,-0.020060962,0.999,-0.001060962,0.999060962,0.020060962
1581251587.530307,000000000302,e78f135624ce,-75,5.761241427,8.689828544,1.823758573,-0.999,-0.004758573,0.038275718,0.038275718,-0.02,0.999,-0.004,1.0,0.02
1581251587.9893138,000000000302,e78f135624ce,-78,5.768777904,8.757445897,1.838555808,0.094122419,0.005888952,0.029111048,0.002777336,-0.021,0.999,0.006777904,-0.094122419,-0.002555808
1581251588.4452844,000000000302,e78f135624ce,-75,5.779100528,8.864259243,1.846550264,0.706174561,0.012,0.025349208,-0.014550264,-0.015349208,0.999550264,0.012,-0.707174561,-0.009
1581251588.9002724,000000000302,e78f135624ce,-76,5.785,9.000160731,1.848204018,0.907508493,0.015,0.006183927,-0.002387945,-0.012,1.0,0.015,-0.907304475,-0.010204018
1581251589.357281,000000000302,e78f135624ce,-81,5.782274484,9.15696136,1.848862758,0.970627582,0.016,-0.001,0.002137242,-0.011,1.0,0.016,-0.970627582,-0.01
1581251589.8152697,000000000302,e78f135624ce,-79,5.775487336,9.331095209,1.847487336,0.990537992,0.017,-0.001512664,0.002512664,-0.008487336,1.0,0.017,-0.990537992,-0.008487336
1581251590.2712808,000000000302,e78f135624ce,-78,5.767561733,9.512304457,1.845853911,0.997,0.018,-0.008584357,0.008584357,-0.008853911,1.0,0.018,-0.997146089,-0.008853911
1581251590.7312577,000000000302,e78f135624ce,-72,5.755692074,9.699830026,1.845173018,0.998826982,0.017826982,-0.020653963,0.021480945,-0.009,1.0,0.016826982,-0.999,-0.009
1581251591.1802685,000000000302,e78f135624ce,-79,5.743260969,9.906085464,1.839,0.619351011,0.015565242,-0.023434758,0.015260969,-0.012869515,1.0,0.015565242,-0.619351011,-0.003
1581251592.989265,000000000302,e78f135624ce,-77,5.601245369,10.770425989,1.701576826,-0.148370869,0.007888576,0.026325826,-0.038548674,0.009102978,0.993334272,0.003222848,0.146370869,0.03999437
1581251593.4482346,000000000302,e78f135624ce,-80,5.475633234,10.95408564,1.511540843,-0.108954383,0.008854084,0.031416337,-0.066010705,0.004249011,0.988,0.001427042,0.106381425,0.085281126
1581251594.358249,000000000302,e78f135624ce,-75,5.590565768,11.37747443,1.554828553,-0.046024533,0.014,-0.007612474,-0.018296188,0.002291753,0.985,0.005,0.048153709,0.056004435
1581251594.8142173,000000000302,e78f135624ce,-79,5.657881905,11.600151238,1.698939682,0.394472381,0.018623619,-0.02,-0.000164825,0.000164825,0.984376381,0.009458794,-0.389931175,0.018741714
1581251595.276227,000000000302,e78f135624ce,-83,5.616122653,11.793011613,1.742432867,0.248935094,0.01365972,-0.019587973,-0.021814827,0.006226853,0.993,0.009773147,-0.246821667,0.010453707
1581251596.1892111,000000000302,e78f135624ce,-81,5.486819166,12.20098992,1.757174364,0.359068452,0.011467579,-0.015337897,-0.037921468,0.004764405,0.994597262,0.010467579,-0.355665714,0.00249135
1581251597.0962236,000000000302,e78f135624ce,-77,5.63524832,12.621487038,1.7627488,0.170530246,0.00775072,-0.01800096,-0.00524928,0.00175072,0.997,0.00675072,-0.170280006,0.01425024
1581251597.5472174,000000000302,e78f135624ce,-72,5.640867975,12.807516669,1.740304248,0.071660127,0.004695752,0.000695752,-0.016478758,0.013391503,0.997304248,0.002695752,-0.071660127,0.026695752
1581251597.9992177,000000000302,e78f135624ce,-72,5.650652472,12.973634222,1.752546769,0.207223574,0.006776426,0.017558935,-0.019006083,0.002782509,0.998,0.005776426,-0.207335361,0.016670722
1581251598.4572108,000000000302,e78f135624ce,-74,5.634127068,13.145168391,1.844736572,0.191695248,0.007565083,0.03278409,-0.029219007,-0.034390496,0.993130165,0.012,-0.193565083,-0.018390496
1581251598.9101906,000000000302,e78f135624ce,-75,5.673050838,13.266288119,1.818542383,0.114881341,0.006,0.018576276,-0.018779665,-0.015169497,0.997203389,0.006796611,-0.115881341,0.003627114
1581251599.3661766,000000000302,e78f135624ce,-72,5.59299183,13.351485325,1.849970651,0.286585477,0.007,0.063430863,-0.064723752,-0.03263177,0.987757337,0.012974887,-0.295974585,-0.016045991
1581251599.8221989,000000000302,e78f135624ce,-72,5.668202696,13.39489659,1.860487074,0.119292627,0.007,0.017129263,-0.020129263,-0.031025853,0.993974147,0.010512926,-0.122805554,-0.012538779
1581251600.2781916,000000000302,e78f135624ce,-79,5.720767955,13.421842421,1.789601729,0.353346391,0.009,-0.001083113,-0.003037233,0.002277925,0.998,0.009879654,-0.354346391,0.016638962
1581251600.7351968,000000000302,e78f135624ce,-74,5.754121439,13.439341079,1.800901799,-0.425950526,-0.000341079,-0.00978036,-0.00356072,-0.01156072,0.999,0.00043928,0.425730886,0.019
1581251601.1911974,000000000302,e78f135624ce,-73,5.768767612,13.454883806,1.803232388,-0.796373282,-0.007558097,-0.139422683,-0.137422683,-0.034977127,0.97706862,-0.015651418,0.817304662,0.034651418
1581251601.6471941,000000000302,e78f135624ce,-74,5.788241001,13.44506925,1.794586333,-0.650278828,-0.005793167,-0.580651922,-0.578548505,-0.0566205,0.705727578,-0.042827334,0.941551251,0.03568975
1581251602.0991855,000000000302,e78f135624ce,-71,5.820152151,13.285967472,1.816815321,-0.244314792,-0.003711962,-0.851886151,-0.693217207,-0.035016264,0.282907132,-0.029440189,0.811450679,0.01559234
1581251602.5521574,000000000302,e78f135624ce,-71,5.857320061,13.352681472,1.780520675,-0.089479325,0.007679939,-0.950480859,-0.359724356,-0.017,0.11319908,-0.015320061,0.398203681,0.021399693
1581251603.454166,000000000302,e78f135624ce,-73,5.846916678,13.338958269,1.839124913,-0.011541661,0.005833357,-0.993083322,-0.329791905,-0.010458339,0.051750035,-0.01,0.333250244,0.005750035
1581251603.9101481,000000000302,e78f135624ce,-73,5.851218377,13.361360184,1.85134487,-0.008781623,0.002827565,-0.997,-0.166030628,-0.008,0.040609188,-0.008,0.166827565,0.003015314
1581251604.3711374,000000000302,e78f135624ce,-72,5.854051049,13.390684685,1.855528531,-0.019054056,0.00342042,-0.998,-0.299828869,-0.010684685,0.043105105,-0.010684685,0.300828869,0.00021021
1581251604.8271499,000000000302,e78f135624ce,-71,5.859883626,13.45267997,1.917174562,-0.040398172,-0.008601828,-0.997514547,-0.52467997,-0.009514547,0.054427266,-0.010029094,0.526165424,-0.011601828
1581251606.6421342,000000000302,e78f135624ce,-77,5.726604508,13.417,1.869461014,0.014820338,0.000940113,-0.998,0.439107326,0.003880225,0.049059887,0.003880225,-0.440047438,-0.000880225
1581251607.1001294,000000000302,e78f135624ce,-72,5.582753893,13.394833852,1.864305642,0.013833852,0.005305642,-0.998,0.225095532,0.002305642,0.054611284,0.002305642,-0.225401174,-0.005
1581251607.5561144,000000000302,e78f135624ce,-69,5.419406244,13.373117335,1.867705778,0.013234669,0.008705778,-0.998,0.141577819,0.001,0.053411556,0.001705778,-0.142283597,-0.007705778
1581251608.0141296,000000000302,e78f135624ce,-75,5.224922171,13.360444019,1.863148006,-0.019111961,0.006074003,-0.999,-0.3939413,-0.00577799,0.051,-0.00477799,0.394867296,-0.002148006
1581251608.4641232,000000000302,e78f135624ce,-71,5.024685376,13.34583467,1.854917335,-0.04716533,0.006,-0.998,-0.803021287,-0.013082665,0.057,-0.012541333,0.80456262,0.003541333
1581251608.925159,000000000302,e78f135624ce,-76,4.820953186,13.333791962,1.851,-0.044033569,0.004758392,-0.999,-0.93810733,-0.015758392,0.047791962,-0.015758392,0.93910733,0.004
1581251609.3761,000000000302,e78f135624ce,-74,4.626795375,13.323441248,1.85,-0.024882495,0.004,-0.999852917,-0.979970422,-0.015,0.026029578,-0.015,0.980117505,0.004
1581251609.8351192,000000000302,e78f135624ce,-72,4.425872432,13.316465769,1.84748859,-0.001954359,0.00551141,-1.0,-0.99351141,-0.013977179,0.002442948,-0.014,0.994022821,0.00551141
1581251610.2880967,000000000302,e78f135624ce,-73,4.226663579,13.312880445,1.847,0.003880445,0.004880445,-1.0,-0.998,-0.012119555,-0.003880445,-0.012119555,0.998,0.004880445
1581251611.2011096,000000000302,e78f135624ce,-72,3.82649737,13.32641228,1.814470176,-0.021882456,0.019117544,-0.999,-0.951347372,-0.021,0.021764912,-0.02,0.951347372,0.021323684
1581251611.6571255,000000000302,e78f135624ce,-84,3.637855573,13.35072022,1.810205777,-0.015691334,0.015897111,-0.999102889,-0.5825703,-0.016588446,0.021588446,-0.015588446,0.5825703,0.013691334
1581251612.1120822,000000000302,e78f135624ce,-76,3.444250483,13.362,1.808263898,-0.007055591,0.015,-1.0,-0.40620895,-0.013,0.008791693,-0.013,0.40620895,0.012
1581251612.563116,000000000302,e78f135624ce,-86,3.233332827,13.355703647,1.807703647,0.003624403,0.015312201,-1.0,-0.434784412,-0.014640252,-0.009296353,-0.014640252,0.434784412,0.011312201
1581251613.014072,000000000302,e78f135624ce,-70,3.024871247,13.345925553,1.804702212,0.010223341,0.019,-0.999925553,-0.459718399,-0.013446682,-0.012372235,-0.013446682,0.459718399,0.011297788
1581251613.465074,000000000302,e78f135624ce,-75,2.796532562,13.317451353,1.783937819,0.006708121,0.024708121,-0.999548647,-0.814821498,-0.019902707,-0.007708121,-0.020902707,0.814821498,0.021256767
1581251613.9150715,000000000302,e78f135624ce,-75,2.577947498,13.310116222,1.794671977,-0.00596814,0.018,-0.999835988,-0.940788198,-0.014492035,0.005804128,-0.014492035,0.940788198,0.018
1581251614.373056,000000000302,e78f135624ce,-87,2.388312317,13.328482649,1.797379602,-0.012,0.014482649,-1.0,-0.980965298,-0.01782755,0.01117245,-0.01782755,0.980965298,0.015310199
1581251615.2780695,000000000302,e78f135624ce,-80,2.044907044,13.343878274,1.789837698,-0.023918849,0.012081151,-0.999,-0.997,-0.019959425,0.023918849,-0.019959425,0.997959425,0.012121726
1581251615.7350726,000000000302,e78f135624ce,-77,1.901603222,13.385956913,1.788390783,-0.046304608,0.010304608,-0.998347696,-0.998,-0.021,0.046304608,-0.021,0.999,0.011304608
1581251616.1870728,000000000302,e78f135624ce,-73,1.745074824,13.412547242,1.776166138,-0.056618897,0.012071655,-0.998,-0.998,-0.022381103,0.056309448,-0.021690552,0.999,0.013071655
1581251616.6480722,000000000302,e78f135624ce,-81,1.542394579,13.382370482,1.773969127,-0.051185241,0.015030873,-0.998,-0.998,-0.021,0.050216114,-0.020030873,0.999,0.016030873
1581251617.098067,000000000302,e78f135624ce,-73,1.347256775,13.393737696,1.778322396,-0.058661198,0.014338802,-0.9974153,-0.998,-0.0235847,0.058245899,-0.023,0.999,0.015338802
1581251617.5530558,000000000302,e78f135624ce,-74,1.147224671,13.405983612,1.793632599,-0.055351013,0.009122467,-0.997824493,-0.998,-0.021,0.05452652,-0.020175507,0.999,0.010122467
1581251618.0080476,000000000302,e78f135624ce,-79,0.972501581,13.45805722,1.804395422,-0.058209155,0.004,-0.998,-0.998,-0.022604578,0.058209155,-0.022604578,0.999,0.005
1581251618.4610465,000000000302,e78f135624ce,-72,0.788048093,13.456018551,1.781881484,-0.044085194,0.007677774,-0.998,-0.998,-0.023677774,0.044085194,-0.024118516,0.999,0.008677774
1581251618.9170527,000000000302,e78f135624ce,-78,0.620702175,13.49,1.824734629,-0.051,-0.00877205,-0.996897671,-0.997,-0.020204658,0.051,-0.021102329,0.998897671,-0.00777205
1581251619.37142,000000000302,e78f135624ce,-77,0.513196596,13.577305828,1.766958742,-0.065,-0.001922331,-0.996,-0.997,-0.019,0.065,-0.019730583,0.999,-0.000191748
1581251619.825035,000000000302,e78f135624ce,-77,0.458311915,13.647321269,1.854032127,-0.076752338,-0.021311915,-0.996,-0.996655958,-0.016344042,0.076752338,-0.018,0.999,-0.019967873
1581251620.2810237,000000000302,e78f135624ce,-78,0.43006056,13.243727807,2.002212068,-0.022666812,-0.033454526,-0.988545474,-0.989545474,-0.017151509,0.023515303,-0.012848491,0.998848491,-0.032606034
