1581251522.9770627,000000000201,e78f135624ce,-83,17.755360938,4.614195309,1.786917185,-0.008917185,-0.005,-1.002,0.997360938,0.021639062,-0.008917185,0.021639062,-1.002,0.000360938
1581251523.4300995,000000000201,e78f135624ce,-83,17.786634934,4.545982871,1.794887672,0.009803426,0.001915754,-1.000028082,0.999,0.02,0.009803426,0.02,-1.000028082,-0.002915754
1581251523.8860679,000000000201,e78f135624ce,-77,17.833332135,4.415370381,1.807166068,0.028899641,0.006266427,-1.0,0.999,0.018,0.028899641,0.018633214,-1.0,-0.006633214
1581251525.248053,000000000201,e78f135624ce,-83,17.902961981,4.201569702,1.825025346,0.043493663,0.007506337,-0.999,0.999,0.015493663,0.043493663,0.016,-1.0,-0.006506337
1581251525.7060845,000000000201,e78f135624ce,-83,17.908112131,4.178439347,1.830224261,0.043,0.009,-0.999,0.999,0.015,0.043,0.015887869,-1.0,-0.009
1581251526.167081,000000000201,e78f135624ce,-79,17.909,4.166190493,1.836809507,0.042190493,0.010809507,-0.999,0.999,0.015,0.042190493,0.015,-1.0,-0.01
1581251527.072081,000000000201,e78f135624ce,-83,17.917869064,4.17034532,1.842130936,0.036130936,0.01,-0.999,0.999,0.014130936,0.036130936,0.014130936,-1.0,-0.01
1581251527.5270898,000000000201,e78f135624ce,-81,17.908727097,4.163727097,1.842242366,0.035,0.009,-0.999,0.999,0.013757634,0.035,0.014,-1.0,-0.008242366
1581251528.4440768,000000000201,e78f135624ce,-78,17.823967337,4.172070771,1.824926507,0.069970059,0.003967337,-0.997,0.997002722,0.016,0.069970059,0.016,-0.999997278,-0.001970059
1581251528.9000785,000000000201,e78f135624ce,-80,17.731093665,4.186992195,1.813320324,0.042351546,0.00132813,-0.998664065,0.998664065,0.014335935,0.042015611,0.014335935,-0.999664065,-0.00032813
1581251529.3550832,000000000201,e78f135624ce,-83,17.596600051,4.187953842,1.827317947,0.02872821,0.006,-0.999,0.999,0.013,0.02872821,0.013,-1.0,-0.006
1581251529.8080487,000000000201,e78f135624ce,-80,17.446042969,4.186190044,1.833952489,0.024952489,0.007,-1.0,0.999047511,0.013952489,0.024952489,0.013952489,-1.0,-0.007
1581251530.2680795,000000000201,e78f135624ce,-81,17.272790573,4.171,1.834619412,0.026761176,0.006619412,-1.0,0.999619412,0.013380588,0.027141764,0.013761176,-1.0,-0.006619412
1581251530.7220922,000000000201,e78f135624ce,-86,17.090190818,4.167236184,1.836236184,0.020291449,0.01,-1.0,1.0,0.013527633,0.021055265,0.013527633,-1.0,-0.009236184
1581251531.1711218,000000000201,e78f135624ce,-80,16.89474757,4.158044382,1.837348127,0.018825936,0.012174064,-1.0,1.0,0.013825936,0.019651873,0.013825936,-1.0,-0.012
1581251531.6240997,000000000201,e78f135624ce,-85,16.693003228,4.151143088,1.837,0.020856912,0.010535772,-1.0,1.0,0.013,0.020856912,0.013,-1.0,-0.010535772
1581251532.5310946,000000000201,e78f135624ce,-82,16.281511367,4.121816388,1.838,0.050639354,0.009,-0.998272129,0.998272129,0.016727871,0.050911483,0.017727871,-1.0,-0.008
1581251532.99311,000000000201,e78f135624ce,-80,16.076610734,4.124233996,1.835,0.055354672,0.006,-0.998,0.998,0.018,0.055354672,0.018588668,-1.0,-0.005
1581251533.4441032,000000000201,e78f135624ce,-79,15.887849933,4.138017655,1.835002942,0.03197646,0.007005885,-0.999,0.999,0.018,0.03197646,0.018,-1.0,-0.006005885
1581251533.8990772,000000000201,e78f135624ce,-80,15.673212809,4.136030914,1.823312724,-0.002123655,0.017030914,-0.999,0.23140325,0.013656362,0.035343638,0.014656362,-0.231059612,0.006718189
1581251534.3581142,000000000201,e78f135624ce,-79,15.48515565,4.120732452,1.827316887,0.023584435,0.011,-0.999,0.756815864,0.016316887,0.035633774,0.017,-0.757498977,-0.003633774
1581251534.8121243,000000000201,e78f135624ce,-85,15.30072421,4.105147798,1.819147798,0.018206917,0.016896541,-0.999,0.391567257,0.01402956,0.033059119,0.014044339,-0.392567257,0.005822642
1581251535.7251556,000000000201,e78f135624ce,-77,14.927270237,4.090027024,1.787832428,-0.021167572,0.027583786,-0.998,-0.537686575,0.008805405,0.045610809,0.010805405,0.537686575,0.023778381
1581251536.179095,000000000201,e78f135624ce,-84,14.744509819,4.076352216,1.770232754,-0.017176108,0.031647784,-0.998,-0.579767246,0.010823892,0.047295569,0.012647784,0.578767246,0.028647784
1581251536.6390908,000000000201,e78f135624ce,-80,14.532478167,4.098,1.758923704,-0.048538148,0.032,-0.998,-0.859678503,0.007,0.058923704,0.009,0.860216651,0.031
1581251537.5480957,000000000201,e78f135624ce,-78,14.135396419,4.117430751,1.742569249,-0.059857688,0.032857688,-0.998,-0.984288439,0.005,0.060857688,0.007,0.985288439,0.031857688
1581251538.007113,000000000201,e78f135624ce,-75,13.924873861,4.13633629,1.738889382,-0.061444691,0.032110618,-0.997,-0.993444691,0.003110618,0.061889382,0.005110618,0.994889382,0.031555309
1581251538.4662457,000000000201,e78f135624ce,-81,13.706168753,4.148687612,1.752271094,-0.050583482,0.024416518,-0.998,-0.997104129,0.001,0.050687612,0.002,0.998,0.024416518
1581251539.3811307,000000000201,e78f135624ce,-80,13.340461644,4.090523875,1.761531115,-0.004261937,0.027,-0.999,-0.282674365,0.008882779,0.032351663,0.009441389,0.282674365,0.016234442
1581251539.838096,000000000201,e78f135624ce,-84,13.19559271,4.081551764,1.796220706,0.003779294,0.020110353,-0.999,0.201889647,0.012,0.014779294,0.012,-0.202,0.002110353
1581251540.2941968,000000000201,e78f135624ce,-79,12.985500538,4.070970214,1.786507447,0.004,0.022,-0.999,-0.301632424,0.00873883,0.000492553,0.00873883,0.301632424,0.01426117
1581251540.746229,000000000201,e78f135624ce,-75,12.748698609,4.039460097,1.740938029,0.010061971,0.03564601,-0.99835399,-0.774717353,0.00364601,-0.009061971,0.003,0.774071343,0.03364601
1581251541.651107,000000000201,e78f135624ce,-82,12.391627528,4.057355484,1.768785161,0.007595054,0.005809893,-1.0,0.526043222,0.013190107,0.002190107,0.013190107,-0.526043222,0.007809893
1581251542.5611386,000000000201,e78f135624ce,-79,12.07078342,4.100213385,1.79394905,0.015525475,0.006684715,-1.0,0.952213385,0.013,0.01463057,0.013,-0.95231848,-0.004684715
1581251543.0132809,000000000201,e78f135624ce,-81,11.962597752,4.102,1.79199218,0.01650391,0.003,-1.0,0.98448045,0.014,0.01650391,0.014,-0.98448045,-0.002
1581251543.4711494,000000000201,e78f135624ce,-76,11.895405062,4.102710011,1.794420022,0.014144994,0.001855006,-1.0,0.995144994,0.015144994,0.014144994,0.015,-0.995144994,-0.001855006
1581251543.923113,000000000201,e78f135624ce,-76,11.861356692,4.101821654,1.788821654,0.013235669,0.000528662,-1.0,0.998,0.014471338,0.013235669,0.014471338,-0.998,-0.000528662
1581251544.37611,000000000201,e78f135624ce,-75,11.834129999,4.102,1.795122,0.013,0.002374,-1.0,0.999,0.014,0.013,0.014626,-0.999,-0.002374
1581251544.8301184,000000000201,e78f135624ce,-76,11.823909023,4.098909023,1.788909023,0.013045489,0.0,-1.0,1.0,0.015045489,0.013045489,0.015045489,-1.0,0.0
1581251545.7381265,000000000201,e78f135624ce,-78,11.803,4.11077283,1.802108019,0.011778396,0.004443208,-1.0,1.0,0.013221604,0.011778396,0.013221604,-1.0,-0.004443208
1581251546.196195,000000000201,e78f135624ce,-82,11.828736023,4.199736023,1.826174255,-0.097440409,0.009760295,-0.912150401,0.819167308,0.025677938,0.087130483,0.015520589,-0.734557414,-0.014297791
1581251546.6541078,000000000201,e78f135624ce,-78,11.861705753,4.232705753,1.873797199,-0.259846859,0.007318092,-0.743027895,0.675687925,0.042773354,0.248926382,0.010636185,-0.424397728,-0.032614307
1581251547.5671344,000000000201,e78f135624ce,-77,11.75508256,4.401218151,1.852819573,-0.256202845,0.005,-0.04062384,0.092744125,-0.001120284,0.916195733,0.005120284,0.181579004,0.001060142
1581251548.0231187,000000000201,e78f135624ce,-86,11.684631528,4.423484217,1.848505261,-0.182158417,0.004021044,-0.003,0.027042089,-0.002989478,0.97245265,0.004021044,0.157116329,0.002494739
1581251548.4751446,000000000201,e78f135624ce,-87,11.679955503,4.453189909,1.832715137,-0.36753715,0.003,0.024715137,0.02733532,-0.009094954,0.990284863,0.003905046,0.359822012,0.008094954
1581251548.9311473,000000000201,e78f135624ce,-81,11.663758695,4.46525079,1.824247629,-0.234866196,0.00374921,0.024752371,0.016006324,-0.011501581,0.99674921,0.00474921,0.232866196,0.008752371
1581251549.3871224,000000000201,e78f135624ce,-79,11.641947218,4.467589444,1.831231669,-0.136123244,0.004410556,0.019178887,0.007768331,-0.006178887,0.999,0.004410556,0.135123244,0.004178887
1581251549.8377798,000000000201,e78f135624ce,-78,11.624938004,4.466,1.835969002,-0.070706144,0.005030998,0.012938004,0.001938004,-0.005,1.0,0.005030998,0.070706144,0.003
1581251551.193254,000000000201,e78f135624ce,-80,11.637896363,4.570004414,1.837472987,-0.007509355,0.005,0.05436935,-0.000684675,-0.006842338,0.998,0.005,0.007509355,0.004684675
1581251551.6481447,000000000201,e78f135624ce,-80,11.647532595,4.656888244,1.832476718,-0.009307329,0.001495344,0.049532595,0.003523282,-0.009513969,0.998495344,0.002,0.009307329,0.005513969
1581251552.1021552,000000000201,e78f135624ce,-88,11.641433687,4.770955242,1.831716843,-0.025080565,0.004707892,0.046141578,0.003008952,-0.007858422,0.999,0.005566313,0.025080565,0.005141578
1581251553.0102477,000000000201,e78f135624ce,-77,11.541450079,4.989949288,1.778600633,0.440713943,0.016,0.071837559,-0.045062599,0.002262283,0.99538748,0.01561252,-0.443326463,0.012262283
1581251553.0131373,000000000201,e78f135624ce,-73,11.541353758,4.990816179,1.777830063,0.438956081,0.016,0.071765318,-0.044942197,0.002527166,0.995411561,0.015588439,-0.441544521,0.012527166
1581251553.467138,000000000201,e78f135624ce,-77,11.494,5.130355172,1.754056466,0.359757759,0.016915302,0.075028233,-0.047858836,-0.002056466,0.995,0.016915302,-0.361757759,0.018971767
1581251554.3731725,000000000201,e78f135624ce,-80,11.459447675,5.440545156,1.752010853,0.44500717,0.015436822,0.054902519,-0.051494573,-0.008281589,0.996281589,0.016436822,-0.447443991,0.010184108
1581251554.825159,000000000201,e78f135624ce,-75,11.452735115,5.60395412,1.763624796,0.43439213,0.016765702,0.047546696,-0.046780995,-0.004702895,0.996921901,0.016765702,-0.436470229,0.010843801
1581251555.2851644,000000000201,e78f135624ce,-77,11.472558312,5.777890785,1.803208441,0.387406892,0.012558312,0.050441688,-0.043791559,-0.003441688,0.997,0.013,-0.388406892,0.001674935
1581251555.7402062,000000000201,e78f135624ce,-86,11.472393621,5.963133653,1.790401595,0.572802555,0.018748006,0.078700797,-0.063448804,0.003149601,0.995149601,0.018598405,-0.575802555,0.008
1581251556.1962926,000000000201,e78f135624ce,-75,11.55666588,6.124605392,1.727903117,0.77615973,0.025196125,0.058588374,-0.049372873,0.019607751,0.996803875,0.024196125,-0.777963605,0.027431003
1581251557.1011496,000000000201,e78f135624ce,-82,11.617869977,6.496835532,1.780124282,0.721854769,0.021,0.030627153,-0.027378588,0.001751435,0.998124282,0.021,-0.722854769,0.003248565
1581251557.556156,000000000201,e78f135624ce,-78,11.639494866,6.70819952,1.783250856,0.223872351,0.013752567,0.032749144,-0.006755989,-0.002,0.999,0.013752567,-0.223872351,0.012247433
1581251558.466163,000000000201,e78f135624ce,-79,11.648291815,7.109614947,1.808058363,0.180591459,0.012941637,0.039941637,-0.007766548,-0.009058363,0.999,0.012941637,-0.180591459,0.005941637
1581251558.9191685,000000000201,e78f135624ce,-81,11.649419858,7.319808495,1.814160283,-0.249814122,0.007259575,0.027259575,0.003900708,-0.011740425,0.999,0.007259575,0.249814122,0.011160283
1581251559.3781466,000000000201,e78f135624ce,-80,11.649,7.538610773,1.819264589,-0.764992077,-0.001264589,0.027264589,0.019793768,-0.019529179,0.999,-0.000529179,0.765256667,0.019529179
1581251559.831178,000000000201,e78f135624ce,-77,11.648104767,7.746133038,1.820895233,-0.925171286,-0.003895233,0.031895233,0.029790466,-0.022,0.999,-0.003,0.925276053,0.022
1581251560.2871535,000000000201,e78f135624ce,-80,11.648528362,7.948531543,1.823056724,-0.975226895,-0.006528362,0.037585086,0.036585086,-0.02,0.999,-0.005528362,0.975698533,0.02
1581251560.7421584,000000000201,e78f135624ce,-79,11.653,8.13813034,1.822539792,-0.991306805,-0.005693195,0.045613611,0.044767013,-0.020306805,0.998846597,-0.004539792,0.992306805,0.021153403
1581251561.193172,000000000201,e78f135624ce,-76,11.657,8.31241527,1.819235216,-0.995764784,-0.005764784,0.053764784,0.053764784,-0.022764784,0.998,-0.004764784,0.997,0.022764784
1581251561.6512885,000000000201,e78f135624ce,-83,11.657,8.452720709,1.815442604,-0.997442604,-0.004442604,0.057,0.057,-0.024557396,0.998,-0.003442604,0.999,0.024557396
1581251562.103161,000000000201,e78f135624ce,-86,11.66,8.541303074,1.815144786,-0.998,-0.006,0.056927607,0.056927607,-0.022927607,0.998,-0.004072393,0.999072393,0.022927607
1581251562.5531468,000000000201,e78f135624ce,-86,11.65866164,8.59295476,1.816,-0.998,-0.00666164,0.053,0.053,-0.023,0.998,-0.005,1.0,0.023
1581251563.006163,000000000201,e78f135624ce,-84,11.659,8.62462064,1.817459787,-0.999,-0.005,0.052729893,0.052729893,-0.021270107,0.998,-0.004,1.0,0.022270107
1581251563.9161694,000000000201,e78f135624ce,-86,11.657557072,8.656114144,1.816,-0.999,-0.003557072,0.05,0.05,-0.023,0.998,-0.002557072,1.0,0.023
1581251564.3691516,000000000201,e78f135624ce,-81,11.681743109,8.65835837,1.771048741,-0.800662808,0.000234519,-0.030789047,-0.035554529,-0.059185777,0.944813029,6.1926e-05,0.848084298,0.057482222
1581251564.3726492,000000000201,e78f135624ce,-75,11.681472327,8.658318881,1.771122078,-0.799692506,0.00024016,-0.032323479,-0.037083319,-0.059118082,0.943605792,3.9361e-05,0.848326873,0.057397602
1581251564.8311605,000000000201,e78f135624ce,-72,11.645974668,8.653142139,1.780736028,-0.672492559,0.000979694,-0.233476883,-0.237497189,-0.050243667,0.785345393,-0.002918778,0.88012686,0.046304584
1581251566.1942964,000000000201,e78f135624ce,-78,11.754154563,8.590790808,1.812436375,0.014054628,0.007,-0.97246369,0.885291134,0.009436375,0.070690874,0.010718188,-0.864036636,-0.004
1581251566.6481583,000000000201,e78f135624ce,-78,11.762554522,8.558777261,1.812,0.036,0.007,-0.990777261,0.963274936,0.010388631,0.054056847,0.011,-0.957052197,-0.005
1581251567.1011813,000000000201,e78f135624ce,-81,11.773106161,8.556159241,1.813318483,0.03894692,0.007106161,-0.99605308,0.988159241,0.01105308,0.044840759,0.012,-0.986212322,-0.00705308
1581251567.5591588,000000000201,e78f135624ce,-77,11.775371069,8.554572329,1.823314466,0.039371069,0.010314466,-0.998,0.995685534,0.011,0.040685534,0.012,-0.995685534,-0.009314466
1581251568.0141532,000000000201,e78f135624ce,-75,11.770479842,8.547013439,1.813773518,0.034493281,0.005506719,-0.999,0.998,0.012760079,0.035493281,0.012760079,-0.99825336,-0.005506719
1581251569.3741777,000000000201,e78f135624ce,-72,11.525185966,8.539314272,1.803842864,0.049371456,-0.004,-0.999,0.999,0.009842864,0.049371456,0.009842864,-1.0,0.004
1581251569.8331816,000000000201,e78f135624ce,-75,11.376541743,8.538685613,1.801828597,0.040342807,-0.005,-0.999,0.999,0.010828597,0.040342807,0.01,-1.0,0.006
1581251570.2831962,000000000201,e78f135624ce,-75,11.201221539,8.555824103,1.805,0.032587949,-0.003,-0.999,0.999,0.01,0.032587949,0.01,-1.0,0.003
1581251570.7431834,000000000201,e78f135624ce,-77,11.015069467,8.571235832,1.806157221,0.017764168,-0.001,-1.0,1.0,0.008,0.017764168,0.008,-1.0,0.001
1581251572.1022155,000000000201,e78f135624ce,-84,10.413716083,8.627757043,1.820974426,-0.019923277,0.010974426,-0.999,0.071038155,0.003063936,0.024936064,0.004063936,-0.070050942,0.006948851
1581251573.0041842,000000000201,e78f135624ce,-85,9.90922865,8.612978292,1.829170285,-0.003489146,0.014170285,-0.999,-0.141137007,0.005829715,-0.020170285,0.005659431,0.141137007,0.008340569
1581251573.459198,000000000201,e78f135624ce,-78,9.629598078,8.616133173,1.829244551,-0.016622276,0.014811138,-0.999,-0.441549597,0.001,-0.012077484,0.000811138,0.441549597,0.012622276
1581251573.9152172,000000000201,e78f135624ce,-76,9.379793618,8.602054352,1.835527176,-0.026,0.016,-0.999,-0.823005319,-0.002472824,0.016945648,-0.002472824,0.823005319,0.015472824
1581251574.367179,000000000201,e78f135624ce,-81,9.146956988,8.583424475,1.833191842,-0.012520396,0.014808158,-1.0,-0.943534733,-0.006,0.009520396,-0.005095921,0.943534733,0.014808158
1581251574.8251793,000000000201,e78f135624ce,-75,8.91784374,8.562259733,1.839480533,0.003740267,0.011259733,-1.0,-0.982181866,-0.004,-0.004740267,-0.004,0.982181866,0.011259733
1581251575.2771897,000000000201,e78f135624ce,-81,8.693240196,8.550440045,1.838,0.003,0.014303997,-1.0,-0.994303997,-0.004696003,-0.003,-0.004696003,0.993607994,0.014303997
1581251576.1811981,000000000201,e78f135624ce,-86,8.219595167,8.519659602,1.84,-0.032212802,0.015,-0.999,-0.999,-0.005,0.032212802,-0.005,0.999,0.015
1581251576.634221,000000000201,e78f135624ce,-86,7.987199769,8.522088252,1.829870602,-0.03821765,0.016347049,-0.999,-0.999,-0.009,0.03821765,-0.00878235,1.0,0.016564699
1581251577.0922098,000000000201,e78f135624ce,-76,7.75571429,8.517265625,1.837580357,-0.035790178,0.011209822,-0.999,-0.999,-0.007104911,0.035790178,-0.007104911,1.0,0.012209822
1581251577.544297,000000000201,e78f135624ce,-79,7.531131358,8.50916193,1.83983807,-0.028702412,0.011080965,-0.999459518,-0.999459518,-0.006459518,0.028702412,-0.005919035,1.0,0.011080965
1581251578.005219,000000000201,e78f135624ce,-74,7.302978828,8.511808852,1.841904426,-0.014426555,0.009904426,-1.0,-1.0,-0.011191148,0.014426555,-0.011095574,1.0,0.009904426
1581251578.4568722,000000000201,e78f135624ce,-75,7.083155243,8.492255135,1.834971459,0.003297946,0.011865297,-1.0,-1.0,-0.010716324,-0.003297946,-0.010716324,1.0,0.011865297
1581251579.364245,000000000201,e78f135624ce,-80,6.638862935,8.474152294,1.788,0.001965734,0.020980963,-0.999996193,-0.999173803,-0.019988578,-0.002988578,-0.019984771,0.998177611,0.020988578
1581251579.816266,000000000201,e78f135624ce,-77,6.539935496,8.550812901,1.818251603,-0.001187099,0.0166043,-1.0,0.072685784,0.000625802,0.001812901,0.000625802,-0.072685784,0.000374198
1581251580.2672129,000000000201,e78f135624ce,-74,6.434855172,8.557865699,1.837849244,0.002435814,0.015804477,-1.0,0.680502964,0.010608953,0.004217907,0.010608953,-0.680502964,-0.009217907
1581251580.7222185,000000000201,e78f135624ce,-78,6.26347194,8.615159392,1.845509353,0.006178099,0.017503118,-0.999165627,0.860049884,0.015668745,0.008178099,0.015668745,-0.860049884,-0.01433749
1581251581.1792276,000000000201,e78f135624ce,-82,6.13134204,8.641569796,1.858518367,0.01048898,0.019,-0.999503673,0.955547755,0.017007347,0.01148898,0.017007347,-0.955547755,-0.017503673
1581251581.6362712,000000000201,e78f135624ce,-74,6.046708435,8.655212682,1.869307039,0.01982676,0.019653519,-0.999,0.985692961,0.01882676,0.02082676,0.01882676,-0.985692961,-0.01882676
1581251582.5412328,000000000201,e78f135624ce,-67,5.977043102,8.661165518,1.859582759,0.023812931,0.01679138,-0.999,0.998,0.015,0.023812931,0.01560431,-0.99839569,-0.01679138
1581251582.996206,000000000201,e78f135624ce,-72,5.960365546,8.645450258,1.852061399,0.026570208,0.015,-0.998979534,0.994599752,0.014979534,0.027266061,0.014979534,-0.994579286,-0.014959067
1581251583.4462018,000000000201,e78f135624ce,-74,6.023342442,8.672073954,1.835198547,-0.286525702,0.021365756,-0.870750812,0.209263713,-0.009338429,0.310817504,0.006953373,-0.082746037,0.014680872
1581251583.8971968,000000000201,e78f135624ce,-77,6.004597062,8.696514566,1.902771848,-0.722582621,0.016485434,-0.495611503,-0.151082496,0.035228152,0.729810773,0.024228152,0.653728276,-0.026742717
1581251584.8132074,000000000201,e78f135624ce,-77,5.8454327,8.655837914,1.854837914,-0.971864693,0.001459479,-0.04364905,-0.008594786,-0.013081043,0.972324172,0.002459479,0.964945736,0.014081043
1581251585.2652245,000000000201,e78f135624ce,-78,5.809269812,8.644791375,1.841791375,-0.990312938,-0.001,0.000625875,0.012312938,-0.017,0.990312938,-0.000895687,0.988312938,0.017895687
1581251585.7192116,000000000201,e78f135624ce,-76,5.788233517,8.637493407,1.836246703,-0.996753297,-0.001,0.015506593,0.018753297,-0.017246703,0.996753297,-0.000753297,0.996506593,0.018
1581251586.1702242,000000000201,e78f135624ce,-79,5.774789839,8.633596613,1.829403387,-0.999,-0.002,0.019,0.02,-0.019596613,0.999,-0.001,0.998403387,0.020193226
1581251587.079219,000000000201,e78f135624ce,-71,5.76,8.642174744,1.825,-0.999,-0.002,0.031174744,0.031488661,-0.019313917,0.999,-0.001,1.0,0.019313917
1581251587.5313535,000000000201,e78f135624ce,-71,5.76125094,8.690018803,1.82374906,-0.999,-0.00474906,0.03824718,0.03824718,-0.02,0.999,-0.004,1.0,0.02
1581251587.988225,000000000201,e78f135624ce,-80,5.768761152,8.757253253,1.838522305,0.092623147,0.005880576,0.029119424,0.002835966,-0.021,0.999,0.006761152,-0.092623147,-0.002522305
1581251588.4453015,000000000201,e78f135624ce,-68,5.779100792,8.864263865,1.846550396,0.706186841,0.012,0.025348812,-0.014550396,-0.015348812,0.999550396,0.012,-0.707186841,-0.009
1581251589.3562443,000000000201,e78f135624ce,-78,5.782291761,9.156581257,1.848854119,0.970541195,0.016,-0.001,0.002145881,-0.011,1.0,0.016,-0.970541195,-0.01
1581251589.8142614,000000000201,e78f135624ce,-75,5.775495738,9.330700302,1.847495738,0.990512785,0.017,-0.001504262,0.002504262,-0.008495738,1.0,0.017,-0.990512785,-0.008495738
1581251590.2712836,000000000201,e78f135624ce,-75,5.767561661,9.512305649,1.845853887,0.997,0.018,-0.008584452,0.008584452,-0.008853887,1.0,0.018,-0.997146113,-0.008853887
1581251591.6312625,000000000201,e78f135624ce,-73,5.738711055,10.13929397,1.825057789,-0.092319095,0.01,-0.015057789,0.004942211,-0.024942211,0.999,0.01,0.091376884,0.010826633
1581251592.083338,000000000201,e78f135624ce,-79,5.7270103,10.35144694,1.804439763,-0.174399495,0.008673533,-0.017326467,-0.002305867,-0.030295568,0.999,0.007673533,0.173736261,0.015948502
1581251592.535287,000000000201,e78f135624ce,-75,5.723525614,10.55424281,1.802474386,-0.069986668,0.010737193,-0.014211579,0.0,-0.018474386,0.999,0.01,0.069723861,0.01
1581251592.9882312,000000000201,e78f135624ce,-81,5.60183383,10.769956811,1.702117573,-0.149325129,0.007880624,0.026134974,-0.038373726,0.008896222,0.993358128,0.003238752,0.147325129,0.039851231
1581251593.44825,000000000201,e78f135624ce,-72,5.475626916,10.954092316,1.511538459,-0.108973099,0.008853846,0.031415383,-0.066011539,0.00424615,0.988,0.001426923,0.106400022,0.085280769
1581251593.9024656,000000000201,e78f135624ce,-69,5.547638671,11.15459068,1.632220889,-0.019304875,0.008,-0.003558222,-0.031232887,-0.014232887,0.993220889,0.004220889,0.018304875,0.031
1581251594.358298,000000000201,e78f135624ce,-69,5.590608334,11.377501442,1.554857612,-0.046046635,0.014,-0.007613702,-0.018279407,0.00228766,0.985,0.005,0.048175401,0.055991747
1581251594.8143003,000000000201,e78f135624ce,-73,5.657893219,11.600194231,1.698977396,0.394427125,0.018621356,-0.02,-0.000161808,0.000161808,0.984378644,0.009459548,-0.389886673,0.018728138
1581251595.2752411,000000000201,e78f135624ce,-80,5.616508036,11.792536607,1.742477679,0.250046429,0.013686607,-0.0194625,-0.021671429,0.006208929,0.993,0.009791071,-0.247941965,0.010417857
1581251595.729256,000000000201,e78f135624ce,-79,5.496869921,11.981695119,1.704188574,0.385522361,0.014,-0.012492773,-0.046289746,0.01626084,0.994,0.011,-0.383522361,0.025275293
1581251596.6412847,000000000201,e78f135624ce,-67,5.614248512,12.4312624,1.765872768,0.5574752,0.015874752,-0.04412128,0.015246528,0.002375744,0.993250496,0.013,-0.5564752,0.004876736
1581251597.0952284,000000000201,e78f135624ce,-68,5.635184991,12.620998504,1.762703565,0.171670156,0.007777861,-0.018037148,-0.005222139,0.001777861,0.997,0.006777861,-0.171410869,0.014259287
1581251597.546245,000000000201,e78f135624ce,-72,5.640726553,12.807065888,1.74029541,0.072367234,0.00470459,0.00070459,-0.016522952,0.013409181,0.99729541,0.00270459,-0.072367234,0.02670459
1581251597.9993863,000000000201,e78f135624ce,-70,5.650679701,12.97369646,1.752563625,0.207220981,0.006779019,0.017552452,-0.018994414,0.002773433,0.998,0.005779019,-0.207331471,0.016662942
1581251598.456253,000000000201,e78f135624ce,-66,5.63394289,13.144866339,1.844596596,0.191673147,0.007557716,0.032865129,-0.029307413,-0.034346294,0.993115431,0.012,-0.193557716,-0.018346294
1581251598.909569,000000000201,e78f135624ce,-65,5.67297912,13.266163808,1.818623664,0.114766592,0.006,0.018609744,-0.018808352,-0.015212528,0.997198608,0.006801392,-0.115766592,0.003588864
1581251599.366247,000000000201,e78f135624ce,-75,5.59289981,13.351499392,1.849998784,0.286723214,0.007,0.063477165,-0.064768883,-0.032645251,0.987750304,0.012978989,-0.296118768,-0.016061816
1581251600.2772462,000000000201,e78f135624ce,-67,5.720586767,13.421787277,1.789562341,0.354567443,0.009,-0.001012213,-0.003100255,0.002325191,0.998,0.009887532,-0.355567443,0.016662596
1581251600.7353826,000000000201,e78f135624ce,-65,5.754127154,13.439345366,1.800908943,-0.426230547,-0.000345366,-0.009781789,-0.003563577,-0.011563577,0.999,0.000436423,0.426012335,0.019
1581251601.1912472,000000000201,e78f135624ce,-78,5.768769145,13.454884572,1.803230855,-0.796384015,-0.007557714,-0.13945948,-0.13745948,-0.034980576,0.977058271,-0.015653717,0.817325744,0.034653717
1581251601.646263,000000000201,e78f135624ce,-66,5.788155038,13.445133722,1.794614987,-0.650952203,-0.005807494,-0.579914076,-0.577817823,-0.056577519,0.706508405,-0.042770025,0.941443797,0.035711241
1581251602.098264,000000000201,e78f135624ce,-69,5.820182867,13.285859965,1.816677097,-0.244883044,-0.003704283,-0.851509876,-0.693462938,-0.035070018,0.283544495,-0.029478584,0.811995893,0.015661451
1581251603.002441,000000000201,e78f135624ce,-71,5.840130914,13.363652027,1.838999153,-0.044086993,-0.001565033,-0.98347804,-0.479819235,-0.014826013,0.063695947,-0.013826013,0.493167208,0.001434967
1581251603.4532585,000000000201,e78f135624ce,-71,5.846930639,13.338881488,1.839020211,-0.011534681,0.005861277,-0.993069361,-0.330078091,-0.010465319,0.051791916,-0.01,0.33354341,0.005791916
1581251603.9113064,000000000201,e78f135624ce,-68,5.851271834,13.36124436,1.851184499,-0.008728166,0.00290775,-0.997,-0.166119723,-0.008,0.040635917,-0.008,0.16690775,0.003059861
1581251604.371306,000000000201,e78f135624ce,-69,5.854037003,13.390688899,1.855548196,-0.019066698,0.003414801,-0.998,-0.300178635,-0.010688899,0.0431037,-0.010688899,0.301178635,0.000207401
1581251604.8262663,000000000201,e78f135624ce,-72,5.859819365,13.452503254,1.917270952,-0.040341945,-0.008658055,-0.997522579,-0.524503254,-0.009522579,0.054387103,-0.010045159,0.525980675,-0.011658055
1581251605.2802584,000000000201,e78f135624ce,-69,5.853526665,13.444230831,1.905704166,-0.034763332,-0.000940833,-0.997,-0.496656673,-0.009118334,0.056585832,-0.010059167,0.497656673,-0.003940833
1581251605.7318802,000000000201,e78f135624ce,-72,5.834196281,13.445598141,1.898794422,-0.025598141,-0.005401859,-0.998,-0.438850202,-0.011,0.044607437,-0.011,0.439149272,-0.001897211
1581251606.1832085,000000000201,e78f135624ce,-77,5.803760703,13.447413099,1.892353275,-0.003233626,-0.002233626,-0.999,0.260720448,0.000766374,0.031233626,0.000766374,-0.260720448,-0.00370655
1581251606.6423445,000000000201,e78f135624ce,-76,5.726544427,13.417,1.869447496,0.014815832,0.000938611,-0.998,0.439009693,0.003877221,0.049061389,0.003877221,-0.439948304,-0.000877221
1581251607.1017098,000000000201,e78f135624ce,-71,5.582107334,13.394747645,1.864291274,0.013747645,0.005291274,-0.998,0.223069646,0.002291274,0.054582548,0.002291274,-0.223360921,-0.005
1581251607.5552874,000000000201,e78f135624ce,-65,5.419804744,13.373139891,1.867713297,0.013279782,0.008713297,-0.998,0.142329705,0.001,0.053426594,0.001713297,-0.143043002,-0.007713297
1581251608.0133169,000000000201,e78f135624ce,-72,5.22525353,13.360481532,1.863160511,-0.019036937,0.006080255,-0.999,-0.392584602,-0.005759234,0.051,-0.004759234,0.393504347,-0.002160511
1581251608.4642987,000000000201,e78f135624ce,-72,5.024609786,13.34582927,1.854914635,-0.04717073,0.006,-0.998,-0.803103626,-0.013085365,0.057,-0.012542682,0.804646308,0.003542682
1581251608.9243162,000000000201,e78f135624ce,-73,4.821303276,13.333824377,1.851,-0.044059502,0.004764875,-0.999,-0.937997117,-0.015764875,0.047824377,-0.015764875,0.938997117,0.004
1581251609.3752904,000000000201,e78f135624ce,-73,4.627152979,13.323461489,1.85,-0.024922979,0.004,-0.99984617,-0.979923191,-0.015,0.026076809,-0.015,0.980077021,0.004
1581251609.8343136,000000000201,e78f135624ce,-61,4.426241673,13.316485909,1.847495303,-0.001981213,0.005504697,-1.0,-0.993504697,-0.013990606,0.002476516,-0.014,0.994009394,0.005504697
1581251610.2876933,000000000201,e78f135624ce,-74,4.22684175,13.312883807,1.847,0.003883807,0.004883807,-1.0,-0.998,-0.012116193,-0.003883807,-0.012116193,0.998,0.004883807
1581251610.742387,000000000201,e78f135624ce,-72,4.026268954,13.316,1.844482507,-0.008034985,0.005758746,-1.0,-0.999,-0.013758746,0.008034985,-0.013758746,0.999,0.005758746
1581251611.2012742,000000000201,e78f135624ce,-72,3.826432832,13.326424935,1.814460052,-0.021884987,0.019115013,-0.999,-0.951210703,-0.021,0.021769974,-0.02,0.951210703,0.02132748
1581251611.6562848,000000000201,e78f135624ce,-63,3.638178905,13.350674953,1.810192844,-0.015710734,0.015903578,-0.999096422,-0.583980028,-0.016614312,0.021614312,-0.015614312,0.583980028,0.013710734
1581251612.112562,000000000201,e78f135624ce,-66,3.444034618,13.362,1.8082599,-0.007039601,0.015,-1.0,-0.405933124,-0.013,0.008779701,-0.013,0.405933124,0.012
1581251612.5653634,000000000201,e78f135624ce,-62,3.232152975,13.355572553,1.807572553,0.003774225,0.015387113,-1.0,-0.437911954,-0.014733891,-0.009427447,-0.014733891,0.437911954,0.011387113
1581251613.013957,000000000201,e78f135624ce,-65,3.024917214,13.345924669,1.804698676,0.010225993,0.019,-0.999924669,-0.459928786,-0.013451986,-0.012376655,-0.013451986,0.459928786,0.011301324
1581251613.4643042,000000000201,e78f135624ce,-61,2.796893801,13.317457275,1.783884521,0.006743653,0.024743653,-0.999542725,-0.814478025,-0.019914551,-0.007743653,-0.020914551,0.814478025,0.021286377
1581251613.9142969,000000000201,e78f135624ce,-78,2.578203719,13.310003008,1.794683894,-0.005896636,0.018,-0.999841947,-0.940686902,-0.014474159,0.005738583,-0.014474159,0.940686902,0.018
1581251614.8213015,000000000201,e78f135624ce,-69,2.211979424,13.325096521,1.778317247,-0.010389637,0.021658623,-0.999,-0.993682753,-0.02,0.009731014,-0.019,0.993682753,0.021658623
1581251615.278399,000000000201,e78f135624ce,-65,2.044796428,13.343885334,1.789847112,-0.023923556,0.012076444,-0.999,-0.997,-0.019961778,0.023923556,-0.019961778,0.997961778,0.012114666
1581251615.7343059,000000000201,e78f135624ce,-69,1.901833248,13.385940482,1.78841269,-0.046293655,0.010293655,-0.998353173,-0.998,-0.021,0.046293655,-0.021,0.999,0.011293655
1581251616.186297,000000000201,e78f135624ce,-74,1.745324193,13.412519534,1.776127348,-0.056607814,0.01208828,-0.998,-0.998,-0.022392186,0.056303907,-0.021696093,0.999,0.01308828
1581251616.6473215,000000000201,e78f135624ce,-63,1.54267344,13.382306129,1.773974489,-0.051153065,0.015025511,-0.998,-0.998,-0.021,0.050178575,-0.020025511,0.999,0.016025511
1581251617.0973024,000000000201,e78f135624ce,-60,1.34764603,13.393800255,1.778378004,-0.058689002,0.014310998,-0.997422251,-0.998,-0.023577749,0.058266752,-0.023,0.999,0.015310998
1581251618.007308,000000000201,e78f135624ce,-66,0.972746209,13.457914995,1.8044068,-0.058186399,0.004,-0.998,-0.998,-0.0225932,0.058186399,-0.0225932,0.999,0.005
1581251618.46133,000000000201,e78f135624ce,-60,0.787954326,13.456073066,1.781885845,-0.044100458,0.007671232,-0.998,-0.998,-0.023671232,0.044100458,-0.024114155,0.999,0.008671232
1581251618.9164274,000000000201,e78f135624ce,-56,0.620904218,13.49,1.825076178,-0.051,-0.008829777,-0.996902481,-0.997,-0.020195037,0.051,-0.021097519,0.998902481,-0.007829777
1581251619.372408,000000000201,e78f135624ce,-63,0.513007228,13.577388162,1.767082243,-0.065,-0.001955265,-0.996,-0.997,-0.019,0.065,-0.019738816,0.999,-0.000216449
1581251619.8252995,000000000201,e78f135624ce,-64,0.458307509,13.647387371,1.854038737,-0.076769966,-0.021307509,-0.996,-0.996653754,-0.016346246,0.076769966,-0.018,0.999,-0.019961263
