1581251522.977807,000000000301,e78f135624ce,-85,17.755367141,4.614164294,1.786898577,-0.008898577,-0.005,-1.002,0.997367141,0.021632859,-0.008898577,0.021632859,-1.002,0.000367141
1581251523.4307852,000000000301,e78f135624ce,-81,17.786703503,4.545798261,1.79490877,0.009840348,0.001931578,-1.000022807,0.999,0.02,0.009840348,0.02,-1.000022807,-0.002931578
1581251524.790712,000000000301,e78f135624ce,-82,17.885170313,4.24613348,1.82735558,0.040881473,0.009237053,-0.999,0.999,0.015,0.041762947,0.016,-1.0,-0.009237053
1581251525.2488053,000000000301,e78f135624ce,-79,17.903003011,4.201494481,1.824997993,0.043500502,0.007499498,-0.999,0.999,0.015500502,0.043500502,0.016,-1.0,-0.006499498
1581251525.7067726,000000000301,e78f135624ce,-80,17.908118386,4.178408071,1.830236772,0.043,0.009,-0.999,0.999,0.015,0.043,0.015881614,-1.0,-0.009
1581251526.1678612,000000000301,e78f135624ce,-84,17.909,4.166184921,1.836815079,0.042184921,0.010815079,-0.999,0.999,0.015,0.042184921,0.015,-1.0,-0.01
1581251527.0727532,000000000301,e78f135624ce,-77,17.917864263,4.170321316,1.842135737,0.036135737,0.01,-0.999,0.999,0.014135737,0.036135737,0.014135737,-1.0,-0.01
1581251527.5277903,000000000301,e78f135624ce,-77,17.908707993,4.163707993,1.842235998,0.035,0.009,-0.999,0.999,0.013764002,0.035,0.014,-1.0,-0.008235998
1581251527.983761,000000000301,e78f135624ce,-70,17.87333178,4.168667398,1.840333425,0.048333425,0.009,-0.999,0.999,0.014666575,0.048333425,0.014666575,-1.0,-0.008
1581251528.4447436,000000000301,e78f135624ce,-85,17.823900651,4.172215256,1.824776464,0.06990893,0.003900651,-0.997,0.997008279,0.016,0.06990893,0.016,-0.999991721,-0.00190893
1581251529.355739,000000000301,e78f135624ce,-78,17.596403285,4.187968978,1.827322993,0.028708029,0.006,-0.999,0.999,0.013,0.028708029,0.013,-1.0,-0.006
1581251529.8087454,000000000301,e78f135624ce,-74,17.445793333,4.186166822,1.833958295,0.024958295,0.007,-1.0,0.999041705,0.013958295,0.024958295,0.013958295,-1.0,-0.007
1581251529.8117251,000000000301,e78f135624ce,-85,17.444725586,4.186067496,1.833983126,0.024983126,0.007,-1.0,0.999016874,0.013983126,0.024983126,0.013983126,-1.0,-0.007
1581251530.2687998,000000000301,e78f135624ce,-77,17.272478459,4.171,1.834625414,0.026749171,0.006625414,-1.0,0.999625414,0.013374586,0.027123757,0.013749171,-1.0,-0.006625414
1581251530.7227013,000000000301,e78f135624ce,-75,17.089937002,4.16724126,1.83624126,0.02027622,0.01,-1.0,1.0,0.01351748,0.02103496,0.01351748,-1.0,-0.00924126
1581251531.1716955,000000000301,e78f135624ce,-75,16.894500466,4.158017907,1.837339302,0.018830349,0.012169651,-1.0,1.0,0.013830349,0.019660698,0.013830349,-1.0,-0.012
1581251531.6247017,000000000301,e78f135624ce,-74,16.692743902,4.151124564,1.837,0.020875436,0.010531141,-1.0,1.0,0.013,0.020875436,0.013,-1.0,-0.010531141
1581251532.0806887,000000000301,e78f135624ce,-81,16.485573044,4.134609108,1.837130297,0.034390892,0.008130297,-0.999,0.999,0.013130297,0.034390892,0.013130297,-1.0,-0.008
1581251532.531717,000000000301,e78f135624ce,-77,16.281215674,4.121800825,1.838,0.050665292,0.009,-0.998266942,0.998266942,0.016733058,0.050932233,0.017733058,-1.0,-0.008
1581251532.99272,000000000301,e78f135624ce,-69,16.076779757,4.124224245,1.835,0.055367674,0.006,-0.998,0.998,0.018,0.055367674,0.018591918,-1.0,-0.005
1581251533.4447756,000000000301,e78f135624ce,-73,15.887564188,4.138051272,1.835008545,0.031931637,0.007017091,-0.999,0.999,0.018,0.031931637,0.018,-1.0,-0.006017091
1581251534.3587184,000000000301,e78f135624ce,-81,15.484939881,4.12071519,1.827321202,0.023606012,0.011,-0.999,0.757126571,0.016321202,0.035642405,0.017,-0.757805369,-0.003642405
1581251534.812688,000000000301,e78f135624ce,-79,15.300473036,4.105096538,1.819096538,0.018135153,0.016932423,-0.999,0.388942743,0.014019308,0.033038615,0.014028961,-0.389942743,0.005884154
1581251535.2677343,000000000301,e78f135624ce,-81,15.11033459,4.095836651,1.803091627,-0.013235072,0.023163349,-0.999,-0.364079964,0.010418325,0.038581675,0.011418325,0.363661638,0.018326699
1581251535.7257135,000000000301,e78f135624ce,-80,14.927016646,4.090001665,1.787801998,-0.021198002,0.027599001,-0.998,-0.538356055,0.008800333,0.045600666,0.010800333,0.538356055,0.023798668
1581251536.1820097,000000000301,e78f135624ce,-71,14.743385591,4.076310577,1.770087021,-0.017155289,0.031689423,-0.998,-0.579912979,0.010844711,0.047378845,0.012689423,0.578912979,0.028689423
1581251537.5500002,000000000301,e78f135624ce,-74,14.13437492,4.117500005,1.742499995,-0.059875001,0.032875001,-0.998,-0.984375007,0.005,0.060875001,0.007,0.985375007,0.031875001
1581251538.0076852,000000000301,e78f135624ce,-83,13.92458299,4.13639351,1.738898918,-0.061449459,0.032101082,-0.997,-0.993449459,0.003101082,0.061898918,0.005101082,0.994898918,0.031550541
1581251538.4667778,000000000301,e78f135624ce,-81,13.705920416,4.148674308,1.752240052,-0.050565744,0.024434256,-0.998,-0.997108564,0.001,0.050674308,0.002,0.998,0.024434256
1581251538.9206214,000000000301,e78f135624ce,-73,13.513957958,4.123587052,1.742725819,-0.027312871,0.028019345,-0.998745164,-0.837789788,0.002235491,0.034019345,0.003490328,0.838044625,0.027274181
1581251539.3816357,000000000301,e78f135624ce,-83,13.3402985,4.090422881,1.761562191,-0.00421144,0.027,-0.999,-0.282099475,0.008890548,0.032328357,0.009445274,0.282099475,0.016218905
1581251539.8396559,000000000301,e78f135624ce,-81,13.195004721,4.081611763,1.796244705,0.003755295,0.020122353,-0.999,0.201877647,0.012,0.014755295,0.012,-0.202,0.002122353
1581251540.294666,000000000301,e78f135624ce,-75,12.985238564,4.070938933,1.786515267,0.004,0.022,-0.999,-0.30255911,0.0087271,0.000484733,0.0087271,0.30255911,0.0142729
1581251540.7466536,000000000301,e78f135624ce,-77,12.748475681,4.039424711,1.740927413,0.010072587,0.035642471,-0.998357529,-0.774954434,0.003642471,-0.009072587,0.003,0.774311963,0.033642471
1581251541.6516292,000000000301,e78f135624ce,-83,12.391442772,4.057391632,1.768797211,0.00759907,0.00580186,-1.0,0.526657736,0.01319814,0.00219814,0.01319814,-0.526657736,0.00780186
1581251542.1106856,000000000301,e78f135624ce,-81,12.219794025,4.078988837,1.772988837,0.01528412,0.001568239,-1.0,0.851501258,0.01471588,0.013568239,0.01471588,-0.852217139,0.003147641
1581251542.5616167,000000000301,e78f135624ce,-84,12.070640011,4.100281106,1.793988886,0.015505557,0.006696666,-1.0,0.952281106,0.013,0.014606669,0.013,-0.952382217,-0.004696666
1581251543.013613,000000000301,e78f135624ce,-84,11.962528561,4.102,1.791997715,0.016501142,0.003,-1.0,0.984494288,0.014,0.016501142,0.014,-0.984494288,-0.002
1581251543.4716196,000000000301,e78f135624ce,-80,11.895361963,4.102702175,1.79440435,0.014148912,0.001851088,-1.0,0.995148912,0.015148912,0.014148912,0.015,-0.995148912,-0.001851088
1581251543.923629,000000000301,e78f135624ce,-82,11.861317005,4.101841498,1.788841498,0.0132317,0.000536599,-1.0,0.998,0.014463401,0.0132317,0.014463401,-0.998,-0.000536599
1581251544.3766448,000000000301,e78f135624ce,-84,11.8341109,4.102,1.79513346,0.013,0.00237782,-1.0,0.999,0.014,0.013,0.01462218,-0.999,-0.00237782
1581251545.7386305,000000000301,e78f135624ce,-77,11.803,4.110809486,1.802130929,0.011773814,0.004452372,-1.0,1.0,0.013226186,0.011773814,0.013226186,-1.0,-0.004452372
1581251546.1966166,000000000301,e78f135624ce,-82,11.82876639,4.19976639,1.826218119,-0.097589994,0.009758045,-0.91199463,0.819035155,0.025693684,0.087279506,0.01551609,-0.73427174,-0.014314661
1581251546.6556215,000000000301,e78f135624ce,-72,11.861814741,4.232814741,1.873954626,-0.260383725,0.007310019,-0.742468828,0.675213627,0.042829866,0.24946123,0.010620038,-0.423372435,-0.032674856
1581251547.5676095,000000000301,e78f135624ce,-77,11.755004805,4.401274307,1.852832532,-0.25611645,0.005,-0.040507208,0.092618853,-0.001111645,0.916325325,0.005111645,0.181609242,0.001055823
1581251548.0235884,000000000301,e78f135624ce,-81,11.684533677,4.423495959,1.848501347,-0.183156498,0.004005388,-0.003,0.027010777,-0.002997306,0.972487876,0.004005388,0.158145722,0.002498653
1581251548.4755964,000000000301,e78f135624ce,-82,11.679914088,4.453197439,1.832703842,-0.367360193,0.003,0.024703842,0.027308965,-0.009098719,0.990296158,0.003901281,0.359656351,0.008098719
1581251548.9315803,000000000301,e78f135624ce,-73,11.663722059,4.46524746,1.82425762,-0.234376609,0.00375254,0.02474238,0.015979679,-0.01149492,0.99675254,0.00475254,0.232376609,0.00874238
1581251549.3877249,000000000301,e78f135624ce,-73,11.641924045,4.467584809,1.831245573,-0.135650526,0.004415191,0.019169618,0.007754427,-0.006169618,0.999,0.004415191,0.134650526,0.004169618
1581251549.8385744,000000000301,e78f135624ce,-72,11.624925779,4.466,1.835962889,-0.070253806,0.005037111,0.012925779,0.001925779,-0.005,1.0,0.005037111,0.070253806,0.003
1581251551.1935654,000000000301,e78f135624ce,-74,11.63791313,4.570049923,1.837465802,-0.007334506,0.005,0.054378931,-0.000689466,-0.006844733,0.998,0.005,0.007334506,0.004689466
1581251551.6485713,000000000301,e78f135624ce,-78,11.647509628,4.656966988,1.832493123,-0.009090782,0.001498625,0.049509628,0.003506877,-0.009504126,0.998498625,0.002,0.009090782,0.005504126
1581251552.1025493,000000000301,e78f135624ce,-74,11.64142156,4.771061347,1.83171078,-0.024889576,0.00472305,0.04614461,0.002987731,-0.00785539,0.999,0.00557844,0.024889576,0.00514461
1581251552.5545738,000000000301,e78f135624ce,-75,11.591266608,4.896651018,1.782862711,0.020345437,0.009027458,0.066027458,-0.011623561,-0.004243136,0.996243136,0.009027458,-0.021102302,0.020027458
1581251553.0115378,000000000301,e78f135624ce,-77,11.541407076,4.990336314,1.77825661,0.439929142,0.016,0.071805307,-0.045008845,0.00238054,0.995398231,0.015601769,-0.442530911,0.01238054
1581251553.4676397,000000000301,e78f135624ce,-77,11.494,5.130555826,1.754064826,0.359573826,0.016902761,0.075032413,-0.047837935,-0.002064826,0.995,0.016902761,-0.361573826,0.018967587
1581251554.3745058,000000000301,e78f135624ce,-74,11.459733368,5.440935603,1.752315593,0.444331029,0.015417775,0.054797765,-0.051342204,-0.008291112,0.996291112,0.016417775,-0.446748804,0.010088877
1581251554.8265426,000000000301,e78f135624ce,-75,11.453099867,5.604444649,1.763524175,0.435134212,0.016803435,0.047458653,-0.046655218,-0.004589696,0.996934478,0.016803435,-0.437199734,0.010868956
1581251555.2855325,000000000301,e78f135624ce,-82,11.472561658,5.778027993,1.803191708,0.38763111,0.012561658,0.050438342,-0.043808292,-0.003438342,0.997,0.013,-0.38863111,0.001684975
1581251555.74266,000000000301,e78f135624ce,-77,11.472750538,5.964048254,1.790312365,0.575457127,0.018859543,0.078656183,-0.063515726,0.003171909,0.995171909,0.018687635,-0.578457127,0.008
1581251556.1975658,000000000301,e78f135624ce,-74,11.556820478,6.125087372,1.727675768,0.775595905,0.025187031,0.058561092,-0.049309215,0.019625939,0.996812969,0.024187031,-0.777408874,0.027503754
1581251557.1024787,000000000301,e78f135624ce,-77,11.617936436,6.497357711,1.780133777,0.720468622,0.021,0.03059867,-0.027331117,0.001732447,0.998133777,0.021,-0.721468622,0.003267553
1581251557.5565283,000000000301,e78f135624ce,-76,11.63951518,6.708399267,1.78324747,0.223388217,0.01374241,0.03275253,-0.00673229,-0.002,0.999,0.01374241,-0.223388217,0.01225759
1581251558.0065086,000000000301,e78f135624ce,-77,11.644818963,6.906649377,1.7921839,0.181244024,0.012818963,0.04,-0.006456888,-0.005272988,0.999,0.01309195,-0.181244024,0.009635062
1581251558.468862,000000000301,e78f135624ce,-74,11.648188002,7.110819176,1.8080376,0.180736797,0.0129624,0.0399624,-0.007849598,-0.0090376,0.999,0.0129624,-0.180736797,0.0059624
1581251558.9204986,000000000301,e78f135624ce,-77,11.649409627,7.320422404,1.814180747,-0.252279989,0.00722888,0.02722888,0.003951867,-0.01177112,0.999,0.00722888,0.252279989,0.011180747
1581251559.3785167,000000000301,e78f135624ce,-76,11.649,7.538778707,1.819267436,-0.765185629,-0.001267436,0.027267436,0.019802307,-0.019534871,0.999,-0.000534871,0.765453065,0.019534871
1581251559.8314815,000000000301,e78f135624ce,-75,11.648102238,7.746274674,1.820897762,-0.925239575,-0.003897762,0.031897762,0.029795524,-0.022,0.999,-0.003,0.925341813,0.022
1581251560.288483,000000000301,e78f135624ce,-69,11.64853944,7.949129783,1.823078881,-0.975315523,-0.00653944,0.037618321,0.036618321,-0.02,0.999,-0.00553944,0.975776083,0.02
1581251560.7425246,000000000301,e78f135624ce,-75,11.653,8.138292083,1.822530637,-0.991312909,-0.005687091,0.045625818,0.044782272,-0.020312909,0.998843546,-0.004530637,0.992312909,0.021156454
1581251561.1936033,000000000301,e78f135624ce,-82,11.657,8.312564566,1.819231899,-0.995768101,-0.005768101,0.053768101,0.053768101,-0.022768101,0.998,-0.004768101,0.997,0.022768101
1581251561.6528678,000000000301,e78f135624ce,-74,11.657,8.453097308,1.815454752,-0.997454752,-0.004454752,0.057,0.057,-0.024545248,0.998,-0.003454752,0.999,0.024545248
1581251562.1038604,000000000301,e78f135624ce,-73,11.66,8.541399897,1.815155544,-0.998,-0.006,0.056922228,0.056922228,-0.022922228,0.998,-0.004077772,0.999077772,0.022922228
1581251562.55345,000000000301,e78f135624ce,-74,11.658664167,8.592977505,1.816,-0.998,-0.006664167,0.053,0.053,-0.023,0.998,-0.005,1.0,0.023
1581251563.0064468,000000000301,e78f135624ce,-75,11.659,8.624634838,1.817455054,-0.999,-0.005,0.052727527,0.052727527,-0.021272473,0.998,-0.004,1.0,0.022272473
1581251563.4614408,000000000301,e78f135624ce,-71,11.658094687,8.643526565,1.816,-0.999,-0.004,0.051,0.051094687,-0.022,0.998,-0.003,1.0,0.022
1581251563.916441,000000000301,e78f135624ce,-70,11.657559161,8.656118322,1.816,-0.999,-0.003559161,0.05,0.05,-0.023,0.998,-0.002559161,1.0,0.023
1581251564.3719907,000000000301,e78f135624ce,-83,11.681523309,8.658326316,1.771108271,-0.79987519,0.000239098,-0.032034583,-0.036795485,-0.059130827,0.943833085,4.3609e-05,0.848281202,0.057413534
1581251564.8329718,000000000301,e78f135624ce,-76,11.645834441,8.653121689,1.780774006,-0.671990079,0.000982616,-0.234271503,-0.238288888,-0.05020861,0.784720214,-0.002930463,0.88025248,0.046260763
1581251565.7404275,000000000301,e78f135624ce,-70,11.741303518,8.614696482,1.813817889,-0.047543114,0.009878593,-0.916335479,0.641948952,0.003121407,0.13048241,0.008060704,-0.572163024,-6.0704e-05
1581251566.1944244,000000000301,e78f135624ce,-71,11.754157307,8.590775262,1.812438205,0.014067432,0.007,-0.97247192,0.885325886,0.009438205,0.070685386,0.010719102,-0.864078704,-0.004
1581251566.6484296,000000000301,e78f135624ce,-71,11.762562274,8.558781137,1.812,0.036,0.007,-0.990781137,0.963296254,0.010390569,0.054047157,0.011,-0.957077391,-0.005
1581251566.651438,000000000301,e78f135624ce,-80,11.762648227,8.558824114,1.812,0.036,0.007,-0.990824114,0.963532625,0.010412057,0.053939716,0.011,-0.957356739,-0.005
1581251567.1039045,000000000301,e78f135624ce,-80,11.773145064,8.556217596,1.813435192,0.038927468,0.007145064,-0.996072532,0.988217596,0.011072532,0.044782404,0.012,-0.986290128,-0.007072532
1581251567.5610638,000000000301,e78f135624ce,-76,11.775405704,8.554485739,1.823297148,0.039405704,0.010297148,-0.998,0.995702852,0.011,0.040702852,0.012,-0.995702852,-0.009297148
1581251568.0144227,000000000301,e78f135624ce,-83,11.770466371,8.547022419,1.813789234,0.03448879,0.00551121,-0.999,0.998,0.012766814,0.03548879,0.012766814,-0.998255605,-0.00551121
1581251569.3754213,000000000301,e78f135624ce,-71,11.524832021,8.539333404,1.803833298,0.049333192,-0.004,-0.999,0.999,0.009833298,0.049333192,0.009833298,-1.0,0.004
1581251569.8338366,000000000301,e78f135624ce,-66,11.3763016,8.538663782,1.801834055,0.040331891,-0.005,-0.999,0.999,0.010834055,0.040331891,0.01,-1.0,0.006
1581251570.2834015,000000000301,e78f135624ce,-71,11.201139427,8.555827524,1.805,0.032586238,-0.003,-0.999,0.999,0.01,0.032586238,0.01,-1.0,0.003
1581251570.7449055,000000000301,e78f135624ce,-79,11.014351926,8.571278884,1.806185923,0.017721116,-0.001,-1.0,1.0,0.008,0.017721116,0.008,-1.0,0.001
1581251571.6503973,000000000301,e78f135624ce,-69,10.616470491,8.57928235,1.815,0.006358825,0.002358825,-1.0,1.0,0.011358825,0.006358825,0.011358825,-1.0,-0.002358825
1581251572.1023643,000000000301,e78f135624ce,-72,10.413646655,8.627780599,1.820976905,-0.019930715,0.010976905,-0.999,0.070549683,0.003057737,0.024942263,0.004057737,-0.06956123,0.00695381
1581251572.5544045,000000000301,e78f135624ce,-72,10.180140047,8.628233639,1.818822426,-0.025177574,0.009822426,-0.999,0.452626541,0.006588787,-0.004299084,0.006588787,-0.452626541,0.001233639
1581251573.0054154,000000000301,e78f135624ce,-72,9.908459153,8.612916732,1.829180545,-0.003458366,0.014180545,-0.999,-0.142470802,0.005819455,-0.020180545,0.005638911,0.142470802,0.008361089
1581251573.4608293,000000000301,e78f135624ce,-65,9.628694612,8.616057884,1.829294744,-0.016647372,0.014823686,-0.999,-0.443971388,0.001,-0.011939455,0.000823686,0.443971388,0.012647372
1581251573.9164035,000000000301,e78f135624ce,-66,9.379191307,8.6020361,1.83551805,-0.026,0.016,-0.999,-0.823507244,-0.00248195,0.0169639,-0.00248195,0.823507244,0.01548195
1581251574.3673708,000000000301,e78f135624ce,-78,9.146870621,8.58341625,1.833194583,-0.012513541,0.014805417,-1.0,-0.943556668,-0.006,0.009513541,-0.005097292,0.943556668,0.014805417
1581251574.8253736,000000000301,e78f135624ce,-72,8.917735986,8.562257967,1.839484066,0.003742033,0.011257967,-1.0,-0.982194231,-0.004,-0.004742033,-0.004,0.982194231,0.011257967
1581251575.2783794,000000000301,e78f135624ce,-68,8.692537186,8.550277812,1.838,0.003,0.014314813,-1.0,-0.994314813,-0.004685187,-0.003,-0.004685187,0.993629625,0.014314813
1581251575.73037,000000000301,e78f135624ce,-65,8.460212162,8.525382287,1.844,-0.015330998,0.013904428,-1.0,-0.997904428,-0.003191143,0.015330998,-0.003191143,0.997904428,0.013904428
1581251576.1813164,000000000301,e78f135624ce,-70,8.219541108,8.519662136,1.84,-0.032216181,0.015,-0.999,-0.999,-0.005,0.032216181,-0.005,0.999,0.015
1581251576.6353595,000000000301,e78f135624ce,-71,7.986646809,8.522128911,1.829903129,-0.038225782,0.016322653,-0.999,-0.999,-0.009,0.038225782,-0.008774218,1.0,0.016548436
1581251577.0934856,000000000301,e78f135624ce,-79,7.754972018,8.51734681,1.837626749,-0.035813374,0.011186626,-0.999,-0.999,-0.007093313,0.035813374,-0.007093313,1.0,0.012186626
1581251577.5443485,000000000301,e78f135624ce,-65,7.531100927,8.509160057,1.839839943,-0.028700071,0.011080029,-0.999459986,-0.999459986,-0.006459986,0.028700071,-0.005919971,1.0,0.011080029
1581251578.4573705,000000000301,e78f135624ce,-74,7.082909929,8.49219764,1.834917797,0.003320944,0.011880629,-1.0,-1.0,-0.010720157,-0.003320944,-0.010720157,1.0,0.011880629
1581251579.3653197,000000000301,e78f135624ce,-69,6.638565301,8.474482999,1.788,0.001891325,0.020939625,-0.999987925,-0.997379731,-0.019963775,-0.002963775,-0.0199517,0.996391806,0.020963775
1581251579.8173256,000000000301,e78f135624ce,-73,6.539803054,8.550839389,1.818357557,-0.001160611,0.01661313,-1.0,0.075325787,0.000678778,0.001839389,0.000678778,-0.075325787,0.000321222
1581251580.268354,000000000301,e78f135624ce,-68,6.434313163,8.558150967,1.837744646,0.002359742,0.015794968,-1.0,0.680284259,0.010589936,0.004179871,0.010589936,-0.680284259,-0.009179871
1581251580.72286,000000000301,e78f135624ce,-75,6.263338688,8.615124845,1.845553771,0.006232386,0.017517924,-0.999160692,0.860286777,0.015678616,0.008232386,0.015678616,-0.860286777,-0.014357231
1581251581.1803539,000000000301,e78f135624ce,-75,6.130969499,8.641734407,1.858561686,0.010462988,0.019,-0.999512337,0.955660384,0.017024674,0.011462988,0.017024674,-0.955660384,-0.017512337
1581251581.637321,000000000301,e78f135624ce,-74,6.046555009,8.655269207,1.869274739,0.019818685,0.019637369,-0.999,0.985725261,0.018818685,0.020818685,0.018818685,-0.985725261,-0.018818685
1581251582.542277,000000000301,e78f135624ce,-68,5.976956079,8.661235137,1.859617568,0.023786824,0.016808784,-0.999,0.998,0.015,0.023786824,0.015595608,-0.998404392,-0.016808784
1581251582.996354,000000000301,e78f135624ce,-69,5.960327297,8.645477402,1.8520651,0.026544298,0.015,-0.9989783,0.994334482,0.0149783,0.027282101,0.0149783,-0.994312782,-0.0149566
1581251583.4463358,000000000301,e78f135624ce,-76,6.023352749,8.672082199,1.835234622,-0.286667938,0.021364725,-0.870695155,0.208958625,-0.009306478,0.310950464,0.006976048,-0.08238323,0.014659227
1581251583.8983011,000000000301,e78f135624ce,-75,6.004418666,8.696531556,1.902797333,-0.723262224,0.016468444,-0.494575109,-0.150887111,0.035202667,0.73046489,0.024202667,0.654577779,-0.026734222
1581251584.3543544,000000000301,e78f135624ce,-75,5.908800825,8.675626374,1.876626374,-0.912572801,0.005313187,-0.161932694,-0.052957418,0.001548077,0.914572801,0.008391484,0.890946427,0.001451923
1581251584.8143032,000000000301,e78f135624ce,-70,5.845293238,8.655798068,1.854798068,-0.971954347,0.001449517,-0.043439857,-0.00849517,-0.013100966,0.972403864,0.002449517,0.965055313,0.014100966
1581251585.2653024,000000000301,e78f135624ce,-71,5.809264851,8.644789957,1.841789957,-0.990315064,-0.001,0.000630128,0.012315064,-0.017,0.990315064,-0.000894979,0.988315064,0.017894979
1581251587.0802836,000000000301,e78f135624ce,-81,5.76,8.642261842,1.825,-0.999,-0.002,0.031261842,0.031566082,-0.01930424,0.999,-0.001,1.0,0.01930424
1581251587.5312753,000000000301,e78f135624ce,-74,5.761250229,8.690004584,1.823749771,-0.999,-0.004749771,0.038249312,0.038249312,-0.02,0.999,-0.004,1.0,0.02
1581251587.9893208,000000000301,e78f135624ce,-75,5.76877801,8.757447121,1.838556021,0.094131939,0.005889005,0.029110995,0.002776963,-0.021,0.999,0.00677801,-0.094131939,-0.002556021
1581251587.992267,000000000301,e78f135624ce,-81,5.768823336,8.75796836,1.838646671,0.098188541,0.005911668,0.029088332,0.002618325,-0.021,0.999,0.006823336,-0.098188541,-0.002646671
1581251588.4452913,000000000301,e78f135624ce,-77,5.779100635,8.864261105,1.846550317,0.706179507,0.012,0.025349048,-0.014550317,-0.015349048,0.999550317,0.012,-0.707179507,-0.009
1581251589.357291,000000000301,e78f135624ce,-77,5.782274317,9.156965032,1.848862842,0.970628416,0.016,-0.001,0.002137158,-0.011,1.0,0.016,-0.970628416,-0.01
1581251589.81528,000000000301,e78f135624ce,-75,5.775487251,9.331099224,1.847487251,0.990538248,0.017,-0.001512749,0.002512749,-0.008487251,1.0,0.017,-0.990538248,-0.008487251
1581251590.27229,000000000301,e78f135624ce,-80,5.767536502,9.512724968,1.845845501,0.997,0.018,-0.008617997,0.008617997,-0.008845501,1.0,0.018,-0.997154499,-0.008845501
1581251591.632268,000000000301,e78f135624ce,-77,5.738672386,10.139734804,1.825065523,-0.091692648,0.01,-0.015065523,0.004934477,-0.024934477,0.999,0.01,0.09075817,0.010803431
1581251592.083235,000000000301,e78f135624ce,-77,5.727012875,10.351392008,1.804466371,-0.174166035,0.00867525,-0.01732475,-0.002299001,-0.030286126,0.999,0.00767525,0.17350366,0.015935627
1581251592.9892344,000000000301,e78f135624ce,-81,5.601262741,10.770412139,1.701592789,-0.148399039,0.007888341,0.026320192,-0.03854351,0.009096875,0.993334976,0.003223317,0.146399039,0.039990144
1581251592.9922395,000000000301,e78f135624ce,-80,5.599552188,10.771775958,1.700020929,-0.14562517,0.007911457,0.026874966,-0.039052052,0.00969788,0.993265629,0.003177086,0.14362517,0.040406225
1581251593.4482515,000000000301,e78f135624ce,-75,5.475626332,10.954092932,1.511538239,-0.108974827,0.008853824,0.031415295,-0.066011616,0.004245886,0.988,0.001426912,0.106401739,0.085280736
1581251593.9022186,000000000301,e78f135624ce,-76,5.547598771,11.154482379,1.632218989,-0.019422675,0.008,-0.003562022,-0.031248087,-0.014248087,0.993218989,0.004218989,0.018422675,0.031
1581251594.3582456,000000000301,e78f135624ce,-75,5.590562875,11.377472594,1.554826578,-0.046023031,0.014,-0.007612391,-0.018297328,0.002292031,0.985,0.005,0.048152234,0.056005297
1581251594.8142326,000000000301,e78f135624ce,-71,5.657883985,11.600159145,1.698946618,0.394464058,0.018623203,-0.02,-0.000164271,0.000164271,0.984376797,0.009458932,-0.389922991,0.018739218
1581251595.2761884,000000000301,e78f135624ce,-72,5.616137752,11.792993003,1.742434622,0.248978633,0.013660773,-0.019583058,-0.021809209,0.006226151,0.993,0.009773849,-0.246865558,0.010452302
1581251595.729201,000000000301,e78f135624ce,-74,5.496884021,11.981673968,1.704195232,0.385547037,0.014,-0.012493557,-0.046285438,0.016259665,0.994,0.011,-0.383547037,0.025272551
1581251595.7321875,000000000301,e78f135624ce,-73,5.496116083,11.982825876,1.703832595,0.384203144,0.014,-0.012450893,-0.046520086,0.01632366,0.994,0.011,-0.382203144,0.025421873
1581251596.1892242,000000000301,e78f135624ce,-71,5.486821133,12.200995727,1.757185416,0.359075476,0.011467673,-0.015338365,-0.037920251,0.004760752,0.994596981,0.010467673,-0.355672457,0.002487041
1581251596.6421664,000000000301,e78f135624ce,-76,5.614210726,12.431577282,1.765816089,0.556845435,0.015868454,-0.044026815,0.015158361,0.002394637,0.993263091,0.013,-0.555845435,0.00492082
1581251597.0962205,000000000301,e78f135624ce,-73,5.635248122,12.621485516,1.762748659,0.170533796,0.007750805,-0.018001073,-0.005249195,0.001750805,0.997,0.006750805,-0.170283528,0.014250268
1581251597.5472405,000000000301,e78f135624ce,-71,5.640871338,12.807527391,1.740304459,0.071643308,0.004695541,0.000695541,-0.016477707,0.013391083,0.997304459,0.002695541,-0.071643308,0.026695541
1581251598.0005183,000000000301,e78f135624ce,-78,5.650862565,12.974114433,1.752676826,0.207203565,0.006796435,0.017508913,-0.018916044,0.002712478,0.998,0.005796435,-0.207305348,0.016610696
1581251598.4572139,000000000301,e78f135624ce,-76,5.634127664,13.145169369,1.844737025,0.19169532,0.007565107,0.032783828,-0.029218721,-0.034390639,0.993130213,0.012,-0.193565107,-0.018390639
1581251598.9115448,000000000301,e78f135624ce,-70,5.673207094,13.266558963,1.818365294,0.11513135,0.006,0.018503356,-0.018717162,-0.015075744,0.997213806,0.006786194,-0.11613135,0.00371045
1581251599.3661954,000000000301,e78f135624ce,-71,5.592967188,13.351489092,1.849978185,0.286622362,0.007,0.063443262,-0.064735838,-0.03263538,0.987755454,0.012975985,-0.296013196,-0.016050229
1581251600.2782023,000000000301,e78f135624ce,-71,5.720770011,13.421843047,1.789602176,0.353332533,0.009,-0.001083917,-0.003036518,0.002277388,0.998,0.009879565,-0.354332533,0.016638694
1581251600.7351744,000000000301,e78f135624ce,-78,5.75412075,13.439340562,1.800900937,-0.425916737,-0.000340562,-0.009780187,-0.003560375,-0.011560375,0.999,0.000439625,0.425696924,0.019
1581251601.1937964,000000000301,e78f135624ce,-76,5.768847581,13.45492379,1.803152419,-0.796933067,-0.007538105,-0.141341943,-0.139341943,-0.035157057,0.976528828,-0.015771371,0.818404238,0.034771371
1581251601.6471968,000000000301,e78f135624ce,-71,5.788241243,13.445069068,1.794586252,-0.650276932,-0.005793126,-0.580654,-0.578550563,-0.056620621,0.705725379,-0.042827495,0.941551553,0.035689689
1581251602.0991578,000000000301,e78f135624ce,-75,5.820153073,13.285964245,1.816811172,-0.244331847,-0.003711732,-0.851874858,-0.693224583,-0.035017877,0.282926261,-0.029441341,0.811467043,0.015594414
1581251603.00219,000000000301,e78f135624ce,-70,5.840155995,13.363644309,1.838954778,-0.044088923,-0.001555386,-0.983466464,-0.479460375,-0.014822155,0.063711382,-0.013822155,0.492816066,0.001444614
1581251603.4541569,000000000301,e78f135624ce,-70,5.846916818,13.338957503,1.839123868,-0.011541591,0.005833635,-0.993083182,-0.329794762,-0.010458409,0.051750453,-0.01,0.333253171,0.005750453
1581251603.9115925,000000000301,e78f135624ce,-71,5.851285038,13.36121575,1.851144885,-0.008714962,0.002927557,-0.997,-0.166141731,-0.008,0.040642519,-0.008,0.166927557,0.003070865
1581251604.3721619,000000000301,e78f135624ce,-71,5.853965676,13.390710297,1.855648054,-0.019130892,0.00338627,-0.998,-0.301954677,-0.010710297,0.043096568,-0.010710297,0.302954677,0.000193135
1581251604.8271801,000000000301,e78f135624ce,-75,5.859885828,13.452686026,1.917171258,-0.040400099,-0.008599901,-0.997514272,-0.524686026,-0.009514272,0.054428642,-0.010028543,0.526171755,-0.011599901
1581251605.281109,000000000301,e78f135624ce,-70,5.853464797,13.444130296,1.905665498,-0.034732399,-0.0009331,-0.997,-0.496873209,-0.009133801,0.056531698,-0.0100669,0.497873209,-0.0039331
1581251605.731111,000000000301,e78f135624ce,-63,5.834218257,13.445609128,1.898827385,-0.025609128,-0.005390872,-0.998,-0.438553534,-0.011,0.044563487,-0.011,0.438858098,-0.001913693
1581251606.1831367,000000000301,e78f135624ce,-63,5.803766854,13.447411049,1.892352762,-0.003236189,-0.002236189,-0.999,0.260607676,0.000763811,0.031236189,0.000763811,-0.260607676,-0.003705524
1581251606.6431298,000000000301,e78f135624ce,-80,5.726320041,13.417,1.869397009,0.014799003,0.000933001,-0.998,0.438645067,0.003866002,0.049066999,0.003866002,-0.439578068,-0.000866002
1581251607.101116,000000000301,e78f135624ce,-69,5.582350294,13.394780039,1.864296673,0.013780039,0.005296673,-0.998,0.22383092,0.002296673,0.054593346,0.002296673,-0.224127593,-0.005
1581251607.5561438,000000000301,e78f135624ce,-71,5.419392114,13.373116535,1.867705512,0.01323307,0.008705512,-0.998,0.141551159,0.001,0.053411023,0.001705512,-0.142256671,-0.007705512
1581251608.0141315,000000000301,e78f135624ce,-70,5.224921393,13.360443931,1.863147977,-0.019112137,0.006073989,-0.999,-0.393944483,-0.005778034,0.051,-0.004778034,0.394870495,-0.002147977
1581251608.4641178,000000000301,e78f135624ce,-74,5.024687738,13.345834838,1.854917419,-0.047165162,0.006,-0.998,-0.803018714,-0.013082581,0.057,-0.01254129,0.804560004,0.00354129
1581251608.9251564,000000000301,e78f135624ce,-67,4.820954275,13.333792063,1.851,-0.04403365,0.004758413,-0.999,-0.938106987,-0.015758413,0.047792063,-0.015758413,0.939106987,0.004
1581251609.376108,000000000301,e78f135624ce,-66,4.6267919,13.323441051,1.85,-0.024882102,0.004,-0.999852983,-0.979970881,-0.015,0.026029119,-0.015,0.980117898,0.004
1581251609.8351035,000000000301,e78f135624ce,-77,4.425879644,13.316466162,1.847488721,-0.001954883,0.005511279,-1.0,-0.993511279,-0.013977442,0.002443604,-0.014,0.994022558,0.005511279
1581251610.2881122,000000000301,e78f135624ce,-75,4.226656735,13.312880316,1.847,0.003880316,0.004880316,-1.0,-0.998,-0.012119684,-0.003880316,-0.012119684,0.998,0.004880316
1581251610.7430897,000000000301,e78f135624ce,-72,4.025971692,13.316,1.844471698,-0.008056604,0.005764151,-1.0,-0.999,-0.013764151,0.008056604,-0.013764151,0.999,0.005764151
1581251611.657094,000000000301,e78f135624ce,-75,3.637867678,13.350718525,1.810205293,-0.015692061,0.015897354,-0.999102646,-0.582623075,-0.016589414,0.021589414,-0.015589414,0.582623075,0.013692061
1581251612.113085,000000000301,e78f135624ce,-76,3.443799228,13.362,1.808255541,-0.007022165,0.015,-1.0,-0.405632346,-0.013,0.008766624,-0.013,0.405632346,0.012
1581251612.5641696,000000000301,e78f135624ce,-72,3.232779701,13.355642189,1.807642189,0.003694641,0.015347321,-1.0,-0.436250634,-0.014684151,-0.009357811,-0.014684151,0.436250634,0.011347321
1581251613.0141063,000000000301,e78f135624ce,-71,3.024857514,13.345925817,1.804703268,0.010222549,0.019,-0.999925817,-0.459655544,-0.013445098,-0.012370915,-0.013445098,0.459655544,0.011296732
1581251613.4651155,000000000301,e78f135624ce,-74,2.796513097,13.317451034,1.783940691,0.006706206,0.024706206,-0.999548966,-0.814840007,-0.019902069,-0.007706206,-0.020902069,0.814840007,0.021255172
1581251613.9151027,000000000301,e78f135624ce,-69,2.577937168,13.310120786,1.794671496,-0.005971023,0.018,-0.999835748,-0.940792283,-0.014492756,0.005806771,-0.014492756,0.940792283,0.018
1581251614.8210628,000000000301,e78f135624ce,-75,2.212074887,13.325070485,1.778321586,-0.01037445,0.021660793,-0.999,-0.993678414,-0.02,0.009713657,-0.019,0.993678414,0.021660793
1581251615.2780983,000000000301,e78f135624ce,-71,2.044897359,13.343878892,1.789838523,-0.023919261,0.012080739,-0.999,-0.997,-0.019959631,0.023919261,-0.019959631,0.997959631,0.012121108
1581251615.735096,000000000301,e78f135624ce,-70,1.901596213,13.385957413,1.788390116,-0.046304942,0.010304942,-0.998347529,-0.998,-0.021,0.046304942,-0.021,0.999,0.011304942
1581251616.1871717,000000000301,e78f135624ce,-74,1.745043021,13.412550775,1.776171086,-0.05662031,0.012069535,-0.998,-0.998,-0.02237969,0.056310155,-0.021689845,0.999,0.013069535
1581251616.648059,000000000301,e78f135624ce,-75,1.542399538,13.382369337,1.773969222,-0.051184669,0.015030778,-0.998,-0.998,-0.021,0.050215447,-0.020030778,0.999,0.016030778
1581251617.0980797,000000000301,e78f135624ce,-73,1.347250342,13.393736662,1.778321477,-0.058660739,0.014339261,-0.997415185,-0.998,-0.023584815,0.058245554,-0.023,0.999,0.015339261
1581251618.0081515,000000000301,e78f135624ce,-86,0.972467197,13.458077211,1.804393823,-0.058212354,0.004,-0.998,-0.998,-0.022606177,0.058212354,-0.022606177,0.999,0.005
1581251618.4635024,000000000301,e78f135624ce,-79,0.787235741,13.456490848,1.781919268,-0.044217438,0.007621098,-0.998,-0.998,-0.023621098,0.044217438,-0.024080732,0.999,0.008621098
1581251618.9172294,000000000301,e78f135624ce,-74,0.620645098,13.49,1.824638141,-0.051,-0.008755742,-0.996896312,-0.997,-0.020207376,0.051,-0.021103688,0.998896312,-0.007755742
1581251619.3720474,000000000301,e78f135624ce,-73,0.513076322,13.577358121,1.767037181,-0.065,-0.001943248,-0.996,-0.997,-0.019,0.065,-0.019735812,0.999,-0.000207436
1581251619.825043,000000000301,e78f135624ce,-73,0.458311784,13.647323236,1.854032324,-0.076752863,-0.021311784,-0.996,-0.996655892,-0.016344108,0.076752863,-0.018,0.999,-0.019967676
