1581251522.9780524,000000000202,e78f135624ce,-74,17.755369186,4.614154072,1.786892443,-0.008892443,-0.005,-1.002,0.997369186,0.021630814,-0.008892443,0.021630814,-1.002,0.000369186
1581251523.4302106,000000000202,e78f135624ce,-78,17.786646044,4.545952958,1.79489109,0.009809408,0.001918318,-1.000027227,0.999,0.02,0.009809408,0.02,-1.000027227,-0.002918318
1581251523.8830523,000000000202,e78f135624ce,-74,17.833100172,4.416089466,1.807050086,0.028830052,0.006220034,-1.0,0.999,0.018,0.028830052,0.018610017,-1.0,-0.006610017
1581251524.3380558,000000000202,e78f135624ce,-74,17.864715289,4.314609091,1.818490083,0.037490083,0.009,-0.999,0.999,0.016754959,0.037490083,0.016754959,-1.0,-0.008
1581251524.7900677,000000000202,e78f135624ce,-76,17.885129303,4.246238935,1.827373156,0.040875615,0.009248771,-0.999,0.999,0.015,0.041751229,0.016,-1.0,-0.009248771
1581251525.707046,000000000202,e78f135624ce,-78,17.908120872,4.178395641,1.830241744,0.043,0.009,-0.999,0.999,0.015,0.043,0.015879128,-1.0,-0.009
1581251526.1650667,000000000202,e78f135624ce,-75,17.909,4.166204881,1.836795119,0.042204881,0.010795119,-0.999,0.999,0.015,0.042204881,0.015,-1.0,-0.01
1581251526.6220567,000000000202,e78f135624ce,-76,17.915975809,4.168512095,1.838024191,0.039,0.009512095,-0.999,0.999,0.014487905,0.039,0.015,-1.0,-0.009
1581251526.625044,000000000202,e78f135624ce,-77,17.916018486,4.168490757,1.837981514,0.039,0.009490757,-0.999,0.999,0.014509243,0.039,0.015,-1.0,-0.009
1581251527.0720968,000000000202,e78f135624ce,-77,17.917868952,4.170344758,1.842131048,0.036131048,0.01,-0.999,0.999,0.014131048,0.036131048,0.014131048,-1.0,-0.01
1581251527.5290682,000000000202,e78f135624ce,-83,17.908673141,4.163673141,1.84222438,0.035,0.009,-0.999,0.999,0.01377562,0.035,0.014,-1.0,-0.00822438
1581251527.9850714,000000000202,e78f135624ce,-79,17.873146147,4.168754754,1.840344344,0.048344344,0.009,-0.999,0.999,0.014655656,0.048344344,0.014655656,-1.0,-0.008
1581251528.8970568,000000000202,e78f135624ce,-79,17.731930448,4.186922463,1.813204104,0.042514254,0.001281642,-0.998640821,0.998640821,0.014359179,0.042155075,0.014359179,-0.999640821,-0.000281642
1581251529.8100963,000000000202,e78f135624ce,-82,17.445309267,4.186121792,1.833969552,0.024969552,0.007,-1.0,0.999030448,0.013969552,0.024969552,0.013969552,-1.0,-0.007
1581251530.269051,000000000202,e78f135624ce,-91,17.272369565,4.171,1.834627508,0.026744983,0.006627508,-1.0,0.999627508,0.013372492,0.027117475,0.013744983,-1.0,-0.006627508
1581251530.722207,000000000202,e78f135624ce,-82,17.090142936,4.167237141,1.836237141,0.020288576,0.01,-1.0,1.0,0.013525717,0.021051435,0.013525717,-1.0,-0.009237141
1581251531.1711233,000000000202,e78f135624ce,-76,16.894746954,4.158044316,1.837348105,0.018825947,0.012174053,-1.0,1.0,0.013825947,0.019651895,0.013825947,-1.0,-0.012
1581251532.0802157,000000000202,e78f135624ce,-82,16.485780446,4.134620023,1.837126659,0.034379977,0.008126659,-0.999,0.999,0.013126659,0.034379977,0.013126659,-1.0,-0.008
1581251532.531128,000000000202,e78f135624ce,-82,16.281495512,4.121815553,1.838,0.050640745,0.009,-0.998271851,0.998271851,0.016728149,0.050912596,0.017728149,-1.0,-0.008
1581251532.9947226,000000000202,e78f135624ce,-77,16.075911912,4.124274313,1.835,0.055300916,0.006,-0.998,0.998,0.018,0.055300916,0.018575229,-1.0,-0.005
1581251533.4450915,000000000202,e78f135624ce,-74,15.887429929,4.138067067,1.835011178,0.031910577,0.007022356,-0.999,0.999,0.018,0.031910577,0.018,-1.0,-0.006022356
1581251533.900091,000000000202,e78f135624ce,-81,15.672799508,4.136007519,1.82332832,-0.002030077,0.017007519,-0.999,0.233368375,0.01366416,0.03533584,0.01466416,-0.233032535,0.006679199
1581251534.3560934,000000000202,e78f135624ce,-75,15.485877376,4.12079019,1.827302452,0.023512262,0.011,-0.999,0.755776578,0.016302452,0.035604905,0.017,-0.756474126,-0.003604905
1581251534.812115,000000000202,e78f135624ce,-78,15.300728352,4.105148643,1.819148643,0.018208101,0.01689595,-0.999,0.391610536,0.014029729,0.033059457,0.014044593,-0.392610536,0.005821628
1581251535.268078,000000000202,e78f135624ce,-88,15.110175192,4.0958304,1.803075999,-0.013263201,0.0231696,-0.999,-0.364714431,0.0104152,0.0385848,0.0114152,0.364299231,0.018339201
1581251536.1800888,000000000202,e78f135624ce,-80,14.744126524,4.076338019,1.770183068,-0.01716901,0.031661981,-0.998,-0.579816932,0.01083099,0.047323961,0.012661981,0.578816932,0.028661981
1581251537.5490837,000000000202,e78f135624ce,-76,14.134866488,4.117466679,1.742533321,-0.05986667,0.03286667,-0.998,-0.984333349,0.005,0.06086667,0.007,0.985333349,0.03186667
1581251538.0080838,000000000202,e78f135624ce,-79,13.92438035,4.136433374,1.738905562,-0.061452781,0.032094438,-0.997,-0.993452781,0.003094438,0.061905562,0.005094438,0.994905562,0.031547219
1581251538.464103,000000000202,e78f135624ce,-80,13.707168665,4.148741179,1.752396083,-0.050654905,0.024345095,-0.998,-0.997086274,0.001,0.050741179,0.002,0.998,0.024345095
1581251539.381132,000000000202,e78f135624ce,-83,13.340461259,4.090523636,1.761531189,-0.004261818,0.027,-0.999,-0.282673007,0.008882797,0.032351608,0.009441399,0.282673007,0.016234406
1581251539.839096,000000000202,e78f135624ce,-78,13.195215725,4.081590232,1.796236093,0.003763907,0.020118046,-0.999,0.201881954,0.012,0.014763907,0.012,-0.202,0.002118046
1581251540.744126,000000000202,e78f135624ce,-79,12.749802607,4.039635334,1.7409906,0.0100094,0.035663533,-0.998336467,-0.773543259,0.003663533,-0.0090094,0.003,0.772879726,0.033663533
1581251541.1990955,000000000202,e78f135624ce,-78,12.573575417,4.038250635,1.753820975,0.00592839,0.01621483,-0.999,-0.017056111,0.00992839,-0.00621483,0.00992839,0.017056111,0.017179025
1581251542.1101146,000000000202,e78f135624ce,-77,12.220013645,4.07895809,1.77295809,0.015279727,0.001559454,-1.0,0.851307993,0.014720273,0.013559454,0.014720273,-0.852028265,0.003160819
1581251542.5611155,000000000202,e78f135624ce,-80,12.070790358,4.100210109,1.793947123,0.015526439,0.006684137,-1.0,0.952210109,0.013,0.014631726,0.013,-0.952315396,-0.004684137
1581251543.0142474,000000000202,e78f135624ce,-80,11.962396387,4.102,1.792008289,0.016495855,0.003,-1.0,0.984520723,0.014,0.016495855,0.014,-0.984520723,-0.002
1581251543.471152,000000000202,e78f135624ce,-82,11.895404821,4.102709967,1.794419935,0.014145016,0.001854984,-1.0,0.995145016,0.015145016,0.014145016,0.015,-0.995145016,-0.001854984
1581251544.3740962,000000000202,e78f135624ce,-84,11.834201925,4.102,1.795078845,0.013,0.002359615,-1.0,0.999,0.014,0.013,0.014640385,-0.999,-0.002359615
1581251545.739092,000000000202,e78f135624ce,-81,11.803,4.110843055,1.80215191,0.011769618,0.004460764,-1.0,1.0,0.013230382,0.011769618,0.013230382,-1.0,-0.004460764
1581251546.1970904,000000000202,e78f135624ce,-79,11.828800499,4.199800499,1.826267387,-0.097758013,0.009755519,-0.911819663,0.818886717,0.02571137,0.087446893,0.015511037,-0.733950862,-0.014333611
1581251547.1081212,000000000202,e78f135624ce,-82,11.804125778,4.335419143,1.884826365,-0.262580857,0.005754492,-0.229341396,0.247323428,0.018808397,0.732904112,0.006754492,0.020766413,-0.016299413
1581251547.5691195,000000000202,e78f135624ce,-74,11.75475773,4.401452751,1.852873712,-0.255841922,0.005,-0.040136594,0.092220787,-0.001084192,0.916737117,0.005084192,0.181705327,0.001042096
1581251548.025148,000000000202,e78f135624ce,-79,11.684208781,4.423534946,1.848488351,-0.18647043,0.003953405,-0.003,0.02690681,-0.003023297,0.972604839,0.003953405,0.16156362,0.002511649
1581251548.4761004,000000000202,e78f135624ce,-76,11.679867886,4.453205839,1.832691242,-0.367162786,0.003,0.024691242,0.027279564,-0.009102919,0.990308758,0.003897081,0.359471545,0.008102919
1581251548.93113,000000000202,e78f135624ce,-77,11.663760168,4.465250924,1.824247227,-0.234885876,0.003749076,0.024752773,0.016007395,-0.011501849,0.996749076,0.004749076,0.232885876,0.008752773
1581251549.38512,000000000202,e78f135624ce,-81,11.642024236,4.467604847,1.831185458,-0.137694417,0.004395153,0.019209694,0.007814542,-0.006209694,0.999,0.004395153,0.136694417,0.004209694
1581251549.8351464,000000000202,e78f135624ce,-79,11.624978517,4.466,1.835989258,-0.072205117,0.005010742,0.012978517,0.001978517,-0.005,1.0,0.005010742,0.072205117,0.003
1581251550.2881207,000000000202,e78f135624ce,-79,11.613619756,4.475718535,1.848901221,-0.291027082,0.002239512,-0.001,-0.004760488,-0.000239512,1.0,0.002239512,0.291027082,-0.001140733
1581251550.7380884,000000000202,e78f135624ce,-79,11.630622551,4.513447921,1.844811276,-0.072301481,0.005797181,0.029839465,0.002419732,-0.003797181,0.999,0.005797181,0.072504299,0.000594362
1581251551.1943212,000000000202,e78f135624ce,-86,11.637953826,4.570160384,1.83744836,-0.006910103,0.005,0.054402186,-0.000701093,-0.006850547,0.998,0.005,0.006910103,0.004701093
1581251551.649132,000000000202,e78f135624ce,-83,11.647479434,4.657070513,1.83251469,-0.008806089,0.001502938,0.049479434,0.00348531,-0.009491186,0.998502938,0.002,0.008806089,0.005491186
1581251552.102394,000000000202,e78f135624ce,-78,11.641426336,4.771019559,1.831713168,-0.024964793,0.00471708,0.046143416,0.002996088,-0.007856584,0.999,0.005573664,0.024964793,0.005143416
1581251552.5541325,000000000202,e78f135624ce,-70,11.591391647,4.896570111,1.782936263,0.019624625,0.009012747,0.066012747,-0.011557364,-0.004246813,0.996246813,0.009012747,-0.020377812,0.020012747
1581251553.0111432,000000000202,e78f135624ce,-76,11.541420229,4.990217939,1.778361832,0.44016918,0.016,0.071815172,-0.045025286,0.00234437,0.995394943,0.015605057,-0.442774237,0.01234437
1581251553.4641063,000000000202,e78f135624ce,-78,11.494,5.129142479,1.754005937,0.360869394,0.016991095,0.075002968,-0.047985158,-0.002005937,0.995,0.016991095,-0.362869394,0.018997032
1581251553.919133,000000000202,e78f135624ce,-81,11.518242024,5.282733364,1.715444394,0.321424796,0.014313583,0.052550592,-0.031118505,0.00950866,0.996,0.014970374,-0.322111213,0.027538286
1581251554.3745854,000000000202,e78f135624ce,-80,11.459750432,5.440958924,1.752333794,0.444290644,0.015416638,0.054791508,-0.051333103,-0.008291681,0.996291681,0.016416638,-0.446707282,0.010083189
1581251554.827264,000000000202,e78f135624ce,-88,11.453290069,5.604700438,1.763471705,0.435521175,0.016823111,0.047412742,-0.046589631,-0.004530668,0.996941037,0.016823111,-0.437580138,0.010882074
1581251555.2861981,000000000202,e78f135624ce,-71,11.47256771,5.778276104,1.803161451,0.38803656,0.01256771,0.05043229,-0.043838549,-0.00343229,0.997,0.013,-0.38903656,0.00170313
1581251555.7402172,000000000202,e78f135624ce,-71,11.472395216,5.963137741,1.790401196,0.572814419,0.018748505,0.078700598,-0.063449103,0.003149701,0.995149701,0.018598804,-0.575814419,0.008
1581251556.1942554,000000000202,e78f135624ce,-81,11.556418496,6.123834134,1.728266918,0.777061956,0.025210677,0.05863203,-0.049474737,0.019578647,0.996789323,0.024210677,-0.77885128,0.027314586
1581251556.648144,000000000202,e78f135624ce,-77,11.598160173,6.295297623,1.746839827,0.868398271,0.024,0.04137987,-0.039839827,0.009540043,0.998,0.023540043,-0.869398271,0.014080086
1581251557.102256,000000000202,e78f135624ce,-73,11.617925302,6.497270229,1.780132186,0.720700848,0.021,0.030603442,-0.02733907,0.001735628,0.998132186,0.021,-0.721700848,0.003264372
1581251557.5572197,000000000202,e78f135624ce,-73,11.639552893,6.708770117,1.783241184,0.222489378,0.013723553,0.032758816,-0.006688291,-0.002,0.999,0.013723553,-0.222489378,0.012276447
1581251558.007151,000000000202,e78f135624ce,-77,11.64483502,6.906917002,1.79222672,0.182523272,0.01283502,0.04,-0.00650506,-0.00527834,0.999,0.01311336,-0.182523272,0.0096083
1581251558.4671636,000000000202,e78f135624ce,-74,11.648253329,7.110061387,1.808050666,0.18064534,0.012949334,0.039949334,-0.007797337,-0.009050666,0.999,0.012949334,-0.18064534,0.005949334
1581251558.9205177,000000000202,e78f135624ce,-73,11.64940948,7.320431207,1.81418104,-0.252315349,0.00722844,0.02722844,0.003952601,-0.01177156,0.999,0.00722844,0.252315349,0.01118104
1581251559.3761573,000000000202,e78f135624ce,-75,11.649,7.537707908,1.819249287,-0.763951487,-0.001249287,0.027249287,0.01974786,-0.019498573,0.999,-0.000498573,0.764200774,0.019498573
1581251559.831181,000000000202,e78f135624ce,-81,11.648104741,7.746134484,1.820895259,-0.925171983,-0.003895259,0.031895259,0.029790517,-0.022,0.999,-0.003,0.925276725,0.022
1581251560.289157,000000000202,e78f135624ce,-80,11.648545057,7.949433088,1.823090114,-0.975360457,-0.006545057,0.037635172,0.036635172,-0.02,0.999,-0.005545057,0.9758154,0.02
1581251560.7421753,000000000202,e78f135624ce,-71,11.653,8.138137816,1.822539369,-0.991307087,-0.005692913,0.045614175,0.044767718,-0.020307087,0.998846456,-0.004539369,0.992307087,0.021153544
1581251560.7451591,000000000202,e78f135624ce,-75,11.653,8.139455666,1.822464774,-0.991356818,-0.005643182,0.045713635,0.044892044,-0.020356818,0.998821591,-0.004464774,0.992356818,0.021178409
1581251561.194142,000000000202,e78f135624ce,-71,11.657,8.312751082,1.819227754,-0.995772246,-0.005772246,0.053772246,0.053772246,-0.022772246,0.998,-0.004772246,0.997,0.022772246
1581251561.6511784,000000000202,e78f135624ce,-67,11.657,8.452694443,1.815441756,-0.997441756,-0.004441756,0.057,0.057,-0.024558244,0.998,-0.003441756,0.999,0.024558244
1581251563.4601634,000000000202,e78f135624ce,-76,11.658104513,8.643477433,1.816,-0.999,-0.004,0.051,0.051104513,-0.022,0.998,-0.003,1.0,0.022
1581251563.9171455,000000000202,e78f135624ce,-72,11.65756458,8.65612916,1.816,-0.999,-0.00356458,0.05,0.05,-0.023,0.998,-0.00256458,1.0,0.023
1581251564.3712163,000000000202,e78f135624ce,-86,11.681583261,8.658335059,1.771092033,-0.800090019,0.000237849,-0.031694853,-0.036457005,-0.059145815,0.944100373,4.8605e-05,0.848227495,0.057432269
1581251564.831243,000000000202,e78f135624ce,-67,11.645968281,8.653141208,1.780737757,-0.672469674,0.000979827,-0.233513074,-0.237533246,-0.05024207,0.78531692,-0.00291931,0.880132582,0.046302588
1581251565.2881668,000000000202,e78f135624ce,-75,11.711462881,8.653021211,1.800957579,-0.228392396,0.008494697,-0.741070485,0.038734867,-0.017547724,0.314445423,-0.001021211,0.17712041,0.016031816
1581251565.7402036,000000000202,e78f135624ce,-75,11.741293342,8.614706658,1.813823995,-0.047591959,0.009882663,-0.916290704,0.6417495,0.003117337,0.130533291,0.008058668,-0.571922867,-5.8668e-05
1581251566.195191,000000000202,e78f135624ce,-77,11.754173732,8.590682185,1.812449155,0.014144083,0.007,-0.972521196,0.88553394,0.009449155,0.070652536,0.010724577,-0.864330559,-0.004
1581251566.6502085,000000000202,e78f135624ce,-77,11.762613098,8.558806549,1.812,0.036,0.007,-0.990806549,0.96343602,0.010403275,0.053983627,0.011,-0.957242569,-0.005
1581251567.1011875,000000000202,e78f135624ce,-75,11.773106249,8.556159374,1.813318748,0.038946875,0.007106249,-0.996053125,0.988159374,0.011053125,0.044840626,0.012,-0.986212499,-0.007053125
1581251567.5602055,000000000202,e78f135624ce,-67,11.775390099,8.554524753,1.823304951,0.039390099,0.010304951,-0.998,0.995695049,0.011,0.040695049,0.012,-0.995695049,-0.009304951
1581251568.468156,000000000202,e78f135624ce,-78,11.722279122,8.552599769,1.817640139,0.04304037,0.005760092,-0.999,0.998119954,0.012,0.04304037,0.012119954,-0.999,-0.004880046
1581251568.9191537,000000000202,e78f135624ce,-83,11.638416167,8.534,1.81298758,0.058,0.00099379,-0.998,0.998,0.012,0.058,0.012,-1.0,6.21e-06
1581251569.3752005,000000000202,e78f135624ce,-73,11.524894857,8.539330008,1.803834996,0.049339985,-0.004,-0.999,0.999,0.009834996,0.049339985,0.009834996,-1.0,0.004
1581251569.8341646,000000000202,e78f135624ce,-74,11.37618131,8.538652846,1.801836788,0.040326423,-0.005,-0.999,0.999,0.010836788,0.040326423,0.01,-1.0,0.006
1581251570.2851875,000000000202,e78f135624ce,-72,11.200425029,8.55585729,1.805,0.032571355,-0.003,-0.999,0.999,0.01,0.032571355,0.01,-1.0,0.003
1581251570.743196,000000000202,e78f135624ce,-67,11.015064202,8.571236148,1.806157432,0.017763852,-0.001,-1.0,1.0,0.008,0.017763852,0.008,-1.0,0.001
1581251571.199231,000000000202,e78f135624ce,-83,10.830073198,8.577062128,1.814406808,0.008734468,-0.001531064,-1.0,1.0,0.011468936,0.008734468,0.011468936,-1.0,0.002265532
1581251571.6503255,000000000202,e78f135624ce,-74,10.616503613,8.579283454,1.815,0.006358273,0.002358273,-1.0,1.0,0.011358273,0.006358273,0.011358273,-1.0,-0.002358273
1581251572.1022077,000000000202,e78f135624ce,-86,10.413719755,8.627755798,1.820974294,-0.019922883,0.010974294,-0.999,0.071063988,0.003064264,0.024935736,0.004064264,-0.07007684,0.006948589
1581251572.5551836,000000000202,e78f135624ce,-81,10.179711513,8.62821416,1.81880944,-0.02519056,0.00980944,-0.999,0.453769298,0.00659528,-0.004357521,0.00659528,-0.453769298,0.00121416
1581251573.0051794,000000000202,e78f135624ce,-68,9.908606675,8.612928534,1.829178578,-0.003464267,0.014178578,-0.999,-0.142215097,0.005821422,-0.020178578,0.005642845,0.142215097,0.008357155
1581251573.4601774,000000000202,e78f135624ce,-78,9.629055629,8.616087969,1.829274687,-0.016637344,0.014818672,-0.999,-0.443003662,0.001,-0.01199461,0.000818672,0.443003662,0.012637344
1581251573.9161675,000000000202,e78f135624ce,-79,9.37931114,8.602039732,1.835519866,-0.026,0.016,-0.999,-0.823407384,-0.002480134,0.016960268,-0.002480134,0.823407384,0.015480134
1581251574.3682027,000000000202,e78f135624ce,-63,9.146496292,8.583380599,1.833206467,-0.012483833,0.014793533,-1.0,-0.943651735,-0.006,0.009483833,-0.005103233,0.943651735,0.014793533
1581251575.275172,000000000202,e78f135624ce,-75,8.694432496,8.550715191,1.838,0.003,0.014285654,-1.0,-0.994285654,-0.004714346,-0.003,-0.004714346,0.993571308,0.014285654
1581251575.7302024,000000000202,e78f135624ce,-74,8.46028998,8.525387076,1.844,-0.015322618,0.013903231,-1.0,-0.997903231,-0.003193538,0.015322618,-0.003193538,0.997903231,0.013903231
1581251576.18119,000000000202,e78f135624ce,-70,8.219598873,8.519659428,1.84,-0.03221257,0.015,-0.999,-0.999,-0.005,0.03221257,-0.005,0.999,0.015
1581251576.6351912,000000000202,e78f135624ce,-78,7.986728566,8.5221229,1.82989832,-0.03822458,0.01632626,-0.999,-0.999,-0.009,0.03822458,-0.00877542,1.0,0.01655084
1581251577.0931826,000000000202,e78f135624ce,-81,7.755148327,8.517327527,1.83761573,-0.035807865,0.011192135,-0.999,-0.999,-0.007096068,0.035807865,-0.007096068,1.0,0.012192135
1581251577.5462313,000000000202,e78f135624ce,-76,7.529988367,8.509091592,1.839908408,-0.02861449,0.011045796,-0.999477102,-0.999477102,-0.006477102,0.02861449,-0.005954204,1.0,0.011045796
1581251578.4542327,000000000202,e78f135624ce,-74,7.084454704,8.492559696,1.835255717,0.003176121,0.011784081,-1.0,-1.0,-0.01069602,-0.003176121,-0.01069602,1.0,0.011784081
1581251578.9071884,000000000202,e78f135624ce,-77,6.854280802,8.466326868,1.81765616,0.007668283,0.015668283,-1.0,-1.0,-0.013336566,-0.007668283,-0.013670708,1.0,0.015668283
1581251579.3662055,000000000202,e78f135624ce,-84,6.638320023,8.474755529,1.788,0.001830006,0.020905559,-0.999981112,-0.995901253,-0.019943335,-0.002943335,-0.019924447,0.994920141,0.020943335
1581251579.8172343,000000000202,e78f135624ce,-79,6.539814468,8.550837106,1.818348425,-0.001162894,0.016612369,-1.0,0.075098262,0.000674213,0.001837106,0.000674213,-0.075098262,0.000325787
1581251580.268194,000000000202,e78f135624ce,-68,6.434389153,8.558110972,1.83775931,0.002370407,0.015796301,-1.0,0.680314921,0.010592602,0.004185204,0.010592602,-0.680314921,-0.009185204
1581251580.7222314,000000000202,e78f135624ce,-76,6.263469266,8.615158699,1.845510245,0.006179188,0.017503415,-0.999165528,0.860054638,0.015668943,0.008179188,0.015668943,-0.860054638,-0.014337887
1581251581.1811152,000000000202,e78f135624ce,-76,6.130717694,8.64184567,1.858590966,0.010445421,0.019,-0.999518193,0.955736511,0.017036386,0.011445421,0.017036386,-0.955736511,-0.017518193
1581251581.634221,000000000202,e78f135624ce,-85,6.047008073,8.655102289,1.869370121,0.01984253,0.01968506,-0.999,0.985629879,0.01884253,0.02084253,0.01884253,-0.985629879,-0.01884253
1581251582.5444424,000000000202,e78f135624ce,-84,5.976775636,8.661379491,1.859689746,0.023732691,0.016844873,-0.999,0.998,0.015,0.023732691,0.015577564,-0.998422436,-0.016844873
1581251582.9971921,000000000202,e78f135624ce,-86,5.960110803,8.645631043,1.852086051,0.026397641,0.015,-0.998971316,0.99283299,0.014971316,0.027372889,0.014971316,-0.992804306,-0.014942632
1581251583.4471824,000000000202,e78f135624ce,-84,6.023417874,8.672134299,1.835462559,-0.287566662,0.021358213,-0.87034348,0.207030928,-0.00910459,0.311790575,0.007119323,-0.080090834,0.014522465
1581251583.8982317,000000000202,e78f135624ce,-80,6.004429874,8.696530488,1.902795732,-0.723219528,0.016469512,-0.494640219,-0.150899386,0.035204268,0.730423796,0.024204268,0.65452441,-0.026734756
1581251584.3542163,000000000202,e78f135624ce,-83,5.908827283,8.675635577,1.876635577,-0.91253714,0.005317788,-0.162005168,-0.052986178,0.00155613,0.91453714,0.008397236,0.890901563,0.00144387
1581251586.6192374,000000000202,e78f135624ce,-81,5.763,8.629921608,1.825921608,-1.0,-0.002,0.016039196,0.016039196,-0.020039196,0.999,-0.001039196,0.999039196,0.020039196
1581251587.5312452,000000000202,e78f135624ce,-73,5.761249956,8.689999122,1.823750044,-0.999,-0.004750044,0.038250132,0.038250132,-0.02,0.999,-0.004,1.0,0.02
1581251587.9892402,000000000202,e78f135624ce,-67,5.768776771,8.757432863,1.838553541,0.094020979,0.005888385,0.029111615,0.002781302,-0.021,0.999,0.006776771,-0.094020979,-0.002553541
1581251588.897212,000000000202,e78f135624ce,-71,5.785,8.999219088,1.848180477,0.906872884,0.015,0.006278091,-0.002458568,-0.012,1.0,0.015,-0.906692407,-0.010180477
1581251589.3572106,000000000202,e78f135624ce,-71,5.782275656,9.156935571,1.848862172,0.970621721,0.016,-0.001,0.002137828,-0.011,1.0,0.016,-0.970621721,-0.01
1581251589.8152413,000000000202,e78f135624ce,-72,5.775487572,9.331084096,1.847487572,0.990537283,0.017,-0.001512428,0.002512428,-0.008487572,1.0,0.017,-0.990537283,-0.008487572
1581251590.2712824,000000000202,e78f135624ce,-75,5.767561691,9.512305152,1.845853897,0.997,0.018,-0.008584412,0.008584412,-0.008853897,1.0,0.018,-0.997146103,-0.008853897
1581251590.7272174,000000000202,e78f135624ce,-73,5.755816389,9.698182852,1.845204097,0.998795903,0.017795903,-0.020591806,0.021387709,-0.009,1.0,0.016795903,-0.999,-0.009
1581251591.1782165,000000000202,e78f135624ce,-78,5.74332411,9.905138356,1.839,0.621371507,0.015581027,-0.023418973,0.01532411,-0.012837945,1.0,0.015581027,-0.621371507,-0.003
1581251591.6312854,000000000202,e78f135624ce,-74,5.738710175,10.139304005,1.825057965,-0.092304834,0.01,-0.015057965,0.004942035,-0.024942035,0.999,0.01,0.091362799,0.010826105
1581251592.0862458,000000000202,e78f135624ce,-66,5.726937606,10.352997743,1.803688593,-0.180990408,0.008625071,-0.017374929,-0.002499718,-0.030562112,0.999,0.007625071,0.180302943,0.016311971
1581251592.0891342,000000000202,e78f135624ce,-72,5.726865395,10.354538246,1.802942412,-0.187537547,0.00857693,-0.01742307,-0.002692281,-0.030826886,0.999,0.00757693,0.186826012,0.016673026
1581251592.5368655,000000000202,e78f135624ce,-72,5.723551924,10.555005786,1.802448076,-0.070486549,0.010724038,-0.014172115,0.0,-0.018448076,0.999,0.01,0.070210587,0.01
1581251592.9913573,000000000202,e78f135624ce,-69,5.600054334,10.771375599,1.700482361,-0.14643946,0.007904671,0.026712108,-0.038902766,0.00952145,0.993285987,0.003190658,0.14443946,0.040284081
1581251593.4493303,000000000202,e78f135624ce,-66,5.475186496,10.954557664,1.511372263,-0.110277737,0.008837226,0.031348905,-0.066069708,0.004046715,0.988,0.001418613,0.10769635,0.085255839
1581251593.9024415,000000000202,e78f135624ce,-66,5.547634782,11.154580121,1.632220704,-0.019316359,0.008,-0.003558592,-0.031234369,-0.014234369,0.993220704,0.004220704,0.018316359,0.031
1581251594.356232,000000000202,e78f135624ce,-65,5.588817681,11.376365067,1.553635148,-0.045116873,0.014,-0.007562048,-0.018985337,0.002459838,0.985,0.005,0.047262857,0.056525499
1581251594.8152227,000000000202,e78f135624ce,-74,5.658019006,11.600672224,1.699396688,0.393923975,0.018596199,-0.02,-0.000128265,0.000128265,0.984403801,0.009467934,-0.389391908,0.018577192
1581251595.2762325,000000000202,e78f135624ce,-69,5.61612051,11.793014255,1.742432617,0.248928912,0.01365957,-0.019588671,-0.021815624,0.006226953,0.993,0.009773047,-0.246815436,0.010453906
1581251595.73049,000000000202,e78f135624ce,-67,5.496552593,11.982171111,1.704038724,0.384967037,0.014,-0.012475144,-0.046386708,0.016287284,0.994,0.011,-0.382967037,0.025336996
1581251596.1852372,000000000202,e78f135624ce,-68,5.486223073,12.199230024,1.753824885,0.356939546,0.011439194,-0.01519597,-0.038290479,0.005871436,0.994682418,0.010439194,-0.353621964,0.003797079
1581251596.6412861,000000000202,e78f135624ce,-68,5.614248451,12.431262911,1.765872676,0.557474178,0.015874742,-0.044121127,0.015246385,0.002375775,0.993250516,0.013,-0.556474178,0.004876808
1581251597.0962346,000000000202,e78f135624ce,-68,5.635249018,12.621492422,1.762749298,0.170517683,0.007750421,-0.018000561,-0.005249579,0.001750421,0.997,0.006750421,-0.170267543,0.01425014
1581251597.5472364,000000000202,e78f135624ce,-65,5.640870749,12.807525512,1.740304422,0.071646256,0.004695578,0.000695578,-0.016477891,0.013391156,0.997304422,0.002695578,-0.071646256,0.026695578
1581251598.000244,000000000202,e78f135624ce,-67,5.650818235,12.974013109,1.752649384,0.207207787,0.006792213,0.017519468,-0.018935042,0.002727255,0.998,0.005792213,-0.207311681,0.016623361
1581251598.4572394,000000000202,e78f135624ce,-69,5.63413257,13.145177414,1.844740753,0.191695908,0.007565303,0.032781669,-0.029216367,-0.034391817,0.993130606,0.012,-0.193565303,-0.018391817
1581251598.9102416,000000000202,e78f135624ce,-68,5.673056725,13.266298324,1.818535711,0.11489076,0.006,0.018573528,-0.01877731,-0.015165965,0.997203782,0.006796218,-0.11589076,0.003630253
1581251599.8192685,000000000202,e78f135624ce,-83,5.667641035,13.394701229,1.860462654,0.121734632,0.007,0.017373463,-0.020373463,-0.031074693,0.993925307,0.010537346,-0.125271978,-0.012612039
1581251600.2782438,000000000202,e78f135624ce,-65,5.720777963,13.421845467,1.789603905,0.353278948,0.009,-0.001087029,-0.003033752,0.002275314,0.998,0.009879219,-0.354278948,0.016637657
1581251600.736235,000000000202,e78f135624ce,-66,5.75415338,13.439365035,1.800941725,-0.427515622,-0.000365035,-0.009788345,-0.00357669,-0.01157669,0.999,0.00042331,0.427303967,0.019
1581251601.1912696,000000000202,e78f135624ce,-77,5.768769835,13.454884917,1.803230165,-0.796388842,-0.007557541,-0.13947603,-0.13747603,-0.034982128,0.977053617,-0.015654752,0.817335225,0.034654752
1581251602.096285,000000000202,e78f135624ce,-75,5.82024883,13.285629096,1.816380266,-0.246103351,-0.003687793,-0.850701835,-0.693990638,-0.035185452,0.284913218,-0.029561037,0.813166728,0.015809867
1581251602.549298,000000000202,e78f135624ce,-75,5.857296233,13.352109601,1.780258567,-0.089741433,0.007703767,-0.950147267,-0.35803257,-0.017,0.113556499,-0.015296233,0.396774003,0.021518833
1581251603.00242,000000000202,e78f135624ce,-75,5.840133012,13.363651381,1.838995441,-0.044087155,-0.001564226,-0.983477071,-0.479789216,-0.01482569,0.063697238,-0.01382569,0.493137835,0.001435774
1581251603.454327,000000000202,e78f135624ce,-65,5.846914199,13.338971907,1.83914351,-0.011542901,0.005828397,-0.993085801,-0.329741074,-0.010457099,0.051742596,-0.01,0.333198173,0.005742596
1581251603.9112506,000000000202,e78f135624ce,-65,5.851269259,13.361249939,1.851192224,-0.008730741,0.002903888,-0.997,-0.166115431,-0.008,0.040634629,-0.008,0.166903888,0.003057716
1581251604.3712661,000000000202,e78f135624ce,-73,5.854040321,13.390687904,1.855543551,-0.019063711,0.003416128,-0.998,-0.300096017,-0.010687904,0.043104032,-0.010687904,0.301096017,0.000208064
1581251604.8232439,000000000202,e78f135624ce,-73,5.859599552,13.451898767,1.917600672,-0.040149608,-0.008850392,-0.997550056,-0.523898767,-0.009550056,0.05424972,-0.010100112,0.525348711,-0.011850392
1581251605.28028,000000000202,e78f135624ce,-73,5.853525087,13.444228267,1.905703179,-0.034762544,-0.000940636,-0.997,-0.496662195,-0.009118728,0.056584451,-0.010059364,0.497662195,-0.003940636
1581251605.7303262,000000000202,e78f135624ce,-80,5.834240682,13.445620341,1.898861023,-0.025620341,-0.005379659,-0.998,-0.438250797,-0.011,0.044518637,-0.011,0.438560968,-0.001930511
1581251606.1824045,000000000202,e78f135624ce,-67,5.803829613,13.447390129,1.892347532,-0.003262339,-0.002262339,-0.999,0.259457103,0.000737661,0.031262339,0.000737661,-0.259457103,-0.003695065
1581251606.6433349,000000000202,e78f135624ce,-79,5.726261458,13.417,1.869383828,0.014794609,0.000931536,-0.998,0.438549869,0.003863073,0.049068464,0.003863073,-0.439481406,-0.000863073
1581251606.646259,000000000202,e78f135624ce,-63,5.725425972,13.417,1.869195844,0.014731948,0.000910649,-0.998,0.437192204,0.003821299,0.049089351,0.003821299,-0.438102854,-0.000821299
1581251607.1002955,000000000202,e78f135624ce,-61,5.582685911,13.394824788,1.864304131,0.013824788,0.005304131,-0.998,0.224882522,0.002304131,0.054608263,0.002304131,-0.225186654,-0.005
1581251608.01426,000000000202,e78f135624ce,-68,5.224869002,13.360438,1.863146,-0.019124,0.006073,-0.999,-0.394158992,-0.005781,0.051,-0.004781,0.395085992,-0.002146
1581251608.4652565,000000000202,e78f135624ce,-71,5.024197227,13.345799802,1.854899901,-0.047200198,0.006,-0.998,-0.803553021,-0.013100099,0.057,-0.01255005,0.80510307,0.00355005
1581251608.9262826,000000000202,e78f135624ce,-71,4.820486432,13.333748744,1.851,-0.043998995,0.004749749,-0.999,-0.938254271,-0.015749749,0.047748744,-0.015749749,0.939254271,0.004
1581251609.3762727,000000000202,e78f135624ce,-76,4.626719137,13.323436932,1.85,-0.024873865,0.004,-0.999854356,-0.979980491,-0.015,0.026019509,-0.015,0.980126135,0.004
1581251610.2853148,000000000202,e78f135624ce,-64,4.227892239,13.312903627,1.847,0.003903627,0.004903627,-1.0,-0.998,-0.012096373,-0.003903627,-0.012096373,0.998,0.004903627
1581251610.7425046,000000000202,e78f135624ce,-68,4.026219226,13.316,1.844480699,-0.008038602,0.00575965,-1.0,-0.999,-0.01375965,0.008038602,-0.01375965,0.999,0.00575965
1581251611.2012918,000000000202,e78f135624ce,-62,3.826425911,13.326426292,1.814458966,-0.021885258,0.019114742,-0.999,-0.951196046,-0.021,0.021770517,-0.02,0.951196046,0.021327888
1581251611.6572785,000000000202,e78f135624ce,-61,3.637796702,13.350728462,1.810208132,-0.015687802,0.015895934,-0.999104066,-0.582313623,-0.016583736,0.021583736,-0.015583736,0.582313623,0.013687802
1581251612.1124482,000000000202,e78f135624ce,-62,3.444085795,13.362,1.808260848,-0.007043392,0.015,-1.0,-0.405998516,-0.013,0.008782544,-0.013,0.405998516,0.012
1581251612.563299,000000000202,e78f135624ce,-65,3.233236821,13.35569298,1.80769298,0.003636594,0.015318297,-1.0,-0.435038902,-0.014647871,-0.00930702,-0.014647871,0.435038902,0.011318297
1581251614.369289,000000000202,e78f135624ce,-62,2.390007474,13.328388474,1.797630737,-0.012,0.014388474,-1.0,-0.980776947,-0.017796158,0.011203842,-0.017796158,0.980776947,0.015184632
1581251614.8202982,000000000202,e78f135624ce,-65,2.212380731,13.324987073,1.778335488,-0.010325793,0.021667744,-0.999,-0.993664512,-0.02,0.009658049,-0.019,0.993664512,0.021667744
1581251615.2808313,000000000202,e78f135624ce,-62,2.043979855,13.343937456,1.789916608,-0.023958304,0.012041696,-0.999,-0.997,-0.019979152,0.023958304,-0.019979152,0.997979152,0.012062544
1581251615.7355607,000000000202,e78f135624ce,-64,1.90145681,13.385967371,1.788376839,-0.04631158,0.01031158,-0.99834421,-0.998,-0.021,0.04631158,-0.021,0.999,0.01131158
1581251616.1873024,000000000202,e78f135624ce,-63,1.745001025,13.412555442,1.776177618,-0.056622177,0.012066735,-0.998,-0.998,-0.022377823,0.056311088,-0.021688912,0.999,0.013066735
1581251616.6443214,000000000202,e78f135624ce,-68,1.543787733,13.382048985,1.773995918,-0.051024492,0.015004082,-0.998,-0.998,-0.021,0.050028574,-0.020004082,0.999,0.016004082
1581251617.095301,000000000202,e78f135624ce,-64,1.348664989,13.393964016,1.77852357,-0.058761785,0.014238215,-0.997440446,-0.998,-0.023559554,0.058321339,-0.023,0.999,0.015238215
1581251617.5493088,000000000202,e78f135624ce,-65,1.148927848,13.405404532,1.793121646,-0.055282886,0.009292785,-0.997858557,-0.998,-0.021,0.054424329,-0.020141443,0.999,0.010292785
1581251618.0083027,000000000202,e78f135624ce,-67,0.972417199,13.45810628,1.804391498,-0.058217005,0.004,-0.998,-0.998,-0.022608502,0.058217005,-0.022608502,0.999,0.005
1581251618.4613142,000000000202,e78f135624ce,-63,0.787959531,13.45607004,1.781885603,-0.044099611,0.007671595,-0.998,-0.998,-0.023671595,0.044099611,-0.024114397,0.999,0.008671595
1581251618.9183087,000000000202,e78f135624ce,-58,0.620296394,13.49,1.824048667,-0.051,-0.008656113,-0.996888009,-0.997,-0.020223981,0.051,-0.021111991,0.998888009,-0.007656113
1581251619.3724058,000000000202,e78f135624ce,-59,0.513007639,13.577387983,1.767081974,-0.065,-0.001955193,-0.996,-0.997,-0.019,0.065,-0.019738798,0.999,-0.000216395
1581251620.2782896,000000000202,e78f135624ce,-68,0.430188155,13.242251349,2.002357891,-0.022265798,-0.033509209,-0.988490791,-0.989490791,-0.017169736,0.023096062,-0.012830264,0.998830264,-0.032678946
