1581251522.9786925,000000000402,e78f135624ce,-78,17.75537452,4.614127399,1.786876439,-0.008876439,-0.005,-1.002,0.99737452,0.02162548,-0.008876439,0.02162548,-1.002,0.00037452
1581251523.4310484,000000000402,e78f135624ce,-67,17.786729824,4.545727396,1.794916869,0.009854521,0.001937652,-1.000020783,0.999,0.02,0.009854521,0.02,-1.000020783,-0.002937652
1581251523.8879561,000000000402,e78f135624ce,-68,17.833477387,4.414920101,1.807238693,0.028943216,0.006295477,-1.0,0.999,0.018,0.028943216,0.018647739,-1.0,-0.006647739
1581251524.3444073,000000000402,e78f135624ce,-69,17.865032863,4.313611003,1.818580818,0.037580818,0.009,-0.999,0.999,0.016709591,0.037580818,0.016709591,-1.0,-0.008
1581251525.2493458,000000000402,e78f135624ce,-66,17.903032492,4.201440431,1.824978339,0.043505415,0.007494585,-0.999,0.999,0.015505415,0.043505415,0.016,-1.0,-0.006494585
1581251525.7073543,000000000402,e78f135624ce,-68,17.908123674,4.178381628,1.830247349,0.043,0.009,-0.999,0.999,0.015,0.043,0.015876326,-1.0,-0.009
1581251526.1687808,000000000402,e78f135624ce,-69,17.909,4.166178352,1.836821648,0.042178352,0.010821648,-0.999,0.999,0.015,0.042178352,0.015,-1.0,-0.01
1581251527.073323,000000000402,e78f135624ce,-70,17.917860193,4.170300966,1.842139807,0.036139807,0.01,-0.999,0.999,0.014139807,0.036139807,0.014139807,-1.0,-0.01
1581251527.5283852,000000000402,e78f135624ce,-72,17.90869177,4.16369177,1.84223059,0.035,0.009,-0.999,0.999,0.01376941,0.035,0.014,-1.0,-0.00823059
1581251527.9843266,000000000402,e78f135624ce,-68,17.873251663,4.1687051,1.840338137,0.048338137,0.009,-0.999,0.999,0.014661863,0.048338137,0.014661863,-1.0,-0.008
1581251528.445384,000000000402,e78f135624ce,-70,17.823836612,4.172354008,1.824632376,0.069850227,0.003836612,-0.997,0.997013616,0.016,0.069850227,0.016,-0.999986384,-0.001850227
1581251528.9013622,000000000402,e78f135624ce,-66,17.730738195,4.187021817,1.813369695,0.042282427,0.001347878,-0.998673939,0.998673939,0.014326061,0.041956366,0.014326061,-0.999673939,-0.000347878
1581251529.356325,000000000402,e78f135624ce,-68,17.596227546,4.187982496,1.827327499,0.028690005,0.006,-0.999,0.999,0.013,0.028690005,0.013,-1.0,-0.006
1581251529.8093476,000000000402,e78f135624ce,-74,17.445577528,4.186146747,1.833963313,0.024963313,0.007,-1.0,0.999036687,0.013963313,0.024963313,0.013963313,-1.0,-0.007
1581251530.2693138,000000000402,e78f135624ce,-73,17.272255712,4.171,1.834629698,0.026740604,0.006629698,-1.0,0.999629698,0.013370302,0.027110906,0.013740604,-1.0,-0.006629698
1581251530.7223582,000000000402,e78f135624ce,-78,17.090079954,4.167238401,1.836238401,0.020284797,0.01,-1.0,1.0,0.013523198,0.021046396,0.013523198,-1.0,-0.009238401
1581251531.1713681,000000000402,e78f135624ce,-68,16.894641477,4.158033015,1.837344338,0.018827831,0.012172169,-1.0,1.0,0.013827831,0.019655662,0.013827831,-1.0,-0.012
1581251531.6254241,000000000402,e78f135624ce,-79,16.692432711,4.151102337,1.837,0.020897663,0.010525584,-1.0,1.0,0.013,0.020897663,0.013,-1.0,-0.010525584
1581251532.9923527,000000000402,e78f135624ce,-69,16.076938861,4.124215066,1.835,0.055379912,0.006,-0.998,0.998,0.018,0.055379912,0.018594978,-1.0,-0.005
1581251532.995289,000000000402,e78f135624ce,-68,16.075666436,4.124288475,1.835,0.055282034,0.006,-0.998,0.998,0.018,0.055282034,0.018570508,-1.0,-0.005
1581251533.4454165,000000000402,e78f135624ce,-70,15.887291819,4.138083315,1.835013886,0.031888913,0.007027772,-0.999,0.999,0.018,0.031888913,0.018,-1.0,-0.006027772
1581251533.9003217,000000000402,e78f135624ce,-81,15.672705418,4.136002193,1.823331871,-0.002008774,0.017002193,-0.999,0.23381575,0.013665936,0.035334064,0.014665936,-0.233481686,0.006670322
1581251534.3593054,000000000402,e78f135624ce,-73,15.484730243,4.120698419,1.827325395,0.023626976,0.011,-0.999,0.75742845,0.016325395,0.03565079,0.017,-0.758103055,-0.00365079
1581251534.8132942,000000000402,e78f135624ce,-66,15.300203063,4.105041442,1.819041442,0.018058018,0.016970991,-0.999,0.386121806,0.014008288,0.033016577,0.014012432,-0.387121806,0.00595027
1581251535.2683258,000000000402,e78f135624ce,-75,15.110060342,4.095825896,1.803064739,-0.013283469,0.023174104,-0.999,-0.365171581,0.010412948,0.038587052,0.011412948,0.364758633,0.018348208
1581251535.726349,000000000402,e78f135624ce,-66,14.926727726,4.089972773,1.787767327,-0.021232673,0.027616336,-0.998,-0.539118804,0.008794555,0.045589109,0.010794555,0.539118804,0.023821782
1581251536.1803296,000000000402,e78f135624ce,-63,14.744033643,4.076334579,1.770171028,-0.01716729,0.031665421,-0.998,-0.579828972,0.01083271,0.047330841,0.012665421,0.578828972,0.028665421
1581251536.6405578,000000000402,e78f135624ce,-68,14.531922807,4.098,1.758902747,-0.048548626,0.032,-0.998,-0.860139557,0.007,0.058902747,0.009,0.860688183,0.031
1581251537.0923343,000000000402,e78f135624ce,-62,14.340770485,4.098816692,1.751204173,-0.051408346,0.032591654,-0.998,-0.954654249,0.004795827,0.054408346,0.006,0.955654249,0.031795827
1581251537.5493233,000000000402,e78f135624ce,-62,14.134737969,4.117475392,1.742524608,-0.059868848,0.032868848,-0.998,-0.98434424,0.005,0.060868848,0.007,0.98534424,0.031868848
1581251538.0084677,000000000402,e78f135624ce,-77,13.924185224,4.136471759,1.73891196,-0.06145598,0.03208804,-0.997,-0.99345598,0.00308804,0.06191196,0.00508804,0.99491196,0.03154402
1581251538.4673324,000000000402,e78f135624ce,-61,13.70566162,4.148660444,1.752207703,-0.050547259,0.024452741,-0.998,-0.997113185,0.001,0.050660444,0.002,0.998,0.024452741
1581251539.3813279,000000000402,e78f135624ce,-73,13.340397942,4.09048444,1.761543249,-0.00424222,0.027,-0.999,-0.282449892,0.008885812,0.032342563,0.009442906,0.282449892,0.016228375
1581251539.839431,000000000402,e78f135624ce,-64,13.195089464,4.081603116,1.796241246,0.003758754,0.020120623,-0.999,0.201879377,0.012,0.014758754,0.012,-0.202,0.002120623
1581251540.295425,000000000402,e78f135624ce,-71,12.984814852,4.070888341,1.786527915,0.004,0.022,-0.999,-0.304057912,0.008708128,0.000472085,0.008708128,0.304057912,0.014291872
1581251540.7483218,000000000402,e78f135624ce,-62,12.747599868,4.039285693,1.740885708,0.010114292,0.035628569,-0.998371431,-0.775885855,0.003628569,-0.009114292,0.003,0.775257286,0.033628569
1581251542.109323,000000000402,e78f135624ce,-72,12.220318087,4.078915468,1.772915468,0.015273638,0.001547277,-1.0,0.851040084,0.014726362,0.013547277,0.014726362,-0.851766445,0.003179085
1581251542.5613196,000000000402,e78f135624ce,-69,12.070729132,4.100239021,1.79396413,0.015517935,0.006689239,-1.0,0.952239021,0.013,0.014621522,0.013,-0.952342608,-0.004689239
1581251543.0143316,000000000402,e78f135624ce,-89,11.962378853,4.102,1.792009692,0.016495154,0.003,-1.0,0.984524229,0.014,0.016495154,0.014,-0.984524229,-0.002
1581251543.4712892,000000000402,e78f135624ce,-87,11.895392255,4.102707683,1.794415365,0.014146159,0.001853841,-1.0,0.995146159,0.015146159,0.014146159,0.015,-0.995146159,-0.001853841
1581251543.9243124,000000000402,e78f135624ce,-68,11.861264443,4.101867779,1.788867779,0.013226444,0.000547111,-1.0,0.998,0.014452889,0.013226444,0.014452889,-0.998,-0.000547111
1581251544.3772857,000000000402,e78f135624ce,-76,11.834088012,4.102,1.795147193,0.013,0.002382398,-1.0,0.999,0.014,0.013,0.014617602,-0.999,-0.002382398
1581251544.8332186,000000000402,e78f135624ce,-71,11.823864735,4.098864735,1.788864735,0.013067632,0.0,-1.0,1.0,0.015067632,0.013067632,0.015067632,-1.0,0.0
1581251545.7400653,000000000402,e78f135624ce,-67,11.803,4.110913835,1.802196147,0.011760771,0.004478459,-1.0,1.0,0.013239229,0.011760771,0.013239229,-1.0,-0.004478459
1581251546.1978858,000000000402,e78f135624ce,-69,11.828857765,4.199857765,1.826350105,-0.098040103,0.009751277,-0.911525908,0.818637503,0.025741063,0.087727922,0.015502553,-0.733412135,-0.014365425
1581251546.6562955,000000000402,e78f135624ce,-65,11.86186327,4.23286327,1.874024723,-0.260622773,0.007306424,-0.742219894,0.675002437,0.042855029,0.24969938,0.010612849,-0.422915906,-0.032701817
1581251547.1134155,000000000402,e78f135624ce,-66,11.803066914,4.336099841,1.884183483,-0.261900159,0.005716675,-0.226467338,0.244600636,0.018316781,0.735815987,0.006716675,0.022732874,-0.01588343
1581251547.5693111,000000000402,e78f135624ce,-65,11.754726362,4.401475405,1.85287894,-0.255807069,0.005,-0.040089544,0.092170251,-0.001080707,0.916789396,0.005080707,0.181717526,0.001040353
1581251548.0247407,000000000402,e78f135624ce,-64,11.684293619,4.423524766,1.848491745,-0.185605089,0.003966979,-0.003,0.026933958,-0.003016511,0.972574297,0.003966979,0.160671131,0.002508255
1581251548.4762866,000000000402,e78f135624ce,-65,11.679850817,4.453208942,1.832686587,-0.367089856,0.003,0.024686587,0.027268702,-0.009104471,0.990313413,0.003895529,0.35940327,0.008104471
1581251548.9312494,000000000402,e78f135624ce,-65,11.663750061,4.465250006,1.824249983,-0.234750809,0.003749994,0.024750017,0.016000044,-0.011500011,0.996749994,0.004749994,0.232750809,0.008750017
1581251549.3882637,000000000402,e78f135624ce,-65,11.641903321,4.467580664,1.831258007,-0.135227756,0.004419336,0.019161329,0.007741993,-0.006161329,0.999,0.004419336,0.134227756,0.004161329
1581251549.8382735,000000000402,e78f135624ce,-64,11.624930408,4.466,1.835965204,-0.070425078,0.005034796,0.012930408,0.001930408,-0.005,1.0,0.005034796,0.070425078,0.003
1581251550.2922764,000000000402,e78f135624ce,-65,11.613654386,4.475926317,1.848728069,-0.290022803,0.002308772,-0.001,-0.004691228,-0.000308772,1.0,0.002308772,0.290022803,-0.001036842
1581251550.7422917,000000000402,e78f135624ce,-66,11.630902773,4.514043392,1.844951386,-0.073562478,0.005762153,0.030329852,0.002664926,-0.003762153,0.999,0.005762153,0.073800324,0.000524307
1581251551.1942542,000000000402,e78f135624ce,-72,11.637950218,4.570150592,1.837449906,-0.006947724,0.005,0.054400125,-0.000700062,-0.006850031,0.998,0.005,0.006947724,0.004700062
1581251551.649275,000000000402,e78f135624ce,-66,11.647471731,4.657096923,1.832520192,-0.008733463,0.001504038,0.049471731,0.003479808,-0.009487885,0.998504038,0.002,0.008733463,0.005487885
1581251552.1022334,000000000402,e78f135624ce,-65,11.64143128,4.770976296,1.83171564,-0.025042668,0.004710899,0.04614218,0.003004741,-0.00785782,0.999,0.00556872,0.025042668,0.00514218
1581251552.5552614,000000000402,e78f135624ce,-68,11.591071788,4.896777078,1.782748111,0.021468517,0.009050378,0.066050378,-0.011726701,-0.004237406,0.996237406,0.009050378,-0.022231111,0.020050378
1581251553.0112479,000000000402,e78f135624ce,-70,11.54141674,4.990249338,1.778333921,0.440105508,0.016,0.071812555,-0.045020925,0.002353965,0.995395815,0.015604185,-0.442709693,0.012353965
1581251553.4682283,000000000402,e78f135624ce,-71,11.494,5.130791288,1.754074637,0.359357986,0.016888044,0.075037319,-0.047813407,-0.002074637,0.995,0.016888044,-0.361357986,0.018962681
1581251554.3752599,000000000402,e78f135624ce,-62,11.459894965,5.441156452,1.752487962,0.443948583,0.015407002,0.054738513,-0.051256019,-0.008296499,0.996296499,0.016407002,-0.446355586,0.010035012
1581251554.8274274,000000000402,e78f135624ce,-64,11.453333125,5.604758341,1.763459828,0.435608772,0.016827565,0.047402349,-0.046574784,-0.004517306,0.996942522,0.016827565,-0.437666251,0.010885043
1581251555.2862656,000000000402,e78f135624ce,-65,11.472568323,5.778301253,1.803158384,0.388077657,0.012568323,0.050431677,-0.043841616,-0.003431677,0.997,0.013,-0.389077657,0.00170497
1581251555.7413154,000000000402,e78f135624ce,-63,11.472554948,5.963547054,1.790361263,0.574002425,0.018798421,0.078680632,-0.063479053,0.003159684,0.995159684,0.018638737,-0.577002425,0.008
1581251556.198228,000000000402,e78f135624ce,-63,11.556900874,6.125338019,1.727557538,0.775302694,0.025182302,0.058546905,-0.049276111,0.019635397,0.996817698,0.024182302,-0.777120393,0.027541588
1581251556.6522474,000000000402,e78f135624ce,-67,11.598042932,6.29690968,1.746957068,0.869570677,0.024,0.041467801,-0.039957068,0.009510733,0.998,0.023510733,-0.870570677,0.014021466
1581251557.5572016,000000000402,e78f135624ce,-80,11.639551905,6.708760398,1.783241349,0.222512934,0.013724048,0.032758651,-0.006689444,-0.002,0.999,0.013724048,-0.222512934,0.012275952
1581251558.0072246,000000000402,e78f135624ce,-77,11.644836862,6.906947699,1.792231632,0.182670001,0.012836862,0.04,-0.006510586,-0.005278954,0.999,0.013115816,-0.182670001,0.00960523
1581251558.468231,000000000402,e78f135624ce,-81,11.648212275,7.110537611,1.808042455,0.180702815,0.012957545,0.039957545,-0.00783018,-0.009042455,0.999,0.012957545,-0.180702815,0.005957545
1581251558.9202151,000000000402,e78f135624ce,-70,11.649411807,7.320291567,1.814176386,-0.251754462,0.007235422,0.027235422,0.003940964,-0.011764578,0.999,0.007235422,0.251754462,0.011176386
1581251559.3792396,000000000402,e78f135624ce,-67,11.649,7.539106786,1.819272996,-0.765563753,-0.001272996,0.027272996,0.019818989,-0.019545993,0.999,-0.000545993,0.765836749,0.019545993
1581251560.289212,000000000402,e78f135624ce,-75,11.648545516,7.949457871,1.823091032,-0.975364129,-0.006545516,0.037636548,0.036636548,-0.02,0.999,-0.005545516,0.975818613,0.02
1581251560.7422283,000000000402,e78f135624ce,-71,11.653,8.138161193,1.822538046,-0.99130797,-0.00569203,0.045615939,0.044769924,-0.02030797,0.998846015,-0.004538046,0.99230797,0.021153985
1581251561.1932044,000000000402,e78f135624ce,-73,11.657,8.312426494,1.819234967,-0.995765033,-0.005765033,0.053765033,0.053765033,-0.022765033,0.998,-0.004765033,0.997,0.022765033
1581251561.6522155,000000000402,e78f135624ce,-73,11.657,8.452941756,1.815449734,-0.997449734,-0.004449734,0.057,0.057,-0.024550266,0.998,-0.003449734,0.999,0.024550266
1581251562.1042354,000000000402,e78f135624ce,-78,11.66,8.541451825,1.815161314,-0.998,-0.006,0.056919343,0.056919343,-0.022919343,0.998,-0.004080657,0.999080657,0.022919343
1581251562.5541966,000000000402,e78f135624ce,-78,11.658670388,8.593033492,1.816,-0.998,-0.006670388,0.053,0.053,-0.023,0.998,-0.005,1.0,0.023
1581251563.0071716,000000000402,e78f135624ce,-80,11.659,8.624671077,1.817442974,-0.999,-0.005,0.052721487,0.052721487,-0.021278513,0.998,-0.004,1.0,0.022278513
1581251563.9172091,000000000402,e78f135624ce,-71,11.65756507,8.65613014,1.816,-0.999,-0.00356507,0.05,0.05,-0.023,0.998,-0.00256507,1.0,0.023
1581251564.370197,000000000402,e78f135624ce,-76,11.68166217,8.658346566,1.771070662,-0.800372776,0.000236205,-0.031247703,-0.036011498,-0.059165543,0.944452175,5.5181e-05,0.848156806,0.057456928
1581251564.8312109,000000000402,e78f135624ce,-75,11.645970773,8.653141571,1.780737082,-0.672478603,0.000979776,-0.233498953,-0.237519178,-0.050242693,0.785328029,-0.002919102,0.880130349,0.046303367
1581251565.2919564,000000000402,e78f135624ce,-74,11.711704042,8.652883405,1.801233191,-0.225842984,0.008529149,-0.743861058,0.040457443,-0.01723766,0.311551495,-0.000883405,0.173089583,0.015825107
1581251566.1951692,000000000402,e78f135624ce,-77,11.754173267,8.590684819,1.812448845,0.014141913,0.007,-0.972519801,0.885528051,0.009448845,0.070653466,0.010724422,-0.86432343,-0.004
1581251566.6491873,000000000402,e78f135624ce,-77,11.762583922,8.558791961,1.812,0.036,0.007,-0.990791961,0.963355787,0.010395981,0.054020097,0.011,-0.957147748,-0.005
1581251567.102215,000000000402,e78f135624ce,-77,11.773120929,8.556181394,1.813362788,0.038939535,0.007120929,-0.996060465,0.988181394,0.011060465,0.044818606,0.012,-0.986241858,-0.007060465
1581251567.560179,000000000402,e78f135624ce,-67,11.775389618,8.554525956,1.823305191,0.039389618,0.010305191,-0.998,0.995694809,0.011,0.040694809,0.012,-0.995694809,-0.009305191
1581251568.0151637,000000000402,e78f135624ce,-65,11.770429321,8.54704712,1.813832459,0.03447644,0.00552356,-0.999,0.998,0.01278534,0.03547644,0.01278534,-0.99826178,-0.00552356
1581251568.4721985,000000000402,e78f135624ce,-69,11.721688312,8.552444293,1.817733424,0.043289132,0.005822283,-0.999,0.998088859,0.012,0.043289132,0.012088859,-0.999,-0.004911141
1581251569.3761778,000000000402,e78f135624ce,-75,11.524616709,8.539345043,1.803827479,0.049309915,-0.004,-0.999,0.999,0.009827479,0.049309915,0.009827479,-1.0,0.004
1581251569.8331614,000000000402,e78f135624ce,-76,11.376549174,8.538686289,1.801828428,0.040343144,-0.005,-0.999,0.999,0.010828428,0.040343144,0.01,-1.0,0.006
1581251569.8361583,000000000402,e78f135624ce,-73,11.375450302,8.538586391,1.801853402,0.040293196,-0.005,-0.999,0.999,0.010853402,0.040293196,0.01,-1.0,0.006
1581251570.2841787,000000000402,e78f135624ce,-71,11.200828529,8.555840478,1.805,0.032579761,-0.003,-0.999,0.999,0.01,0.032579761,0.01,-1.0,0.003
1581251570.744179,000000000402,e78f135624ce,-79,11.014654619,8.571260723,1.806173815,0.017739277,-0.001,-1.0,1.0,0.008,0.017739277,0.008,-1.0,0.001
1581251572.5551517,000000000402,e78f135624ce,-88,10.179729085,8.628214958,1.818809972,-0.025190028,0.009809972,-0.999,0.453722441,0.006595014,-0.004355125,0.006595014,-0.453722441,0.001214958
1581251573.0061743,000000000402,e78f135624ce,-77,9.907984848,8.612878788,1.829186869,-0.003439394,0.014186869,-0.999,-0.143292929,0.005813131,-0.020186869,0.005626263,0.143292929,0.008373737
1581251573.4601421,000000000402,e78f135624ce,-85,9.629075171,8.616089598,1.829273602,-0.016636801,0.0148184,-0.999,-0.442951276,0.001,-0.011997596,0.0008184,0.442951276,0.012636801
1581251573.9161541,000000000402,e78f135624ce,-75,9.379317918,8.602039937,1.835519968,-0.026,0.016,-0.999,-0.823401735,-0.002480032,0.016960063,-0.002480032,0.823401735,0.015480032
1581251574.3681498,000000000402,e78f135624ce,-74,9.14652011,8.583382868,1.833205711,-0.012485723,0.014794289,-1.0,-0.943645686,-0.006,0.009485723,-0.005102855,0.943645686,0.014794289
1581251574.8261714,000000000402,e78f135624ce,-84,8.917293598,8.562250715,1.839498571,0.003749285,0.011250715,-1.0,-0.982244997,-0.004,-0.004749285,-0.004,0.982244997,0.011250715
1581251575.2782,000000000402,e78f135624ce,-72,8.692643271,8.550302293,1.838,0.003,0.01431318,-1.0,-0.99431318,-0.00468682,-0.003,-0.00468682,0.993626361,0.01431318
1581251576.6361363,000000000402,e78f135624ce,-81,7.986269522,8.522156653,1.829925322,-0.038231331,0.016306008,-0.999,-0.999,-0.009,0.038231331,-0.008768669,1.0,0.016537339
1581251577.0941734,000000000402,e78f135624ce,-69,7.754571821,8.517390582,1.837651761,-0.035825881,0.011174119,-0.999,-0.999,-0.00708706,0.035825881,-0.00708706,1.0,0.012174119
1581251577.5451725,000000000402,e78f135624ce,-69,7.530614032,8.509130094,1.839869906,-0.028662618,0.011065047,-0.999467476,-0.999467476,-0.006467476,0.028662618,-0.005934953,1.0,0.011065047
1581251578.00614,000000000402,e78f135624ce,-75,7.302495297,8.511793501,1.841896751,-0.014380504,0.009896751,-1.0,-1.0,-0.011206499,0.014380504,-0.011103249,1.0,0.009896751
1581251578.4581425,000000000402,e78f135624ce,-77,7.082529868,8.492108563,1.834834659,0.003356575,0.011904383,-1.0,-1.0,-0.010726096,-0.003356575,-0.010726096,1.0,0.011904383
1581251578.9111657,000000000402,e78f135624ce,-80,6.852292154,8.466082111,1.817258431,0.007729472,0.015729472,-1.0,-1.0,-0.013458944,-0.007729472,-0.01382368,1.0,0.015729472
1581251579.3661268,000000000402,e78f135624ce,-78,6.638341811,8.474731321,1.788,0.001835453,0.020908585,-0.999981717,-0.996032584,-0.019945151,-0.002945151,-0.019926868,0.995050867,0.020945151
1581251579.8181293,000000000402,e78f135624ce,-76,6.53970259,8.550859482,1.818437928,-0.001140518,0.016619827,-1.0,0.077328364,0.000718964,0.001859482,0.000718964,-0.077328364,0.000281036
1581251580.269112,000000000402,e78f135624ce,-71,6.433953031,8.55834051,1.837675146,0.002309197,0.01578865,-1.0,0.680138943,0.010577299,0.004154599,0.010577299,-0.680138943,-0.009154599
1581251580.7221284,000000000402,e78f135624ce,-72,6.263490658,8.615164245,1.845503114,0.006170473,0.017501038,-0.999166321,0.860016609,0.015667359,0.008170473,0.015667359,-0.860016609,-0.014334717
1581251581.1801162,000000000402,e78f135624ce,-75,6.131048124,8.641699666,1.858552544,0.010468474,0.019,-0.999510509,0.955636614,0.017021017,0.011468474,0.017021017,-0.955636614,-0.017510509
1581251581.6371295,000000000402,e78f135624ce,-75,6.04658299,8.655258899,1.869280629,0.019820157,0.019640315,-0.999,0.985719371,0.018820157,0.020820157,0.018820157,-0.985719371,-0.018820157
1581251582.091158,000000000402,e78f135624ce,-74,6.009070942,8.655188267,1.871317872,0.026,0.019564802,-0.999,0.994811733,0.017188267,0.026,0.017376535,-0.995623465,-0.018564802
1581251582.9971151,000000000402,e78f135624ce,-70,5.960130697,8.645616925,1.852084126,0.026411117,0.015,-0.998971958,0.992970965,0.014971958,0.027364546,0.014971958,-0.992942923,-0.014943916
1581251583.4471233,000000000402,e78f135624ce,-72,6.023413326,8.672130661,1.83544664,-0.287503895,0.021358667,-0.870368041,0.207165558,-0.00911869,0.311731902,0.007109317,-0.080250933,0.014532016
1581251583.8991406,000000000402,e78f135624ce,-69,6.004283059,8.696544471,1.902816706,-0.723778821,0.016455529,-0.493787298,-0.150738589,0.035183294,0.730962115,0.024183294,0.655223526,-0.026727765
1581251584.355129,000000000402,e78f135624ce,-73,5.908652356,8.675574732,1.876574732,-0.912772912,0.005287366,-0.161526017,-0.052796039,0.001502891,0.914772912,0.008359208,0.89119818,0.001497109
1581251584.8151386,000000000402,e78f135624ce,-72,5.845186912,8.655767689,1.854767689,-0.9720227,0.001441922,-0.043280368,-0.008419223,-0.013116155,0.972464622,0.002441922,0.965138855,0.014116155
1581251585.2661262,000000000402,e78f135624ce,-71,5.809212431,8.64477498,1.84177498,-0.99033753,-0.001,0.000675059,0.01233753,-0.017,0.99033753,-0.00088749,0.98833753,0.01788749
1581251585.72016,000000000402,e78f135624ce,-72,5.788199645,8.637479858,1.836239929,-0.996760071,-0.001,0.015520142,0.018760071,-0.017239929,0.996760071,-0.000760071,0.996520142,0.018
1581251586.1711483,000000000402,e78f135624ce,-70,5.774770037,8.633590012,1.829409988,-0.999,-0.002,0.019,0.02,-0.019590012,0.999,-0.001,0.998409988,0.020180025
1581251587.0801566,000000000402,e78f135624ce,-69,5.76,8.642251445,1.825,-0.999,-0.002,0.031251445,0.03155684,-0.019305395,0.999,-0.001,1.0,0.019305395
1581251587.5301251,000000000402,e78f135624ce,-76,5.761239773,8.689795469,1.823760227,-0.999,-0.004760227,0.03828068,0.03828068,-0.02,0.999,-0.004,1.0,0.02
1581251587.9901245,000000000402,e78f135624ce,-77,5.768790375,8.757589315,1.83858075,0.095238583,0.005895188,0.029104812,0.002733687,-0.021,0.999,0.006790375,-0.095238583,-0.00258075
1581251588.4460957,000000000402,e78f135624ce,-66,5.77911301,8.86447768,1.846556505,0.706754979,0.012,0.025330485,-0.014556505,-0.015330485,0.999556505,0.012,-0.707754979,-0.009
1581251588.9012427,000000000402,e78f135624ce,-74,5.785,9.000459304,1.848211483,0.90771003,0.015,0.00615407,-0.002365552,-0.012,1.0,0.015,-0.907498547,-0.010211483
1581251589.3581107,000000000402,e78f135624ce,-68,5.782260655,9.157265583,1.848869672,0.970696723,0.016,-0.001,0.002130328,-0.011,1.0,0.016,-0.970696723,-0.01
1581251589.815099,000000000402,e78f135624ce,-64,5.775488759,9.331028348,1.847488759,0.990533724,0.017,-0.001511241,0.002511241,-0.008488759,1.0,0.017,-0.990533724,-0.008488759
1581251590.2721558,000000000402,e78f135624ce,-71,5.767539858,9.512669039,1.845846619,0.997,0.018,-0.008613523,0.008613523,-0.008846619,1.0,0.018,-0.997153381,-0.008846619
1581251590.7321267,000000000402,e78f135624ce,-69,5.755665334,9.700184325,1.845166333,0.998833667,0.017833667,-0.020667333,0.021501,-0.009,1.0,0.016833667,-0.999,-0.009
1581251591.1811323,000000000402,e78f135624ce,-69,5.743234391,9.906484136,1.839,0.61850051,0.015558598,-0.023441402,0.015234391,-0.012882805,1.0,0.015558598,-0.61850051,-0.003
1581251592.0841167,000000000402,e78f135624ce,-69,5.726990833,10.351862234,1.804238606,-0.176164493,0.008660555,-0.017339445,-0.002357779,-0.030366946,0.999,0.007660555,0.175494771,0.016045836
1581251592.53611,000000000402,e78f135624ce,-70,5.723539331,10.554640604,1.802460669,-0.070247292,0.010730334,-0.014191003,0.0,-0.018460669,0.999,0.01,0.069977626,0.01
1581251592.990066,000000000402,e78f135624ce,-78,5.600789367,10.770789559,1.701157796,-0.147631405,0.007894738,0.026473719,-0.038684242,0.009263196,0.993315785,0.003210523,0.145631405,0.040105289
1581251593.4490767,000000000402,e78f135624ce,-69,5.475289919,10.954448388,1.51141129,-0.109971373,0.008841129,0.031364516,-0.066056048,0.004093548,0.988,0.001420565,0.107391938,0.085261694
1581251593.9020946,000000000402,e78f135624ce,-72,5.547578744,11.15442802,1.632218035,-0.019481803,0.008,-0.003563929,-0.031255717,-0.014255717,0.993218035,0.004218035,0.018481803,0.031
1581251594.3591032,000000000402,e78f135624ce,-74,5.591306122,11.37794427,1.555333987,-0.046408948,0.014,-0.00763383,-0.018004317,0.002220565,0.985,0.005,0.048531004,0.055783752
1581251594.8150723,000000000402,e78f135624ce,-76,5.657998491,11.600594268,1.699328305,0.394006034,0.018600302,-0.02,-0.000133736,0.000133736,0.984399698,0.009466566,-0.3894726,0.01860181
1581251595.2770731,000000000402,e78f135624ce,-85,5.615791886,11.793419303,1.742394405,0.247981254,0.013636643,-0.019695665,-0.021937903,0.006242238,0.993,0.009757762,-0.245860135,0.010484476
1581251595.730086,000000000402,e78f135624ce,-75,5.496656448,11.982015329,1.704087767,0.385148783,0.014,-0.012480914,-0.046354974,0.016278629,0.994,0.011,-0.383148783,0.025316802
1581251596.190093,000000000402,e78f135624ce,-74,5.486951453,12.20138048,1.757917688,0.359540903,0.011473879,-0.015369394,-0.037839577,0.00451873,0.994578364,0.010473879,-0.356119267,0.002201579
1581251597.0971358,000000000402,e78f135624ce,-75,5.635306368,12.62193484,1.762790263,0.169485373,0.007725842,-0.01796779,-0.005274158,0.001725842,0.997,0.006725842,-0.169243426,0.014241947
1581251597.5480924,000000000402,e78f135624ce,-75,5.640995247,12.807922349,1.740312203,0.071023766,0.004687797,0.000687797,-0.016438985,0.013375594,0.997312203,0.002687797,-0.071023766,0.026687797
1581251598.0000918,000000000402,e78f135624ce,-79,5.650793664,12.973956945,1.752634173,0.207210127,0.006789873,0.017525318,-0.018945573,0.002735445,0.998,0.005789873,-0.207315191,0.016630382
1581251598.4570725,000000000402,e78f135624ce,-70,5.634100475,13.145124779,1.844716361,0.191692057,0.007564019,0.032795791,-0.029231772,-0.034384114,0.993128038,0.012,-0.193564019,-0.018384114
1581251598.9100587,000000000402,e78f135624ce,-71,5.673035625,13.26626175,1.818559625,0.114857,0.006,0.018583375,-0.01878575,-0.015178625,0.997202375,0.006797625,-0.115857,0.003619
1581251599.3670626,000000000402,e78f135624ce,-80,5.591832694,13.351662518,1.850325036,0.288320491,0.007,0.064014122,-0.065292246,-0.03280158,0.987668741,0.013026568,-0.297790811,-0.016245333
1581251600.2790766,000000000402,e78f135624ce,-75,5.720937582,13.421894047,1.789638605,0.352203252,0.009,-0.001149489,-0.002978232,0.002233674,0.998,0.009872279,-0.353203252,0.016616837
1581251600.7360628,000000000402,e78f135624ce,-72,5.754148083,13.439361063,1.800935104,-0.427256091,-0.000361063,-0.009787021,-0.003574042,-0.011574042,0.999,0.000425958,0.427043112,0.019
1581251601.192065,000000000402,e78f135624ce,-79,5.768794307,13.454897154,1.803205693,-0.796560151,-0.007551423,-0.140063375,-0.138063375,-0.035037191,0.976888426,-0.015691461,0.817671725,0.034691461
1581251601.647571,000000000402,e78f135624ce,-83,5.788275795,13.445043154,1.794574735,-0.650006272,-0.005787367,-0.580950574,-0.578844258,-0.056637898,0.705411528,-0.04285053,0.941594744,0.035681051
1581251602.1000524,000000000402,e78f135624ce,-74,5.820123255,13.286068609,1.816945354,-0.24378021,-0.003719186,-0.852240131,-0.692986037,-0.034965696,0.282307532,-0.029404068,0.810937769,0.015527323
1581251603.4550557,000000000402,e78f135624ce,-74,5.846902989,13.339033558,1.83922758,-0.011548505,0.005805979,-0.993097011,-0.329511283,-0.010451495,0.051708968,-0.01,0.332962777,0.005708968
1581251603.911077,000000000402,e78f135624ce,-74,5.851261248,13.361267296,1.851216256,-0.008738752,0.002891872,-0.997,-0.16610208,-0.008,0.040630624,-0.008,0.166891872,0.00305104
1581251604.3720577,000000000402,e78f135624ce,-86,5.853974358,13.390707693,1.855635899,-0.019123078,0.003389743,-0.998,-0.301738484,-0.010707693,0.043097436,-0.010707693,0.302738484,0.000194872
1581251604.8270319,000000000402,e78f135624ce,-78,5.859875043,13.452656367,1.917187436,-0.040390662,-0.008609338,-0.99751562,-0.524656367,-0.00951562,0.054421902,-0.010031239,0.526140747,-0.011609338
1581251606.183052,000000000402,e78f135624ce,-78,5.803774109,13.44740863,1.892352158,-0.003239212,-0.002239212,-0.999,0.260474672,0.000760788,0.031239212,0.000760788,-0.260474672,-0.003704315
1581251606.6440504,000000000402,e78f135624ce,-75,5.726057031,13.417,1.869337832,0.014779277,0.000926426,-0.998,0.438217676,0.003852852,0.049073574,0.003852852,-0.439144102,-0.000852852
1581251607.1010647,000000000402,e78f135624ce,-75,5.582371264,13.394782835,1.864297139,0.013782835,0.005297139,-0.998,0.223896626,0.002297139,0.054594278,0.002297139,-0.224193765,-0.005
1581251607.557037,000000000402,e78f135624ce,-79,5.41896168,13.373092171,1.86769739,0.013184341,0.00869739,-0.998,0.140739018,0.001,0.05339478,0.00169739,-0.141436408,-0.00769739
1581251608.0140345,000000000402,e78f135624ce,-78,5.224960954,13.36044841,1.86314947,-0.01910318,0.006074735,-0.999,-0.393782507,-0.005775795,0.051,-0.004775795,0.394707772,-0.00214947
1581251608.4650195,000000000402,e78f135624ce,-72,5.024299314,13.345807094,1.854903547,-0.047192906,0.006,-0.998,-0.803441819,-0.013096453,0.057,-0.012548227,0.804990045,0.003548227
1581251608.9260263,000000000402,e78f135624ce,-86,4.820592895,13.333758601,1.851,-0.044006881,0.00475172,-0.999,-0.938220755,-0.01575172,0.047758601,-0.01575172,0.939220755,0.004
1581251609.3770385,000000000402,e78f135624ce,-82,4.626380908,13.323417787,1.85,-0.024835574,0.004,-0.999860738,-0.980025163,-0.015,0.025974837,-0.015,0.980164426,0.004
1581251609.8360267,000000000402,e78f135624ce,-78,4.42545653,13.316443083,1.847481028,-0.001924111,0.005518972,-1.0,-0.993518972,-0.013962056,0.002405139,-0.014,0.994037944,0.005518972
1581251610.2890315,000000000402,e78f135624ce,-80,4.226250691,13.312872655,1.847,0.003872655,0.004872655,-1.0,-0.998,-0.012127345,-0.003872655,-0.012127345,0.998,0.004872655
1581251610.7440464,000000000402,e78f135624ce,-79,4.025566904,13.316,1.844456978,-0.008086043,0.005771511,-1.0,-0.999,-0.013771511,0.008086043,-0.013771511,0.999,0.005771511
1581251611.2013922,000000000402,e78f135624ce,-78,3.826386533,13.326434013,1.814452789,-0.021886803,0.019113197,-0.999,-0.951112658,-0.021,0.021773605,-0.02,0.951112658,0.021330204
1581251611.6572556,000000000402,e78f135624ce,-81,3.637805506,13.350727229,1.81020778,-0.01568833,0.01589611,-0.99910389,-0.582352005,-0.01658444,0.02158444,-0.01558444,0.582352005,0.01368833
1581251612.1131237,000000000402,e78f135624ce,-77,3.443781847,13.362,1.808255219,-0.007020878,0.015,-1.0,-0.405610138,-0.013,0.008765658,-0.013,0.405610138,0.012
1581251612.1160474,000000000402,e78f135624ce,-84,3.442466168,13.362,1.808230855,-0.00692342,0.015,-1.0,-0.403928993,-0.013,0.008692565,-0.013,0.403928993,0.012
1581251612.5640216,000000000402,e78f135624ce,-74,3.232857432,13.355650826,1.807650826,0.003684771,0.015342385,-1.0,-0.436044586,-0.014677982,-0.009349174,-0.014677982,0.436044586,0.011342385
1581251613.0150297,000000000402,e78f135624ce,-75,3.024488156,13.34593292,1.80473168,0.01020124,0.019,-0.99993292,-0.457965022,-0.01340248,-0.0123354,-0.01340248,0.457965022,0.01126832
1581251613.466017,000000000402,e78f135624ce,-84,2.796090104,13.3174441,1.784003099,0.0066646,0.0246646,-0.9995559,-0.815242196,-0.0198882,-0.0076646,-0.0208882,0.815242196,0.0212205
1581251613.916003,000000000402,e78f135624ce,-92,2.577639387,13.310252364,1.794657646,-0.006054125,0.018,-0.999828823,-0.94091001,-0.014513531,0.005882948,-0.014513531,0.94091001,0.018
1581251615.2790294,000000000402,e78f135624ce,-79,2.044584801,13.343898842,1.789865123,-0.023932562,0.012067438,-0.999,-0.997,-0.019966281,0.023932562,-0.019966281,0.997966281,0.012101158
1581251615.7360442,000000000402,e78f135624ce,-74,1.901311756,13.385977732,1.788363024,-0.046318488,0.010318488,-0.998340756,-0.998,-0.021,0.046318488,-0.021,0.999,0.011318488
1581251616.1880083,000000000402,e78f135624ce,-79,1.74477411,13.412580654,1.776212916,-0.056632262,0.012051607,-0.998,-0.998,-0.022367738,0.056316131,-0.021683869,0.999,0.013051607
1581251617.099014,000000000402,e78f135624ce,-79,1.346774666,13.393660214,1.778253524,-0.058626762,0.014373238,-0.99740669,-0.998,-0.02359331,0.058220071,-0.023,0.999,0.015373238
1581251618.008995,000000000402,e78f135624ce,-78,0.972188185,13.458239427,1.804380846,-0.058238308,0.004,-0.998,-0.998,-0.022619154,0.058238308,-0.022619154,0.999,0.005
1581251618.4620023,000000000402,e78f135624ce,-74,0.787731937,13.456202362,1.781896189,-0.044136661,0.007655717,-0.998,-0.998,-0.023655717,0.044136661,-0.024103811,0.999,0.008655717
1581251618.9179826,000000000402,e78f135624ce,-78,0.620401768,13.49,1.824226798,-0.051,-0.008686219,-0.996890518,-0.997,-0.020218963,0.051,-0.021109482,0.998890518,-0.007686219
1581251619.3720036,000000000402,e78f135624ce,-78,0.51308473,13.577354465,1.767031698,-0.065,-0.001941786,-0.996,-0.997,-0.019,0.065,-0.019735447,0.999,-0.00020634
1581251619.374984,000000000402,e78f135624ce,-75,0.512513473,13.577602838,1.767404257,-0.065,-0.002041135,-0.996,-0.997,-0.019,0.065,-0.019760284,0.999,-0.000280851
1581251619.8260028,000000000402,e78f135624ce,-75,0.458295786,13.647563205,1.85405632,-0.076816855,-0.021295786,-0.996,-0.996647893,-0.016352107,0.076816855,-0.018,0.999,-0.01994368
1581251620.2819774,000000000402,e78f135624ce,-78,0.430016055,13.244242791,2.002161206,-0.022806684,-0.033435452,-0.988564548,-0.989564548,-0.017145151,0.023661533,-0.012854849,0.998854849,-0.032580603
