1581252284.779766,b827eb4521b4,e78f135624ce,-84,11.73721105,4.283844201,1.786422101,0.037577899,-0.004577899,-0.999,0.999,0.018,0.03678895,0.018,-0.99978895,0.005577899
1581252284.7799156,b827eb917e19,e78f135624ce,-82,11.737212296,4.283849184,1.786424592,0.037575408,-0.004575408,-0.999,0.999,0.018,0.036787704,0.018,-0.999787704,0.005575408
1581252284.781878,000000000202,e78f135624ce,-80,11.73722865,4.283914598,1.786457299,0.037542701,-0.004542701,-0.999,0.999,0.018,0.03677135,0.018,-0.99977135,0.005542701
1581252284.78229,000000000102,e78f135624ce,-82,11.737232083,4.283928331,1.786464166,0.037535834,-0.004535834,-0.999,0.999,0.018,0.036767917,0.018,-0.999767917,0.005535834
1581252284.7823427,b827ebf7d096,e78f135624ce,-90,11.737232522,4.283930088,1.786465044,0.037534956,-0.004534956,-0.999,0.999,0.018,0.036767478,0.018,-0.999767478,0.005534956
1581252284.7828138,000000000301,e78f135624ce,-81,11.737236448,4.283945792,1.786472896,0.037527104,-0.004527104,-0.999,0.999,0.018,0.036763552,0.018,-0.999763552,0.005527104
1581252284.7835367,000000000401,e78f135624ce,-74,11.737242472,4.283969888,1.786484944,0.037515056,-0.004515056,-0.999,0.999,0.018,0.036757528,0.018,-0.999757528,0.005515056
1581252284.7835438,000000000402,e78f135624ce,-87,11.737242532,4.283970126,1.786485063,0.037514937,-0.004514937,-0.999,0.999,0.018,0.036757468,0.018,-0.999757468,0.005514937
1581252285.233475,b827eb4521b4,e78f135624ce,-83,11.74,4.28832254,1.79267746,0.03667746,-0.001,-0.999,0.99916127,0.018,0.03583873,0.018,-0.99983873,0.00216127
1581252285.2353165,000000000101,e78f135624ce,-81,11.74,4.288294208,1.792705792,0.036705792,-0.001,-0.999,0.999147104,0.018,0.035852896,0.018,-0.999852896,0.002147104
1581252285.2356544,b827eb917e19,e78f135624ce,-78,11.74,4.288289011,1.792710989,0.036710989,-0.001,-0.999,0.999144505,0.018,0.035855495,0.018,-0.999855495,0.002144505
1581252285.236212,b827ebf7d096,e78f135624ce,-81,11.74,4.288280431,1.792719569,0.036719569,-0.001,-0.999,0.999140216,0.018,0.035859784,0.018,-0.999859784,0.002140216
1581252285.2370746,b827ebfd7811,e78f135624ce,-53,11.74,4.288267161,1.792732839,0.036732839,-0.001,-0.999,0.99913358,0.018,0.03586642,0.018,-0.99986642,0.00213358
1581252285.238577,000000000102,e78f135624ce,-70,11.74,4.288244049,1.792755951,0.036755951,-0.001,-0.999,0.999122024,0.018,0.035877976,0.018,-0.999877976,0.002122024
1581252285.2388415,000000000302,e78f135624ce,-83,11.74,4.288239977,1.792760023,0.036760023,-0.001,-0.999,0.999119989,0.018,0.035880011,0.018,-0.999880011,0.002119989
1581252285.238862,000000000301,e78f135624ce,-73,11.74,4.288239662,1.792760338,0.036760338,-0.001,-0.999,0.999119831,0.018,0.035880169,0.018,-0.999880169,0.002119831
1581252285.238887,000000000201,e78f135624ce,-79,11.74,4.288239277,1.792760723,0.036760723,-0.001,-0.999,0.999119638,0.018,0.035880362,0.018,-0.999880362,0.002119638
1581252285.238909,000000000202,e78f135624ce,-78,11.74,4.288238939,1.792761061,0.036761061,-0.001,-0.999,0.99911947,0.018,0.03588053,0.018,-0.99988053,0.00211947
1581252285.2396052,000000000402,e78f135624ce,-74,11.74,4.288228229,1.792771771,0.036771771,-0.001,-0.999,0.999114114,0.018,0.035885886,0.018,-0.999885886,0.002114114
1581252285.240483,000000000401,e78f135624ce,-68,11.74,4.288214723,1.792785277,0.036785277,-0.001,-0.999,0.999107362,0.018,0.035892638,0.018,-0.999892638,0.002107362
1581252285.6874413,b827eb4521b4,e78f135624ce,-77,11.673361631,4.252245989,1.749846257,0.003361631,0.018576872,-0.999,0.226825538,0.009484626,0.040030749,0.010484626,-0.227825538,0.018092246
1581252285.6902177,b827ebf7d096,e78f135624ce,-84,11.673553842,4.251904281,1.750059825,0.003553842,0.018470088,-0.999,0.23192981,0.009505982,0.039988035,0.010505982,-0.23292981,0.017964105
1581252285.6903155,000000000101,e78f135624ce,-75,11.67356061,4.25189225,1.750067344,0.00356061,0.018466328,-0.999,0.232109522,0.009506734,0.039986531,0.010506734,-0.233109522,0.017959594
1581252285.690674,b827eb917e19,e78f135624ce,-85,11.673585434,4.251848116,1.750094927,0.003585434,0.018452536,-0.999,0.23276876,0.009509493,0.039981015,0.010509493,-0.23376876,0.017943044
1581252285.69095,b827ebfd7811,e78f135624ce,-53,11.673604532,4.251814166,1.750116146,0.003604532,0.018441927,-0.999,0.2332759,0.009511615,0.039976771,0.010511615,-0.2342759,0.017930312
1581252285.6928544,000000000302,e78f135624ce,-83,11.673736381,4.251579767,1.750262645,0.003736381,0.018368677,-0.999,0.236777224,0.009526265,0.039947471,0.010526265,-0.237777224,0.017842413
1581252285.6929069,000000000201,e78f135624ce,-86,11.673740012,4.251573312,1.75026668,0.003740012,0.01836666,-0.999,0.236873655,0.009526668,0.039946664,0.010526668,-0.237873655,0.017839992
1581252285.6929126,000000000202,e78f135624ce,-81,11.673740408,4.251572608,1.75026712,0.003740408,0.01836644,-0.999,0.236884175,0.009526712,0.039946576,0.010526712,-0.237884175,0.017839728
1581252285.6938121,000000000301,e78f135624ce,-83,11.673802685,4.251461893,1.750336317,0.003802685,0.018331842,-0.999,0.238537967,0.009533632,0.039932737,0.010533632,-0.239537967,0.01779821
1581252285.6944802,000000000402,e78f135624ce,-65,11.673848934,4.251379672,1.750387705,0.003848934,0.018306148,-0.999,0.239766148,0.00953877,0.039922459,0.01053877,-0.240766148,0.017767377
1581252285.6954687,000000000401,e78f135624ce,-65,11.673917368,4.251258013,1.750463742,0.003917368,0.018268129,-0.999,0.241583435,0.009546374,0.039907252,0.010546374,-0.242583435,0.017721755
1581252286.1421099,b827eb4521b4,e78f135624ce,-77,11.692252427,4.211368932,1.772757282,0.022252427,0.003873786,-0.999,0.755582524,0.012,0.033873786,0.012873786,-0.755708738,0.007747573
1581252286.1433163,000000000102,e78f135624ce,-74,11.692269661,4.211325846,1.772808984,0.022269661,0.003865169,-0.999,0.756168489,0.012,0.033865169,0.012865169,-0.756303319,0.007730339
1581252286.1443632,b827eb917e19,e78f135624ce,-79,11.692284617,4.211288457,1.772853851,0.022284617,0.003857691,-0.999,0.756676981,0.012,0.033857691,0.012857691,-0.756819289,0.007715383
1581252286.1447275,000000000101,e78f135624ce,-73,11.692289821,4.211275446,1.772869464,0.022289821,0.003855089,-0.999,0.756853928,0.012,0.033855089,0.012855089,-0.756998839,0.007710179
1581252286.1447423,b827ebf7d096,e78f135624ce,-91,11.692290033,4.211274919,1.772870098,0.022290033,0.003854984,-0.999,0.756861108,0.012,0.033854984,0.012854984,-0.757006124,0.007709967
1581252286.1456513,b827ebfd7811,e78f135624ce,-57,11.69230302,4.211242451,1.772909059,0.02230302,0.00384849,-0.999,0.757302665,0.012,0.03384849,0.01284849,-0.757454175,0.00769698
1581252286.1458466,000000000302,e78f135624ce,-82,11.692305809,4.211235477,1.772917427,0.022305809,0.003847095,-0.999,0.757397508,0.012,0.033847095,0.012847095,-0.757550413,0.007694191
1581252286.1468892,000000000202,e78f135624ce,-78,11.692320703,4.211198241,1.77296211,0.022320703,0.003839648,-0.999,0.757903916,0.012,0.033839648,0.012839648,-0.758064267,0.007679297
1581252286.146903,000000000301,e78f135624ce,-87,11.692320901,4.211197748,1.772962703,0.022320901,0.00383955,-0.999,0.757910632,0.012,0.03383955,0.01283955,-0.758071083,0.007679099
1581252286.1475637,000000000402,e78f135624ce,-66,11.692330339,4.211174153,1.772991017,0.022330339,0.003834831,-0.999,0.758231523,0.012,0.033834831,0.012834831,-0.758396692,0.007669661
1581252286.1512272,000000000401,e78f135624ce,-63,11.692382675,4.211043312,1.773148025,0.022382675,0.003808662,-0.999,0.760010955,0.012,0.033808662,0.012808662,-0.760202293,0.007617325
1581252286.597381,b827eb4521b4,e78f135624ce,-75,11.70175401,4.181983959,1.798278072,0.03,0.004,-0.999,0.921358278,0.01324599,0.03424599,0.014,-0.921604268,0.00024599
1581252286.5982819,000000000102,e78f135624ce,-72,11.701762199,4.181951204,1.798335392,0.03,0.004,-0.999,0.921579371,0.013237801,0.034237801,0.014,-0.921817172,0.000237801
1581252286.6002018,b827ebf7d096,e78f135624ce,-89,11.701779653,4.181881387,1.798457573,0.03,0.004,-0.999,0.92205064,0.013220347,0.034220347,0.014,-0.922270987,0.000220347
1581252286.6003134,000000000101,e78f135624ce,-72,11.701780668,4.181877329,1.798464674,0.03,0.004,-0.999,0.922078028,0.013219332,0.034219332,0.014,-0.92229736,0.000219332
1581252286.600685,b827eb917e19,e78f135624ce,-77,11.701784045,4.181863822,1.798488312,0.03,0.004,-0.999,0.922169204,0.013215955,0.034215955,0.014,-0.922385159,0.000215955
1581252286.600934,b827ebfd7811,e78f135624ce,-54,11.70178631,4.181854762,1.798504167,0.03,0.004,-0.999,0.922230358,0.01321369,0.03421369,0.014,-0.922444049,0.00021369
1581252286.6029499,000000000202,e78f135624ce,-73,11.701804635,4.181781459,1.798632447,0.03,0.004,-0.999,0.922725153,0.013195365,0.034195365,0.014,-0.922920518,0.000195365
1581252286.602953,000000000302,e78f135624ce,-81,11.701804663,4.181781346,1.798632644,0.03,0.004,-0.999,0.922725914,0.013195337,0.034195337,0.014,-0.92292125,0.000195337
1581252286.6030838,000000000201,e78f135624ce,-88,11.701805853,4.181776586,1.798640974,0.03,0.004,-0.999,0.922758042,0.013194147,0.034194147,0.014,-0.922952188,0.000194147
1581252286.6038105,000000000301,e78f135624ce,-79,11.70181246,4.181750161,1.798687218,0.03,0.004,-0.999,0.922936414,0.01318754,0.03418754,0.014,-0.923123954,0.00018754
1581252286.6044884,000000000402,e78f135624ce,-71,11.701818622,4.181725513,1.798730353,0.03,0.004,-0.999,0.923102789,0.013181378,0.034181378,0.014,-0.923284167,0.000181378
1581252287.0565786,b827eb4521b4,e78f135624ce,-71,11.719532313,4.160467687,1.803532313,0.032,-0.001,-0.999,0.974064627,0.012233843,0.033616922,0.012233843,-0.975064627,0.002616922
1581252287.058323,000000000102,e78f135624ce,-75,11.719595741,4.160404259,1.803595741,0.032,-0.001,-0.999,0.974191483,0.012202129,0.033601065,0.012202129,-0.975191483,0.002601065
1581252287.0588818,000000000202,e78f135624ce,-85,11.719616063,4.160383937,1.803616063,0.032,-0.001,-0.999,0.974232127,0.012191968,0.033595984,0.012191968,-0.975232127,0.002595984
1581252287.0591187,b827ebf7d096,e78f135624ce,-81,11.719624681,4.160375319,1.803624681,0.032,-0.001,-0.999,0.974249362,0.012187659,0.03359383,0.012187659,-0.975249362,0.00259383
1581252287.059308,000000000101,e78f135624ce,-69,11.719631565,4.160368435,1.803631565,0.032,-0.001,-0.999,0.97426313,0.012184218,0.033592109,0.012184218,-0.97526313,0.002592109
1581252287.0599568,b827ebfd7811,e78f135624ce,-59,11.719655155,4.160344845,1.803655155,0.032,-0.001,-0.999,0.974310311,0.012172422,0.033586211,0.012172422,-0.975310311,0.002586211
1581252287.0604544,000000000401,e78f135624ce,-64,11.719673249,4.160326751,1.803673249,0.032,-0.001,-0.999,0.974346498,0.012163375,0.033581688,0.012163375,-0.975346498,0.002581688
1581252287.0618787,000000000302,e78f135624ce,-85,11.719725042,4.160274958,1.803725042,0.032,-0.001,-0.999,0.974450085,0.012137479,0.033568739,0.012137479,-0.975450085,0.002568739
1581252287.512294,b827eb4521b4,e78f135624ce,-74,11.733938686,4.1341073,1.807,0.037984671,-0.002984671,-0.999,0.990954014,0.009015329,0.037984671,0.009015329,-0.991954014,0.003
1581252287.5143733,000000000101,e78f135624ce,-77,11.733998093,4.134003338,1.807,0.037999523,-0.002999523,-0.999,0.990998569,0.009000477,0.037999523,0.009000477,-0.991998569,0.003
1581252287.5144913,b827eb917e19,e78f135624ce,-77,11.73400233,4.13399534,1.806998602,0.038000932,-0.003000466,-0.999,0.991000932,0.009,0.038000932,0.009,-0.992000932,0.003000932
1581252287.514877,b827ebf7d096,e78f135624ce,-82,11.734019865,4.133960271,1.806988081,0.038007946,-0.003003973,-0.999,0.991007946,0.009,0.038007946,0.009,-0.992007946,0.003007946
1581252287.515774,b827ebfd7811,e78f135624ce,-54,11.734060634,4.133878732,1.806963619,0.038024254,-0.003012127,-0.999,0.991024254,0.009,0.038024254,0.009,-0.992024254,0.003024254
1581252287.5168786,000000000301,e78f135624ce,-71,11.734110843,4.133778314,1.806933494,0.038044337,-0.003022169,-0.999,0.991044337,0.009,0.038044337,0.009,-0.992044337,0.003044337
1581252287.5169225,000000000202,e78f135624ce,-85,11.734112837,4.133774326,1.806932298,0.038045135,-0.003022567,-0.999,0.991045135,0.009,0.038045135,0.009,-0.992045135,0.003045135
1581252287.5172923,000000000102,e78f135624ce,-69,11.734129646,4.133740709,1.806922213,0.038051858,-0.003025929,-0.999,0.991051858,0.009,0.038051858,0.009,-0.992051858,0.003051858
1581252287.5175312,000000000402,e78f135624ce,-67,11.734140505,4.133718991,1.806915697,0.038056202,-0.003028101,-0.999,0.991056202,0.009,0.038056202,0.009,-0.992056202,0.003056202
1581252287.5178943,000000000201,e78f135624ce,-84,11.73415701,4.133685981,1.806905794,0.038062804,-0.003031402,-0.999,0.991062804,0.009,0.038062804,0.009,-0.992062804,0.003062804
1581252287.5206065,000000000401,e78f135624ce,-73,11.734280294,4.133439412,1.806831824,0.038112118,-0.003056059,-0.999,0.991112118,0.009,0.038112118,0.009,-0.992112118,0.003112118
1581252287.964272,b827eb4521b4,e78f135624ce,-75,11.736358343,4.127,1.818,0.036,0.000358343,-0.999,0.996641657,0.009,0.036358343,0.009,-0.997641657,-0.000358343
1581252287.9663217,b827eb917e19,e78f135624ce,-77,11.736343702,4.127,1.818,0.036,0.000343702,-0.999,0.996656298,0.009,0.036343702,0.009,-0.997656298,-0.000343702
1581252287.9664533,000000000101,e78f135624ce,-78,11.736342762,4.127,1.818,0.036,0.000342762,-0.999,0.996657238,0.009,0.036342762,0.009,-0.997657238,-0.000342762
1581252287.9667358,b827ebf7d096,e78f135624ce,-84,11.736340744,4.127,1.818,0.036,0.000340744,-0.999,0.996659256,0.009,0.036340744,0.009,-0.997659256,-0.000340744
1581252287.9675941,b827ebfd7811,e78f135624ce,-54,11.736334613,4.127,1.818,0.036,0.000334613,-0.999,0.996665387,0.009,0.036334613,0.009,-0.997665387,-0.000334613
1581252287.9683857,000000000102,e78f135624ce,-69,11.736328959,4.127,1.818,0.036,0.000328959,-0.999,0.996671041,0.009,0.036328959,0.009,-0.997671041,-0.000328959
1581252287.9688222,000000000301,e78f135624ce,-71,11.736325841,4.127,1.818,0.036,0.000325841,-0.999,0.996674159,0.009,0.036325841,0.009,-0.997674159,-0.000325841
1581252287.969625,000000000402,e78f135624ce,-67,11.736320107,4.127,1.818,0.036,0.000320107,-0.999,0.996679893,0.009,0.036320107,0.009,-0.997679893,-0.000320107
1581252287.9699001,000000000201,e78f135624ce,-84,11.736318142,4.127,1.818,0.036,0.000318142,-0.999,0.996681858,0.009,0.036318142,0.009,-0.997681858,-0.000318142
1581252287.9699044,000000000202,e78f135624ce,-77,11.736318111,4.127,1.818,0.036,0.000318111,-0.999,0.996681889,0.009,0.036318111,0.009,-0.997681889,-0.000318111
1581252287.972819,000000000401,e78f135624ce,-68,11.736297292,4.127,1.818,0.036,0.000297292,-0.999,0.996702708,0.009,0.036297292,0.009,-0.997702708,-0.000297292
1581252288.4231641,b827eb4521b4,e78f135624ce,-74,11.73834803,4.124215764,1.819955911,0.036044089,-0.00034803,-0.999,0.99834803,0.010044089,0.036044089,0.010044089,-0.999,0.00034803
1581252288.4242818,000000000102,e78f135624ce,-73,11.738356013,4.124151895,1.81993196,0.03606804,-0.000356013,-0.999,0.998356013,0.01006804,0.03606804,0.01006804,-0.999,0.000356013
1581252288.4253416,000000000101,e78f135624ce,-71,11.738363583,4.124091336,1.819909251,0.036090749,-0.000363583,-0.999,0.998363583,0.010090749,0.036090749,0.010090749,-0.999,0.000363583
1581252288.4253817,b827eb917e19,e78f135624ce,-80,11.738363869,4.124089048,1.819908393,0.036091607,-0.000363869,-0.999,0.998363869,0.010091607,0.036091607,0.010091607,-0.999,0.000363869
1581252288.425702,b827ebf7d096,e78f135624ce,-87,11.738366158,4.124070737,1.819901526,0.036098474,-0.000366158,-0.999,0.998366158,0.010098474,0.036098474,0.010098474,-0.999,0.000366158
1581252288.4265625,b827ebfd7811,e78f135624ce,-57,11.738372304,4.124021568,1.819883088,0.036116912,-0.000372304,-0.999,0.998372304,0.010116912,0.036116912,0.010116912,-0.999,0.000372304
1581252288.4278035,000000000302,e78f135624ce,-83,11.738381168,4.123950656,1.819856496,0.036143504,-0.000381168,-0.999,0.998381168,0.010143504,0.036143504,0.010143504,-0.999,0.000381168
1581252288.4279072,000000000202,e78f135624ce,-76,11.738381909,4.12394473,1.819854274,0.036145726,-0.000381909,-0.999,0.998381909,0.010145726,0.036145726,0.010145726,-0.999,0.000381909
1581252288.4286218,000000000402,e78f135624ce,-68,11.738387013,4.123903899,1.819838962,0.036161038,-0.000387013,-0.999,0.998387013,0.010161038,0.036161038,0.010161038,-0.999,0.000387013
1581252288.4288826,000000000201,e78f135624ce,-88,11.738388876,4.123888994,1.819833373,0.036166627,-0.000388876,-0.999,0.998388876,0.010166627,0.036166627,0.010166627,-0.999,0.000388876
1581252288.4308898,000000000202,e78f135624ce,-72,11.738403213,4.123774294,1.81979036,0.03620964,-0.000403213,-0.999,0.998403213,0.01020964,0.03620964,0.01020964,-0.999,0.000403213
1581252288.4317565,000000000401,e78f135624ce,-65,11.738409404,4.123724772,1.819771789,0.036228211,-0.000409404,-0.999,0.998409404,0.010228211,0.036228211,0.010228211,-0.999,0.000409404
1581252288.8832488,b827eb4521b4,e78f135624ce,-72,11.73706292,4.113188761,1.814188761,0.03793708,-0.00193708,-0.999,0.999,0.01006292,0.03793708,0.01006292,-1.0,0.00193708
1581252288.8846955,000000000102,e78f135624ce,-78,11.737073254,4.113219762,1.814219762,0.037926746,-0.001926746,-0.999,0.999,0.010073254,0.037926746,0.010073254,-1.0,0.001926746
1581252288.8853018,000000000101,e78f135624ce,-68,11.737077585,4.113232754,1.814232754,0.037922415,-0.001922415,-0.999,0.999,0.010077585,0.037922415,0.010077585,-1.0,0.001922415
1581252288.8854392,b827eb917e19,e78f135624ce,-80,11.737078566,4.113235697,1.814235697,0.037921434,-0.001921434,-0.999,0.999,0.010078566,0.037921434,0.010078566,-1.0,0.001921434
1581252288.885733,b827ebf7d096,e78f135624ce,-81,11.737080664,4.113241991,1.814241991,0.037919336,-0.001919336,-0.999,0.999,0.010080664,0.037919336,0.010080664,-1.0,0.001919336
1581252288.8864932,000000000401,e78f135624ce,-65,11.737086095,4.113258284,1.814258284,0.037913905,-0.001913905,-0.999,0.999,0.010086095,0.037913905,0.010086095,-1.0,0.001913905
1581252288.8866541,b827ebfd7811,e78f135624ce,-58,11.737087244,4.113261732,1.814261732,0.037912756,-0.001912756,-0.999,0.999,0.010087244,0.037912756,0.010087244,-1.0,0.001912756
1581252288.887833,000000000301,e78f135624ce,-80,11.737095665,4.113286996,1.814286996,0.037904335,-0.001904335,-0.999,0.999,0.010095665,0.037904335,0.010095665,-1.0,0.001904335
1581252288.887895,000000000202,e78f135624ce,-74,11.737096108,4.113288324,1.814288324,0.037903892,-0.001903892,-0.999,0.999,0.010096108,0.037903892,0.010096108,-1.0,0.001903892
1581252288.8879294,000000000302,e78f135624ce,-87,11.737096353,4.11328906,1.81428906,0.037903647,-0.001903647,-0.999,0.999,0.010096353,0.037903647,0.010096353,-1.0,0.001903647
1581252288.8884802,000000000402,e78f135624ce,-69,11.737100287,4.113300862,1.814300862,0.037899713,-0.001899713,-0.999,0.999,0.010100287,0.037899713,0.010100287,-1.0,0.001899713
1581252289.336302,b827eb4521b4,e78f135624ce,-77,11.733040126,4.122959874,1.820733543,0.035,4.0126e-05,-0.999,0.999,0.011346709,0.035,0.011346709,-1.0,0.000959874
1581252289.3379557,000000000102,e78f135624ce,-73,11.732995026,4.123004974,1.820658376,0.035,-4.974e-06,-0.999,0.999,0.011331675,0.035,0.011331675,-1.0,0.001004974
1581252289.3382843,000000000101,e78f135624ce,-68,11.732986066,4.123013934,1.820643443,0.035,-1.3934e-05,-0.999,0.999,0.011328689,0.035,0.011328689,-1.0,0.001013934
1581252289.338892,000000000201,e78f135624ce,-83,11.732969491,4.123030509,1.820615818,0.035,-3.0509e-05,-0.999,0.999,0.011323164,0.035,0.011323164,-1.0,0.001030509
1581252289.3389122,000000000202,e78f135624ce,-77,11.732968938,4.123031062,1.820614897,0.035,-3.1062e-05,-0.999,0.999,0.011322979,0.035,0.011322979,-1.0,0.001031062
1581252289.3390906,b827ebf7d096,e78f135624ce,-77,11.732964075,4.123035925,1.820606791,0.035,-3.5925e-05,-0.999,0.999,0.011321358,0.035,0.011321358,-1.0,0.001035925
1581252289.3397245,b827ebfd7811,e78f135624ce,-60,11.732946785,4.123053215,1.820577975,0.035,-5.3215e-05,-0.999,0.999,0.011315595,0.035,0.011315595,-1.0,0.001053215
1581252289.3404303,000000000401,e78f135624ce,-63,11.732927538,4.123072462,1.820545897,0.035,-7.2462e-05,-0.999,0.999,0.011309179,0.035,0.011309179,-1.0,0.001072462
1581252289.789338,b827eb917e19,e78f135624ce,-75,11.715680257,4.125414968,1.811,0.041414968,-0.005,-0.999,0.999,0.007,0.041414968,0.007,-1.0,0.005
1581252289.7897398,b827eb4521b4,e78f135624ce,-85,11.715626692,4.125421664,1.811,0.041421664,-0.005,-0.999,0.999,0.007,0.041421664,0.007,-1.0,0.005
1581252289.7913966,000000000102,e78f135624ce,-76,11.715405789,4.125449276,1.811,0.041449276,-0.005,-0.999,0.999,0.007,0.041449276,0.007,-1.0,0.005
1581252289.791832,000000000301,e78f135624ce,-73,11.715347742,4.125456532,1.811,0.041456532,-0.005,-0.999,0.999,0.007,0.041456532,0.007,-1.0,0.005
1581252289.7919137,000000000201,e78f135624ce,-86,11.715336838,4.125457895,1.811,0.041457895,-0.005,-0.999,0.999,0.007,0.041457895,0.007,-1.0,0.005
1581252289.7919219,000000000202,e78f135624ce,-82,11.715335757,4.12545803,1.811,0.04145803,-0.005,-0.999,0.999,0.007,0.04145803,0.007,-1.0,0.005
1581252289.7924747,000000000402,e78f135624ce,-68,11.715262038,4.125467245,1.811,0.041467245,-0.005,-0.999,0.999,0.007,0.041467245,0.007,-1.0,0.005
1581252289.7936237,b827ebf7d096,e78f135624ce,-83,11.715108846,4.125486394,1.811,0.041486394,-0.005,-0.999,0.999,0.007,0.041486394,0.007,-1.0,0.005
1581252289.7949824,000000000302,e78f135624ce,-80,11.71492768,4.12550904,1.811,0.04150904,-0.005,-0.999,0.999,0.007,0.04150904,0.007,-1.0,0.005
1581252289.79564,000000000401,e78f135624ce,-63,11.714840005,4.125519999,1.811,0.041519999,-0.005,-0.999,0.999,0.007,0.041519999,0.007,-1.0,0.005
1581252289.798643,000000000401,e78f135624ce,-58,11.714439589,4.125570051,1.811,0.041570051,-0.005,-0.999,0.999,0.007,0.041570051,0.007,-1.0,0.005
1581252290.2398186,b827eb4521b4,e78f135624ce,-71,11.647598522,4.123378792,1.816189396,0.049621208,-0.002810604,-0.999,0.999,0.007189396,0.049621208,0.007189396,-1.0,0.002810604
1581252290.2399623,b827eb917e19,e78f135624ce,-72,11.64757751,4.12337658,1.81618829,0.04962342,-0.00281171,-0.999,0.999,0.00718829,0.04962342,0.00718829,-1.0,0.00281171
1581252290.24191,000000000201,e78f135624ce,-75,11.647292855,4.123346616,1.816173308,0.049653384,-0.002826692,-0.999,0.999,0.007173308,0.049653384,0.007173308,-1.0,0.002826692
1581252290.241916,000000000202,e78f135624ce,-84,11.647291984,4.123346525,1.816173262,0.049653475,-0.002826738,-0.999,0.999,0.007173262,0.049653475,0.007173262,-1.0,0.002826738
1581252290.2422671,000000000102,e78f135624ce,-79,11.647240656,4.123341122,1.816170561,0.049658878,-0.002829439,-0.999,0.999,0.007170561,0.049658878,0.007170561,-1.0,0.002829439
1581252290.24237,b827ebf7d096,e78f135624ce,-80,11.647225637,4.123339541,1.81616977,0.049660459,-0.00283023,-0.999,0.999,0.00716977,0.049660459,0.00716977,-1.0,0.00283023
1581252290.2428002,000000000301,e78f135624ce,-78,11.647162741,4.12333292,1.81616646,0.04966708,-0.00283354,-0.999,0.999,0.00716646,0.04966708,0.00716646,-1.0,0.00283354
1581252290.2435322,000000000402,e78f135624ce,-68,11.647055764,4.123321659,1.81616083,0.049678341,-0.00283917,-0.999,0.999,0.00716083,0.049678341,0.00716083,-1.0,0.00283917
1581252290.2449265,000000000302,e78f135624ce,-74,11.646851986,4.123300209,1.816150105,0.049699791,-0.002849895,-0.999,0.999,0.007150105,0.049699791,0.007150105,-1.0,0.002849895
1581252290.2465434,000000000401,e78f135624ce,-64,11.646615662,4.123275333,1.816137666,0.049724667,-0.002862334,-0.999,0.999,0.007137666,0.049724667,0.007137666,-1.0,0.002862334
1581252290.2493699,000000000401,e78f135624ce,-59,11.646202566,4.123231849,1.816115925,0.049768151,-0.002884075,-0.999,0.999,0.007115925,0.049768151,0.007115925,-1.0,0.002884075
1581252290.6917927,b827eb917e19,e78f135624ce,-77,11.557205929,4.12,1.812323525,0.060323525,-0.005558825,-0.998,0.998,0.007558825,0.060323525,0.007558825,-1.0,0.005558825
1581252290.6929398,b827ebfd7811,e78f135624ce,-61,11.556950053,4.12,1.812349994,0.060349994,-0.005550002,-0.998,0.998,0.007550002,0.060349994,0.007550002,-1.0,0.005550002
1581252290.6939058,000000000202,e78f135624ce,-79,11.556734545,4.12,1.812372288,0.060372288,-0.005542571,-0.998,0.998,0.007542571,0.060372288,0.007542571,-1.0,0.005542571
1581252290.6942577,000000000102,e78f135624ce,-69,11.556656043,4.12,1.812380409,0.060380409,-0.005539864,-0.998,0.998,0.007539864,0.060380409,0.007539864,-1.0,0.005539864
1581252290.6948783,000000000301,e78f135624ce,-73,11.556517601,4.12,1.812394731,0.060394731,-0.00553509,-0.998,0.998,0.00753509,0.060394731,0.00753509,-1.0,0.00553509
1581252290.6954799,000000000402,e78f135624ce,-68,11.556383413,4.12,1.812408612,0.060408612,-0.005530463,-0.998,0.998,0.007530463,0.060408612,0.007530463,-1.0,0.005530463
1581252290.6959,000000000201,e78f135624ce,-81,11.5562897,4.12,1.812418307,0.060418307,-0.005527231,-0.998,0.998,0.007527231,0.060418307,0.007527231,-1.0,0.005527231
1581252290.6968522,000000000302,e78f135624ce,-84,11.556077277,4.12,1.812440282,0.060440282,-0.005519906,-0.998,0.998,0.007519906,0.060440282,0.007519906,-1.0,0.005519906
1581252290.6984668,000000000401,e78f135624ce,-66,11.555717104,4.12,1.812477541,0.060477541,-0.005507486,-0.998,0.998,0.007507486,0.060477541,0.007507486,-1.0,0.005507486
1581252291.1443455,b827eb4521b4,e78f135624ce,-69,11.428952133,4.141304787,1.816076197,0.05754282,-0.005,-0.998076197,0.998,0.006076197,0.05754282,0.005152393,-1.0,0.006
1581252291.1463175,000000000101,e78f135624ce,-75,11.428345377,4.141365462,1.816091366,0.057451806,-0.005,-0.998091366,0.998,0.006091366,0.057451806,0.005182731,-1.0,0.006
1581252291.1464527,b827eb917e19,e78f135624ce,-75,11.428303782,4.141369622,1.816092405,0.057445567,-0.005,-0.998092405,0.998,0.006092405,0.057445567,0.005184811,-1.0,0.006
1581252291.146843,b827ebf7d096,e78f135624ce,-77,11.428183692,4.141381631,1.816095408,0.057427554,-0.005,-0.998095408,0.998,0.006095408,0.057427554,0.005190815,-1.0,0.006
1581252291.1478198,b827ebfd7811,e78f135624ce,-58,11.427883138,4.141411686,1.816102922,0.057382471,-0.005,-0.998102922,0.998,0.006102922,0.057382471,0.005205843,-1.0,0.006
1581252291.1484249,000000000102,e78f135624ce,-72,11.427696952,4.141430305,1.816107576,0.057354543,-0.005,-0.998107576,0.998,0.006107576,0.057354543,0.005215152,-1.0,0.006
1581252291.148831,000000000301,e78f135624ce,-75,11.427572021,4.141442798,1.816110699,0.057335803,-0.005,-0.998110699,0.998,0.006110699,0.057335803,0.005221399,-1.0,0.006
1581252291.1488316,000000000302,e78f135624ce,-80,11.427571801,4.14144282,1.816110705,0.05733577,-0.005,-0.998110705,0.998,0.006110705,0.05733577,0.00522141,-1.0,0.006
1581252291.1499166,000000000201,e78f135624ce,-89,11.427237942,4.141476206,1.816119051,0.057285691,-0.005,-0.998119051,0.998,0.006119051,0.057285691,0.005238103,-1.0,0.006
1581252291.1499178,000000000202,e78f135624ce,-73,11.427237575,4.141476243,1.816119061,0.057285636,-0.005,-0.998119061,0.998,0.006119061,0.057285636,0.005238121,-1.0,0.006
1581252291.1504946,000000000402,e78f135624ce,-67,11.427060118,4.141493988,1.816123497,0.057259018,-0.005,-0.998123497,0.998,0.006123497,0.057259018,0.005246994,-1.0,0.006
1581252291.153763,000000000401,e78f135624ce,-64,11.426054433,4.141594557,1.816148639,0.057108165,-0.005,-0.998148639,0.998,0.006148639,0.057108165,0.005297278,-1.0,0.006
1581252291.5947998,b827eb4521b4,e78f135624ce,-77,11.296883073,4.172687653,1.817348324,0.025312347,-0.003991006,-0.999,0.999,0.011669665,0.025312347,0.011669665,-1.0,0.003991006
1581252291.5969527,b827eb917e19,e78f135624ce,-73,11.296183374,4.172813241,1.817438029,0.025186759,-0.003937183,-0.999,0.999,0.011687606,0.025186759,0.011687606,-1.0,0.003937183
1581252291.5972826,000000000101,e78f135624ce,-87,11.296076133,4.172832489,1.817451778,0.025167511,-0.003928933,-0.999,0.999,0.011690356,0.025167511,0.011690356,-1.0,0.003928933
1581252291.5973742,b827ebf7d096,e78f135624ce,-77,11.296046378,4.17283783,1.817455593,0.02516217,-0.003926644,-0.999,0.999,0.011691119,0.02516217,0.011691119,-1.0,0.003926644
1581252291.598481,b827ebfd7811,e78f135624ce,-71,11.295686688,4.172902389,1.817501707,0.025097611,-0.003898976,-0.999,0.999,0.011700341,0.025097611,0.011700341,-1.0,0.003898976
1581252291.5993748,000000000102,e78f135624ce,-72,11.295396192,4.17295453,1.81753895,0.02504547,-0.00387663,-0.999,0.999,0.01170779,0.02504547,0.01170779,-1.0,0.00387663
1581252291.5998113,000000000302,e78f135624ce,-71,11.295254315,4.172979995,1.817557139,0.025020005,-0.003865717,-0.999,0.999,0.011711428,0.025020005,0.011711428,-1.0,0.003865717
1581252291.5998116,000000000301,e78f135624ce,-73,11.295254238,4.172980009,1.817557149,0.025019991,-0.003865711,-0.999,0.999,0.01171143,0.025019991,0.01171143,-1.0,0.003865711
1581252291.5999062,000000000202,e78f135624ce,-78,11.295223476,4.17298553,1.817561093,0.02501447,-0.003863344,-0.999,0.999,0.011712219,0.02501447,0.011712219,-1.0,0.003863344
1581252291.5999148,000000000201,e78f135624ce,-76,11.295220686,4.172986031,1.81756145,0.025013969,-0.00386313,-0.999,0.999,0.01171229,0.025013969,0.01171229,-1.0,0.00386313
1581252291.6004794,000000000402,e78f135624ce,-67,11.295037199,4.173018964,1.817584974,0.024981036,-0.003849015,-0.999,0.999,0.011716995,0.024981036,0.011716995,-1.0,0.003849015
1581252291.6045873,000000000401,e78f135624ce,-62,11.293702114,4.173258595,1.817756139,0.024741405,-0.003746316,-0.999,0.999,0.011751228,0.024741405,0.011751228,-1.0,0.003746316
1581252292.0492442,b827eb4521b4,e78f135624ce,-75,11.150948448,4.196870103,1.836160138,0.004709966,0.003290034,-1.0,1.0,0.014290034,0.004709966,0.014,-1.0,-0.003290034
1581252292.0512903,000000000101,e78f135624ce,-75,11.150181157,4.196921256,1.836228342,0.004692915,0.003307085,-1.0,1.0,0.014307085,0.004692915,0.014,-1.0,-0.003307085
1581252292.0517542,b827ebf7d096,e78f135624ce,-77,11.15000717,4.196932855,1.836243807,0.004689048,0.003310952,-1.0,1.0,0.014310952,0.004689048,0.014,-1.0,-0.003310952
1581252292.0524385,b827eb917e19,e78f135624ce,-71,11.149750572,4.196949962,1.836266616,0.004683346,0.003316654,-1.0,1.0,0.014316654,0.004683346,0.014,-1.0,-0.003316654
1581252292.0536413,b827ebfd7811,e78f135624ce,-60,11.149299514,4.196980032,1.83630671,0.004673323,0.003326677,-1.0,1.0,0.014326677,0.004673323,0.014,-1.0,-0.003326677
1581252292.0537992,000000000302,e78f135624ce,-74,11.149240326,4.196983978,1.836311971,0.004672007,0.003327993,-1.0,1.0,0.014327993,0.004672007,0.014,-1.0,-0.003327993
1581252292.0542636,000000000101,e78f135624ce,-72,11.149066161,4.196995589,1.836327452,0.004668137,0.003331863,-1.0,1.0,0.014331863,0.004668137,0.014,-1.0,-0.003331863
1581252292.0547953,000000000301,e78f135624ce,-73,11.148866783,4.197008881,1.836345175,0.004663706,0.003336294,-1.0,1.0,0.014336294,0.004663706,0.014,-1.0,-0.003336294
1581252292.0549257,000000000202,e78f135624ce,-81,11.148817878,4.197012141,1.836349522,0.00466262,0.00333738,-1.0,1.0,0.01433738,0.00466262,0.014,-1.0,-0.00333738
1581252292.055886,000000000201,e78f135624ce,-84,11.148457746,4.19703615,1.836381534,0.004654617,0.003345383,-1.0,1.0,0.014345383,0.004654617,0.014,-1.0,-0.003345383
1581252292.0564814,000000000402,e78f135624ce,-67,11.148234497,4.197051034,1.836401378,0.004649655,0.003350345,-1.0,1.0,0.014350345,0.004649655,0.014,-1.0,-0.003350345
1581252292.0596213,000000000401,e78f135624ce,-67,11.147057006,4.197129533,1.836506044,0.004623489,0.003376511,-1.0,1.0,0.014376511,0.004623489,0.014,-1.0,-0.003376511
1581252292.5022793,b827eb4521b4,e78f135624ce,-78,10.990928863,4.217158101,1.849812911,-0.002719367,0.007906456,-1.0,1.0,0.017,-0.002719367,0.017,-1.0,-0.007906456
1581252292.503263,000000000102,e78f135624ce,-75,10.990611048,4.217226204,1.849828045,-0.002742068,0.007914023,-1.0,1.0,0.017,-0.002742068,0.017,-1.0,-0.007914023
1581252292.5042398,000000000101,e78f135624ce,-74,10.990295466,4.217293829,1.849843073,-0.00276461,0.007921537,-1.0,1.0,0.017,-0.00276461,0.017,-1.0,-0.007921537
1581252292.5044892,b827eb917e19,e78f135624ce,-70,10.990214896,4.217311094,1.84984691,-0.002770365,0.007923455,-1.0,1.0,0.017,-0.002770365,0.017,-1.0,-0.007923455
1581252292.5048532,b827ebf7d096,e78f135624ce,-91,10.990097275,4.217336298,1.849852511,-0.002778766,0.007926255,-1.0,1.0,0.017,-0.002778766,0.017,-1.0,-0.007926255
1581252292.5057583,b827ebfd7811,e78f135624ce,-66,10.989804878,4.217398955,1.849866434,-0.002799652,0.007933217,-1.0,1.0,0.017,-0.002799652,0.017,-1.0,-0.007933217
1581252292.505778,000000000302,e78f135624ce,-77,10.989798485,4.217400325,1.849866739,-0.002800108,0.007933369,-1.0,1.0,0.017,-0.002800108,0.017,-1.0,-0.007933369
1581252292.506841,000000000301,e78f135624ce,-73,10.989455097,4.217473908,1.849883091,-0.002824636,0.007941545,-1.0,1.0,0.017,-0.002824636,0.017,-1.0,-0.007941545
1581252292.5069888,000000000202,e78f135624ce,-75,10.98940734,4.217484142,1.849885365,-0.002828047,0.007942682,-1.0,1.0,0.017,-0.002828047,0.017,-1.0,-0.007942682
1581252292.507463,000000000402,e78f135624ce,-64,10.989254132,4.217516972,1.84989266,-0.002838991,0.00794633,-1.0,1.0,0.017,-0.002838991,0.017,-1.0,-0.00794633
1581252292.5079002,000000000201,e78f135624ce,-73,10.989112864,4.217547244,1.849899387,-0.002849081,0.007949694,-1.0,1.0,0.017,-0.002849081,0.017,-1.0,-0.007949694
1581252292.5106204,000000000401,e78f135624ce,-64,10.988234057,4.217735559,1.849941235,-0.002911853,0.007970618,-1.0,1.0,0.017,-0.002911853,0.017,-1.0,-0.007970618
1581252292.9535217,b827eb4521b4,e78f135624ce,-79,10.822492902,4.230468602,1.842811613,-0.002937204,0.002405806,-1.0,1.0,0.019531398,-0.002937204,0.019531398,-1.0,-0.002405806
1581252292.955309,000000000102,e78f135624ce,-78,10.821833019,4.230454855,1.842729127,-0.002909709,0.002364564,-1.0,1.0,0.019545145,-0.002909709,0.019545145,-1.0,-0.002364564
1581252292.9557664,b827eb917e19,e78f135624ce,-81,10.821664087,4.230451335,1.842708011,-0.00290267,0.002354005,-1.0,1.0,0.019548665,-0.00290267,0.019548665,-1.0,-0.002354005
1581252292.9562597,000000000101,e78f135624ce,-69,10.82148195,4.230447541,1.842685244,-0.002895081,0.002342622,-1.0,1.0,0.019552459,-0.002895081,0.019552459,-1.0,-0.002342622
1581252292.9563203,b827ebf7d096,e78f135624ce,-91,10.82145959,4.230447075,1.842682449,-0.00289415,0.002341224,-1.0,1.0,0.019552925,-0.00289415,0.019552925,-1.0,-0.002341224
1581252292.9571557,b827ebfd7811,e78f135624ce,-68,10.821151128,4.230440648,1.842643891,-0.002881297,0.002321945,-1.0,1.0,0.019559352,-0.002881297,0.019559352,-1.0,-0.002321945
1581252292.9588103,000000000302,e78f135624ce,-77,10.82054019,4.230427921,1.842567524,-0.002855841,0.002283762,-1.0,1.0,0.019572079,-0.002855841,0.019572079,-1.0,-0.002283762
1581252292.9588106,000000000301,e78f135624ce,-82,10.820540102,4.230427919,1.842567513,-0.002855838,0.002283756,-1.0,1.0,0.019572081,-0.002855838,0.019572081,-1.0,-0.002283756
1581252292.9589138,000000000201,e78f135624ce,-74,10.820501984,4.230427125,1.842562748,-0.002854249,0.002281374,-1.0,1.0,0.019572875,-0.002854249,0.019572875,-1.0,-0.002281374
1581252292.958919,000000000202,e78f135624ce,-74,10.820500048,4.230427084,1.842562506,-0.002854169,0.002281253,-1.0,1.0,0.019572916,-0.002854169,0.019572916,-1.0,-0.002281253
1581252292.959515,000000000402,e78f135624ce,-62,10.820279969,4.230422499,1.842534996,-0.002844999,0.002267498,-1.0,1.0,0.019577501,-0.002844999,0.019577501,-1.0,-0.002267498
1581252292.9628248,000000000401,e78f135624ce,-63,10.819057917,4.23039704,1.84238224,-0.00279408,0.00219112,-1.0,1.0,0.01960296,-0.00279408,0.01960296,-1.0,-0.00219112
1581252293.405001,b827eb4521b4,e78f135624ce,-76,10.571561358,4.215525516,1.835841839,-0.009316322,0.007316322,-1.0,-0.256213861,0.003525516,0.007474484,0.003525516,0.256213861,0.007158161
1581252293.4063168,000000000102,e78f135624ce,-77,10.570893321,4.215495151,1.835831717,-0.009336566,0.007336566,-1.0,-0.258339434,0.003495151,0.007504849,0.003495151,0.258339434,0.007168283
1581252293.4072604,000000000101,e78f135624ce,-69,10.570414232,4.215473374,1.835824458,-0.009351084,0.007351084,-1.0,-0.259863808,0.003473374,0.007526626,0.003473374,0.259863808,0.007175542
1581252293.407284,b827eb917e19,e78f135624ce,-76,10.570402248,4.215472829,1.835824276,-0.009351447,0.007351447,-1.0,-0.259901937,0.003472829,0.007527171,0.003472829,0.259901937,0.007175724
1581252293.4078205,b827ebf7d096,e78f135624ce,-78,10.570129901,4.21546045,1.83582015,-0.0093597,0.0073597,-1.0,-0.260768496,0.00346045,0.00753955,0.00346045,0.260768496,0.00717985
1581252293.4084902,b827ebfd7811,e78f135624ce,-61,10.569789891,4.215444995,1.835814998,-0.009370003,0.007370003,-1.0,-0.261850347,0.003444995,0.007555005,0.003444995,0.261850347,0.007185002
1581252293.4094496,b827eb917e19,e78f135624ce,-71,10.569302813,4.215422855,1.835807618,-0.009384763,0.007384763,-1.0,-0.263400139,0.003422855,0.007577145,0.003422855,0.263400139,0.007192382
1581252293.4098318,000000000302,e78f135624ce,-77,10.569108781,4.215414036,1.835804679,-0.009390643,0.007390643,-1.0,-0.264017515,0.003414036,0.007585964,0.003414036,0.264017515,0.007195321
1581252293.4099476,000000000301,e78f135624ce,-73,10.569049954,4.215411362,1.835803787,-0.009392426,0.007392426,-1.0,-0.264204691,0.003411362,0.007588638,0.003411362,0.264204691,0.007196213
1581252293.4109197,000000000201,e78f135624ce,-78,10.568556461,4.21538893,1.83579631,-0.00940738,0.00740738,-1.0,-0.265774896,0.00338893,0.00761107,0.00338893,0.265774896,0.00720369
1581252293.4110081,000000000202,e78f135624ce,-82,10.568511554,4.215386889,1.83579563,-0.009408741,0.007408741,-1.0,-0.265917782,0.003386889,0.007613111,0.003386889,0.265917782,0.00720437
1581252293.4114568,000000000402,e78f135624ce,-72,10.568283751,4.215376534,1.835792178,-0.009415644,0.007415644,-1.0,-0.266642611,0.003376534,0.007623466,0.003376534,0.266642611,0.007207822
1581252293.4145513,000000000401,e78f135624ce,-71,10.566712732,4.215305124,1.835768375,-0.009463251,0.007463251,-1.0,-0.271641309,0.003305124,0.007694876,0.003305124,0.271641309,0.007231625
1581252293.8559003,b827eb4521b4,e78f135624ce,-70,10.342269842,4.202713492,1.831475661,-0.020810846,0.01,-1.0,-0.759735713,-0.003,0.020573016,-0.002762169,0.759735713,0.009762169
1581252293.857306,000000000102,e78f135624ce,-77,10.341566984,4.202678349,1.831452233,-0.020869418,0.01,-1.0,-0.760684572,-0.003,0.020643302,-0.002773884,0.760684572,0.009773884
1581252293.858262,000000000101,e78f135624ce,-68,10.341088954,4.202654448,1.831436298,-0.020909254,0.01,-1.0,-0.761329912,-0.003,0.020691105,-0.002781851,0.761329912,0.009781851
1581252293.858474,b827ebf7d096,e78f135624ce,-88,10.340982977,4.202649149,1.831432766,-0.020918085,0.01,-1.0,-0.761472981,-0.003,0.020701702,-0.002783617,0.761472981,0.009783617
1581252293.859136,b827eb917e19,e78f135624ce,-71,10.340651932,4.202632597,1.831421731,-0.020945672,0.01,-1.0,-0.761919891,-0.003,0.020734807,-0.002789134,0.761919891,0.009789134
1581252293.8593414,b827ebfd7811,e78f135624ce,-72,10.340549293,4.202627465,1.83141831,-0.020954226,0.01,-1.0,-0.762058454,-0.003,0.020745071,-0.002790845,0.762058454,0.009790845
1581252293.8608143,000000000302,e78f135624ce,-74,10.339812817,4.202590641,1.831393761,-0.021015599,0.01,-1.0,-0.763052697,-0.003,0.020818718,-0.00280312,0.763052697,0.00980312
1581252293.860909,000000000201,e78f135624ce,-80,10.339765491,4.202588275,1.831392183,-0.021019542,0.01,-1.0,-0.763116587,-0.003,0.020823451,-0.002803908,0.763116587,0.009803908
1581252293.8614664,000000000402,e78f135624ce,-69,10.33948678,4.202574339,1.831382893,-0.021042768,0.01,-1.0,-0.763492847,-0.003,0.020851322,-0.002808554,0.763492847,0.009808554
1581252293.8625233,000000000301,e78f135624ce,-69,10.338958324,4.202547916,1.831365277,-0.021086806,0.01,-1.0,-0.764206262,-0.003,0.020904168,-0.002817361,0.764206262,0.009817361
1581252293.8646972,000000000401,e78f135624ce,-68,10.337871373,4.202493569,1.831329046,-0.021177386,0.01,-1.0,-0.765673646,-0.003,0.021012863,-0.002835477,0.765673646,0.009835477
1581252294.3095648,b827eb4521b4,e78f135624ce,-77,10.136693834,4.19424792,1.82637604,-0.03950416,0.01162396,-0.999,-0.921648922,-0.00475208,0.03850416,-0.00375208,0.922648922,0.01162396
1581252294.311275,000000000102,e78f135624ce,-77,10.135924254,4.194219417,1.826390292,-0.039561166,0.011609708,-0.999,-0.921976706,-0.004780583,0.038561166,-0.003780583,0.922976706,0.011609708
