1581252411.2438352,b827eb4521b4,e78f135624ce,-72,11.711,4.129,1.84,0.008,-0.006,-1.01,0.443,-0.004,0.02,-0.004,-0.465,-0.017
1581252411.2449424,000000000102,e78f135624ce,-78,11.711,4.129,1.84,0.008,-0.006,-1.01,0.443,-0.004,0.02,-0.004,-0.465,-0.017
1581252411.2459683,b827eb917e19,e78f135624ce,-79,11.711,4.129,1.84,0.008,-0.006,-1.01,0.443,-0.004,0.02,-0.004,-0.465,-0.017
1581252411.2463999,b827ebf7d096,e78f135624ce,-94,11.711,4.129,1.84,0.008,-0.006,-1.01,0.443,-0.004,0.02,-0.004,-0.465,-0.017
1581252411.2470741,b827ebfd7811,e78f135624ce,-55,11.711,4.129,1.84,0.008,-0.006,-1.01,0.443,-0.004,0.02,-0.004,-0.465,-0.017
1581252411.2472222,000000000101,e78f135624ce,-74,11.711,4.129,1.84,0.008,-0.006,-1.01,0.443,-0.004,0.02,-0.004,-0.465,-0.017
1581252411.2488856,000000000302,e78f135624ce,-75,11.711,4.129,1.84,0.008,-0.006,-1.01,0.443,-0.004,0.02,-0.004,-0.465,-0.017
1581252411.2488985,000000000301,e78f135624ce,-86,11.711,4.129,1.84,0.008,-0.006,-1.01,0.443,-0.004,0.02,-0.004,-0.465,-0.017
1581252411.2490237,000000000402,e78f135624ce,-76,11.711,4.129,1.84,0.008,-0.006,-1.01,0.443,-0.004,0.02,-0.004,-0.465,-0.017
1581252411.2501998,000000000201,e78f135624ce,-82,11.711,4.129,1.84,0.008,-0.006,-1.01,0.443,-0.004,0.02,-0.004,-0.465,-0.017
1581252411.2502005,000000000202,e78f135624ce,-80,11.711,4.129,1.84,0.008,-0.006,-1.01,0.443,-0.004,0.02,-0.004,-0.465,-0.017
1581252411.2510195,000000000401,e78f135624ce,-67,11.711,4.129,1.84,0.008,-0.006,-1.01,0.443,-0.004,0.02,-0.004,-0.465,-0.017
1581252411.6991177,b827eb4521b4,e78f135624ce,-71,11.672085717,4.117158732,1.851652381,0.001,-0.010884127,-1.007115873,-0.199422188,-0.012420634,0.010579366,-0.012420634,0.183190441,-0.017115873
1581252411.6998887,000000000102,e78f135624ce,-78,11.671978957,4.11709942,1.851670174,0.001,-0.010890058,-1.007109942,-0.200833793,-0.01245029,0.01054971,-0.01245029,0.184613909,-0.017109942
1581252411.701662,b827ebf7d096,e78f135624ce,-87,11.671733415,4.116963008,1.851711097,0.001,-0.010903699,-1.007096301,-0.204080398,-0.012518496,0.010481504,-0.012518496,0.187887797,-0.017096301
1581252411.7019289,000000000101,e78f135624ce,-71,11.671696475,4.116942486,1.851717254,0.001,-0.010905751,-1.007094249,-0.20456883,-0.012528757,0.010471243,-0.012528757,0.188380332,-0.017094249
1581252411.7023518,b827eb917e19,e78f135624ce,-85,11.671637912,4.116909951,1.851727015,0.001,-0.010909005,-1.007090995,-0.205343161,-0.012545024,0.010454976,-0.012545024,0.189161171,-0.017090995
1581252411.703405,b827ebfd7811,e78f135624ce,-61,11.671492099,4.116828944,1.851751317,0.001,-0.010917106,-1.007082894,-0.207271133,-0.012585528,0.010414472,-0.012585528,0.191105344,-0.017082894
1581252411.703875,000000000302,e78f135624ce,-73,11.671427,4.116792778,1.851762167,0.001,-0.010920722,-1.007079278,-0.208131889,-0.012603611,0.010396389,-0.012603611,0.191973334,-0.017079278
1581252411.7039945,000000000401,e78f135624ce,-67,11.671410461,4.116783589,1.851764923,0.001,-0.010921641,-1.007078359,-0.20835057,-0.012608205,0.010391795,-0.012608205,0.192193852,-0.017078359
1581252411.704183,000000000202,e78f135624ce,-75,11.671384349,4.116769083,1.851769275,0.001,-0.010923092,-1.007076908,-0.208695833,-0.012615459,0.010384541,-0.012615459,0.192542017,-0.017076908
1581252411.7048745,000000000301,e78f135624ce,-78,11.671288615,4.116715897,1.851785231,0.001,-0.01092841,-1.00707159,-0.209961651,-0.012642051,0.010357949,-0.012642051,0.193818472,-0.01707159
1581252411.7060885,000000000402,e78f135624ce,-66,11.671120519,4.11662251,1.851813247,0.001,-0.010937749,-1.007062251,-0.212184253,-0.012688745,0.010311255,-0.012688745,0.196059751,-0.017062251
1581252412.1575441,b827eb4521b4,e78f135624ce,-68,11.627415277,4.122950315,1.868871338,-0.003742677,-0.005742677,-1.002435669,-0.43105115,-0.007049685,0.01,-0.007049685,0.425179811,-0.009871338
1581252412.1590452,000000000102,e78f135624ce,-73,11.627669306,4.123031143,1.868848245,-0.00369649,-0.00569649,-1.002424122,-0.425855097,-0.006968857,0.01,-0.006968857,0.420006852,-0.009848245
1581252412.1599143,000000000101,e78f135624ce,-67,11.627816374,4.123077937,1.868834875,-0.00366975,-0.00566975,-1.002417438,-0.422846899,-0.006922063,0.01,-0.006922063,0.417012024,-0.009834875
1581252412.1600647,b827ebf7d096,e78f135624ce,-79,11.627841833,4.123086038,1.868832561,-0.003665121,-0.005665121,-1.00241628,-0.422326138,-0.006913962,0.01,-0.006913962,0.416493577,-0.009832561
1581252412.1601813,000000000201,e78f135624ce,-79,11.627861563,4.123092316,1.868830767,-0.003661534,-0.005661534,-1.002415383,-0.421922569,-0.006907684,0.01,-0.006907684,0.416091802,-0.009830767
1581252412.1601832,000000000202,e78f135624ce,-79,11.627861886,4.123092418,1.868830738,-0.003661475,-0.005661475,-1.002415369,-0.421915967,-0.006907582,0.01,-0.006907582,0.416085229,-0.009830738
1581252412.1609852,000000000401,e78f135624ce,-65,11.627997616,4.123135605,1.868818399,-0.003636797,-0.005636797,-1.002409199,-0.419139676,-0.006864395,0.01,-0.006864395,0.413321278,-0.009818399
1581252412.1610494,b827ebfd7811,e78f135624ce,-58,11.628008469,4.123139058,1.868817412,-0.003634824,-0.005634824,-1.002408706,-0.418917672,-0.006860942,0.01,-0.006860942,0.41310026,-0.009817412
1581252412.1618564,000000000302,e78f135624ce,-81,11.628145046,4.123182515,1.868804996,-0.003609992,-0.005609992,-1.002402498,-0.416124051,-0.006817485,0.01,-0.006817485,0.410319055,-0.009804996
1581252412.6094182,b827eb917e19,e78f135624ce,-79,11.675358919,4.109223475,1.840641081,0.007388262,-0.006,-1.000805869,0.543237061,0.004582394,0.012,0.004582394,-0.54504293,0.001388262
1581252412.6098344,b827eb4521b4,e78f135624ce,-68,11.675381334,4.109210666,1.840618666,0.007394667,-0.006,-1.000802667,0.54365334,0.004592,0.012,0.004592,-0.545456006,0.001394667
1581252412.6109092,000000000102,e78f135624ce,-73,11.675439207,4.109177596,1.840560793,0.007411202,-0.006,-1.000794399,0.54472813,0.004616803,0.012,0.004616803,-0.546522529,0.001411202
1581252412.611875,000000000301,e78f135624ce,-72,11.675491213,4.109147878,1.840508787,0.007426061,-0.006,-1.00078697,0.545693963,0.004639091,0.012,0.004639091,-0.547480932,0.001426061
1581252412.6118913,000000000101,e78f135624ce,-68,11.675492086,4.109147379,1.840507914,0.00742631,-0.006,-1.000786845,0.545710175,0.004639466,0.012,0.004639466,-0.54749702,0.00142631
1581252412.6121898,000000000201,e78f135624ce,-78,11.675508159,4.109138195,1.840491841,0.007430903,-0.006,-1.000784549,0.546008675,0.004646354,0.012,0.004646354,-0.547793223,0.001430903
1581252412.6124282,b827ebf7d096,e78f135624ce,-79,11.675520997,4.109130859,1.840479003,0.007434571,-0.006,-1.000782715,0.546247093,0.004651856,0.012,0.004651856,-0.548029808,0.001434571
1581252412.6126497,000000000202,e78f135624ce,-78,11.675532924,4.109124044,1.840467076,0.007437978,-0.006,-1.000781011,0.546468584,0.004656967,0.012,0.004656967,-0.548249595,0.001437978
1581252412.6129942,000000000402,e78f135624ce,-69,11.675551475,4.109113443,1.840448525,0.007443278,-0.006,-1.000778361,0.546813098,0.004664918,0.012,0.004664918,-0.548591459,0.001443278
1581252412.6148787,000000000302,e78f135624ce,-81,11.675652945,4.10905546,1.840347055,0.00747227,-0.006,-1.000763865,0.548697557,0.004708405,0.012,0.004708405,-0.550461422,0.00147227
1581252412.6149967,000000000401,e78f135624ce,-77,11.6756593,4.109051828,1.8403407,0.007474086,-0.006,-1.000762957,0.548815574,0.004711129,0.012,0.004711129,-0.550578531,0.001474086
1581252413.0635238,b827eb917e19,e78f135624ce,-77,11.700061031,4.103563381,1.820751175,0.008812206,-0.007,-1.0,0.853422515,0.007,0.01,0.007,-0.854422515,0.005812206
1581252413.0639186,000000000101,e78f135624ce,-85,11.700078977,4.103552614,1.820736818,0.008815795,-0.007,-1.0,0.853605569,0.007,0.01,0.007,-0.854605569,0.005815795
1581252413.0649192,b827ebfd7811,e78f135624ce,-53,11.700124461,4.103525323,1.820700431,0.008824892,-0.007,-1.0,0.854069503,0.007,0.01,0.007,-0.855069503,0.005824892
1581252413.065958,000000000102,e78f135624ce,-71,11.700171679,4.103496993,1.820662657,0.008834336,-0.007,-1.0,0.854551125,0.007,0.01,0.007,-0.855551125,0.005834336
1581252413.0661728,000000000202,e78f135624ce,-76,11.700181443,4.103491134,1.820654845,0.008836289,-0.007,-1.0,0.854650721,0.007,0.01,0.007,-0.855650721,0.005836289
1581252413.0668325,000000000301,e78f135624ce,-72,11.70021143,4.103473142,1.820630856,0.008842286,-0.007,-1.0,0.854956584,0.007,0.01,0.007,-0.855956584,0.005842286
1581252413.0670035,000000000402,e78f135624ce,-70,11.7002192,4.10346848,1.82062464,0.00884384,-0.007,-1.0,0.855035841,0.007,0.01,0.007,-0.856035841,0.00584384
1581252413.0671394,000000000201,e78f135624ce,-86,11.700225377,4.103464774,1.820619698,0.008845075,-0.007,-1.0,0.855098848,0.007,0.01,0.007,-0.856098848,0.005845075
1581252413.0680687,000000000401,e78f135624ce,-75,11.700267621,4.103439428,1.820585903,0.008853524,-0.007,-1.0,0.855529732,0.007,0.01,0.007,-0.856529732,0.005853524
1581252413.513063,b827eb4521b4,e78f135624ce,-79,11.716474297,4.101111818,1.815293058,0.008413884,-0.004646529,-1.0,0.951948595,0.008060413,0.009413884,0.008060413,-0.951948595,0.004646529
1581252413.5153222,b827eb917e19,e78f135624ce,-77,11.716618068,4.100885893,1.815251981,0.008496039,-0.00462599,-1.0,0.952236136,0.008122029,0.009496039,0.008122029,-0.952236136,0.00462599
1581252413.5156598,b827ebf7d096,e78f135624ce,-91,11.716639552,4.100852133,1.815245842,0.008508315,-0.004622921,-1.0,0.952279104,0.008131237,0.009508315,0.008131237,-0.952279104,0.004622921
1581252413.515911,000000000101,e78f135624ce,-82,11.716655543,4.100827003,1.815241273,0.008517453,-0.004620637,-1.0,0.952311087,0.00813809,0.009517453,0.00813809,-0.952311087,0.004620637
1581252413.5167334,b827ebfd7811,e78f135624ce,-53,11.716707872,4.100744773,1.815226322,0.008547355,-0.004613161,-1.0,0.952415744,0.008160517,0.009547355,0.008160517,-0.952415744,0.004613161
1581252413.5171773,000000000202,e78f135624ce,-76,11.716736122,4.100700379,1.815218251,0.008563499,-0.004609125,-1.0,0.952472245,0.008172624,0.009563499,0.008172624,-0.952472245,0.004609125
1581252413.5178611,000000000302,e78f135624ce,-77,11.716779636,4.100632001,1.815205818,0.008588363,-0.004602909,-1.0,0.952559272,0.008191273,0.009588363,0.008191273,-0.952559272,0.004602909
1581252413.5178788,000000000301,e78f135624ce,-72,11.716780759,4.100630236,1.815205498,0.008589005,-0.004602749,-1.0,0.952561517,0.008191754,0.009589005,0.008191754,-0.952561517,0.004602749
1581252413.5179188,000000000102,e78f135624ce,-71,11.716783308,4.100626231,1.815204769,0.008590462,-0.004602385,-1.0,0.952566615,0.008192846,0.009590462,0.008192846,-0.952566615,0.004602385
1581252413.5189853,000000000402,e78f135624ce,-68,11.716851172,4.100519586,1.815185379,0.008629241,-0.00459269,-1.0,0.952702345,0.008221931,0.009629241,0.008221931,-0.952702345,0.00459269
1581252413.5191908,000000000201,e78f135624ce,-86,11.716864251,4.100499034,1.815181643,0.008636715,-0.004590821,-1.0,0.952728502,0.008227536,0.009636715,0.008227536,-0.952728502,0.004590821
1581252413.5209935,000000000401,e78f135624ce,-78,11.716978967,4.100318766,1.815148867,0.008702267,-0.004574433,-1.0,0.952957934,0.0082767,0.009702267,0.0082767,-0.952957934,0.004574433
1581252413.9729252,000000000102,e78f135624ce,-78,11.731937201,4.066089713,1.810035885,0.018982057,-0.002991029,-1.0,0.984946172,0.011991029,0.018982057,0.011991029,-0.984946172,0.002991029
1581252413.9736168,b827ebf7d096,e78f135624ce,-93,11.731971783,4.06604031,1.810016124,0.018991938,-0.002995969,-1.0,0.984975814,0.011995969,0.018991938,0.011995969,-0.984975814,0.002995969
1581252413.9738884,000000000101,e78f135624ce,-70,11.731985361,4.066020913,1.810008365,0.018995817,-0.002997909,-1.0,0.984987452,0.011997909,0.018995817,0.011997909,-0.984987452,0.002997909
1581252413.9742968,b827eb917e19,e78f135624ce,-78,11.732002102,4.065998949,1.810003154,0.019,-0.002997898,-1.0,0.985004205,0.012,0.019,0.012,-0.985004205,0.002997898
1581252413.975559,b827ebfd7811,e78f135624ce,-54,11.732025051,4.065987474,1.810037577,0.019,-0.002974949,-1.0,0.985050103,0.012,0.019,0.012,-0.985050103,0.002974949
1581252413.9758382,000000000302,e78f135624ce,-81,11.732030127,4.065984936,1.810045191,0.019,-0.002969873,-1.0,0.985060255,0.012,0.019,0.012,-0.985060255,0.002969873
1581252413.9761682,000000000202,e78f135624ce,-81,11.732036127,4.065981937,1.81005419,0.019,-0.002963873,-1.0,0.985072254,0.012,0.019,0.012,-0.985072254,0.002963873
1581252413.9771981,000000000201,e78f135624ce,-81,11.732054854,4.065972573,1.81008228,0.019,-0.002945146,-1.0,0.985109707,0.012,0.019,0.012,-0.985109707,0.002945146
1581252413.977991,000000000402,e78f135624ce,-76,11.732069272,4.065965364,1.810103907,0.019,-0.002930728,-1.0,0.985138543,0.012,0.019,0.012,-0.985138543,0.002930728
1581252413.9790056,000000000401,e78f135624ce,-66,11.732087716,4.065956142,1.810131575,0.019,-0.002912284,-1.0,0.985175433,0.012,0.019,0.012,-0.985175433,0.002912284
1581252414.423265,b827eb4521b4,e78f135624ce,-71,11.750636313,4.043091061,1.803908939,0.022,-0.003727374,-1.0,0.994636313,0.012636313,0.022,0.012636313,-0.995272626,0.003727374
1581252414.4249864,000000000102,e78f135624ce,-81,11.750648609,4.043054174,1.803945826,0.022,-0.003702783,-1.0,0.994648609,0.012648609,0.022,0.012648609,-0.995297217,0.003702783
1581252414.425559,b827eb917e19,e78f135624ce,-78,11.750652699,4.043041902,1.803958098,0.022,-0.003694601,-1.0,0.994652699,0.012652699,0.022,0.012652699,-0.995305399,0.003694601
1581252414.4258158,b827ebf7d096,e78f135624ce,-88,11.750654533,4.0430364,1.8039636,0.022,-0.003690933,-1.0,0.994654533,0.012654533,0.022,0.012654533,-0.995309067,0.003690933
1581252414.425887,000000000101,e78f135624ce,-70,11.750655043,4.043034872,1.803965128,0.022,-0.003689915,-1.0,0.994655043,0.012655043,0.022,0.012655043,-0.995310085,0.003689915
1581252414.4268308,b827ebfd7811,e78f135624ce,-54,11.750661783,4.043014651,1.803985349,0.022,-0.003676434,-1.0,0.994661783,0.012661783,0.022,0.012661783,-0.995323566,0.003676434
1581252414.427873,000000000302,e78f135624ce,-80,11.750669227,4.04299232,1.80400768,0.022,-0.003661546,-1.0,0.994669227,0.012669227,0.022,0.012669227,-0.995338454,0.003661546
1581252414.4278934,000000000301,e78f135624ce,-85,11.750669373,4.04299188,1.80400812,0.022,-0.003661253,-1.0,0.994669373,0.012669373,0.022,0.012669373,-0.995338747,0.003661253
1581252414.4282846,000000000202,e78f135624ce,-78,11.750672168,4.042983496,1.804016504,0.022,-0.003655664,-1.0,0.994672168,0.012672168,0.022,0.012672168,-0.995344336,0.003655664
1581252414.4290476,000000000402,e78f135624ce,-75,11.750677617,4.042967148,1.804032852,0.022,-0.003644765,-1.0,0.994677617,0.012677617,0.022,0.012677617,-0.995355235,0.003644765
1581252414.429184,000000000201,e78f135624ce,-83,11.750678592,4.042964225,1.804035775,0.022,-0.003642817,-1.0,0.994678592,0.012678592,0.022,0.012678592,-0.995357183,0.003642817
1581252414.4309986,000000000401,e78f135624ce,-66,11.750691553,4.042925341,1.804074659,0.022,-0.003616894,-1.0,0.994691553,0.012691553,0.022,0.012691553,-0.995383106,0.003616894
1581252414.4332147,000000000202,e78f135624ce,-72,11.750707382,4.042877853,1.804122147,0.022,-0.003585235,-1.0,0.994707382,0.012707382,0.022,0.012707382,-0.995414765,0.003585235
1581252414.8803027,b827eb4521b4,e78f135624ce,-70,11.74432944,4.035294397,1.813352801,0.022352801,0.000682241,-1.0,0.998,0.012341121,0.022352801,0.012341121,-0.99832944,-1.1681e-05
1581252414.880877,000000000102,e78f135624ce,-71,11.744333542,4.035335422,1.813332289,0.022332289,0.000665831,-1.0,0.998,0.012332916,0.022332289,0.012332916,-0.998333542,6.27e-07
1581252414.8828053,b827ebf7d096,e78f135624ce,-82,11.744347316,4.03547316,1.81326342,0.02226342,0.000610736,-1.0,0.998,0.012305368,0.02226342,0.012305368,-0.998347316,4.1948e-05
1581252414.8831859,000000000201,e78f135624ce,-80,11.744350034,4.03550034,1.81324983,0.02224983,0.000599864,-1.0,0.998,0.012299932,0.02224983,0.012299932,-0.998350034,5.0102e-05
1581252414.8835425,b827eb917e19,e78f135624ce,-81,11.744352582,4.035525816,1.813237092,0.022237092,0.000589673,-1.0,0.998,0.012294837,0.022237092,0.012294837,-0.998352582,5.7745e-05
1581252414.8839228,000000000101,e78f135624ce,-72,11.744355298,4.035552979,1.81322351,0.02222351,0.000578808,-1.0,0.998,0.012289404,0.02222351,0.012289404,-0.998355298,6.5894e-05
1581252414.883995,000000000401,e78f135624ce,-63,11.744355814,4.035558139,1.81322093,0.02222093,0.000576744,-1.0,0.998,0.012288372,0.02222093,0.012288372,-0.998355814,6.7442e-05
1581252414.884621,b827ebfd7811,e78f135624ce,-61,11.744360284,4.035602843,1.813198579,0.022198579,0.000558863,-1.0,0.998,0.012279431,0.022198579,0.012279431,-0.998360284,8.0853e-05
1581252414.884894,000000000302,e78f135624ce,-77,11.744362234,4.035622342,1.813188829,0.022188829,0.000551063,-1.0,0.998,0.012275532,0.022188829,0.012275532,-0.998362234,8.6703e-05
1581252414.8859086,000000000301,e78f135624ce,-75,11.744369482,4.035694821,1.813152589,0.022152589,0.000522072,-1.0,0.998,0.012261036,0.022152589,0.012261036,-0.998369482,0.000108446
1581252414.8861656,000000000202,e78f135624ce,-79,11.744371318,4.035713179,1.81314341,0.02214341,0.000514728,-1.0,0.998,0.012257364,0.02214341,0.012257364,-0.998371318,0.000113954
1581252414.887008,000000000402,e78f135624ce,-69,11.744377335,4.035773346,1.813113327,0.022113327,0.000490662,-1.0,0.998,0.012245331,0.022113327,0.012245331,-0.998377335,0.000132004
1581252415.3340454,b827eb4521b4,e78f135624ce,-88,11.752001233,4.048990134,1.793002467,0.016002467,-0.008,-1.0,0.999,0.01,0.016002467,0.01,-0.999,0.008
1581252415.3349302,000000000102,e78f135624ce,-82,11.751978597,4.049021403,1.793005351,0.015994649,-0.007994649,-1.0,0.999,0.01,0.015994649,0.01,-0.999005351,0.007994649
1581252415.336065,b827eb917e19,e78f135624ce,-71,11.751946172,4.049053828,1.793013457,0.015986543,-0.007986543,-1.0,0.999,0.01,0.015986543,0.01,-0.999013457,0.007986543
1581252415.33664,b827ebf7d096,e78f135624ce,-89,11.751929748,4.049070252,1.793017563,0.015982437,-0.007982437,-1.0,0.999,0.01,0.015982437,0.01,-0.999017563,0.007982437
1581252415.3370254,000000000401,e78f135624ce,-62,11.751918733,4.049081267,1.793020317,0.015979683,-0.007979683,-1.0,0.999,0.01,0.015979683,0.01,-0.999020317,0.007979683
1581252415.3378434,000000000302,e78f135624ce,-82,11.751895362,4.049104638,1.79302616,0.01597384,-0.00797384,-1.0,0.999,0.01,0.01597384,0.01,-0.99902616,0.00797384
1581252415.3391442,000000000202,e78f135624ce,-71,11.751858196,4.049141804,1.793035451,0.015964549,-0.007964549,-1.0,0.999,0.01,0.015964549,0.01,-0.999035451,0.007964549
1581252415.3399036,000000000301,e78f135624ce,-72,11.751836499,4.049163501,1.793040875,0.015959125,-0.007959125,-1.0,0.999,0.01,0.015959125,0.01,-0.999040875,0.007959125
1581252415.3399918,000000000402,e78f135624ce,-61,11.751833979,4.049166021,1.793041505,0.015958495,-0.007958495,-1.0,0.999,0.01,0.015958495,0.01,-0.999041505,0.007958495
1581252415.3400338,b827ebfd7811,e78f135624ce,-54,11.75183278,4.04916722,1.793041805,0.015958195,-0.007958195,-1.0,0.999,0.01,0.015958195,0.01,-0.999041805,0.007958195
1581252415.340817,000000000302,e78f135624ce,-75,11.751810403,4.049189597,1.793047399,0.015952601,-0.007952601,-1.0,0.999,0.01,0.015952601,0.01,-0.999047399,0.007952601
1581252415.7920775,b827eb917e19,e78f135624ce,-75,11.750148279,4.063555163,1.799086201,0.01238276,-0.004765519,-1.0,1.0,0.01061724,0.01238276,0.01061724,-1.0,0.004765519
1581252415.79317,b827ebfd7811,e78f135624ce,-60,11.750118485,4.063644544,1.799135858,0.012372828,-0.004745657,-1.0,1.0,0.010627172,0.012372828,0.010627172,-1.0,0.004745657
1581252415.7941692,000000000202,e78f135624ce,-82,11.750091234,4.063726297,1.799181276,0.012363745,-0.004727489,-1.0,1.0,0.010636255,0.012363745,0.010636255,-1.0,0.004727489
1581252415.7949545,000000000102,e78f135624ce,-74,11.750069816,4.063790553,1.799216974,0.012356605,-0.00471321,-1.0,1.0,0.010643395,0.012356605,0.010643395,-1.0,0.00471321
1581252415.796014,000000000402,e78f135624ce,-68,11.750040919,4.063877242,1.799265135,0.012346973,-0.004693946,-1.0,1.0,0.010653027,0.012346973,0.010653027,-1.0,0.004693946
1581252415.7970028,000000000401,e78f135624ce,-58,11.750013954,4.063958138,1.799310077,0.012337985,-0.004675969,-1.0,1.0,0.010662015,0.012337985,0.010662015,-1.0,0.004675969
1581252416.2436244,b827eb917e19,e78f135624ce,-80,11.727273369,4.070324055,1.803972165,0.022027835,-0.002675945,-1.0,1.0,0.011,0.022027835,0.011,-1.0,0.002675945
1581252416.243898,000000000101,e78f135624ce,-84,11.727220955,4.070328613,1.803985838,0.022014162,-0.002671387,-1.0,1.0,0.011,0.022014162,0.011,-1.0,0.002671387
1581252416.2450092,b827ebfd7811,e78f135624ce,-59,11.727007961,4.070347134,1.804041401,0.021958599,-0.002652866,-1.0,1.0,0.011,0.021958599,0.011,-1.0,0.002652866
1581252416.2459018,000000000102,e78f135624ce,-71,11.726836872,4.070362011,1.804086033,0.021913967,-0.002637989,-1.0,1.0,0.011,0.021913967,0.011,-1.0,0.002637989
1581252416.2462678,000000000202,e78f135624ce,-75,11.726766727,4.070368111,1.804104332,0.021895668,-0.002631889,-1.0,1.0,0.011,0.021895668,0.011,-1.0,0.002631889
1581252416.2468143,000000000301,e78f135624ce,-72,11.72666199,4.070377218,1.804131655,0.021868345,-0.002622782,-1.0,1.0,0.011,0.021868345,0.011,-1.0,0.002622782
1581252416.2469878,000000000402,e78f135624ce,-66,11.726628722,4.070380111,1.804140333,0.021859667,-0.002619889,-1.0,1.0,0.011,0.021859667,0.011,-1.0,0.002619889
1581252416.2471719,000000000201,e78f135624ce,-79,11.726593444,4.070383179,1.804149536,0.021850464,-0.002616821,-1.0,1.0,0.011,0.021850464,0.011,-1.0,0.002616821
1581252416.2479937,000000000401,e78f135624ce,-65,11.726435927,4.070396876,1.804190628,0.021809372,-0.002603124,-1.0,1.0,0.011,0.021809372,0.011,-1.0,0.002603124
1581252416.6958857,b827eb4521b4,e78f135624ce,-68,11.638876756,4.087347027,1.809,0.024258739,-0.002,-0.999217658,0.999217658,0.013,0.024258739,0.012217658,-1.0,0.002782342
1581252416.6979325,000000000101,e78f135624ce,-74,11.638451647,4.087394261,1.809,0.024384697,-0.002,-0.999201913,0.999201913,0.013,0.024384697,0.012201913,-1.0,0.002798087
1581252416.6984222,b827ebf7d096,e78f135624ce,-78,11.638349938,4.087405562,1.809,0.024414833,-0.002,-0.999198146,0.999198146,0.013,0.024414833,0.012198146,-1.0,0.002801854
1581252416.6994195,b827ebfd7811,e78f135624ce,-58,11.638142805,4.087428577,1.809,0.024476206,-0.002,-0.999190474,0.999190474,0.013,0.024476206,0.012190474,-1.0,0.002809526
1581252416.699774,b827eb917e19,e78f135624ce,-72,11.638069173,4.087436759,1.809,0.024498023,-0.002,-0.999187747,0.999187747,0.013,0.024498023,0.012187747,-1.0,0.002812253
1581252416.7008524,000000000302,e78f135624ce,-76,11.637845204,4.087461644,1.809,0.024564384,-0.002,-0.999179452,0.999179452,0.013,0.024564384,0.012179452,-1.0,0.002820548
1581252416.7008991,000000000102,e78f135624ce,-84,11.637835499,4.087462722,1.809,0.02456726,-0.002,-0.999179093,0.999179093,0.013,0.02456726,0.012179093,-1.0,0.002820907
1581252416.7022173,000000000202,e78f135624ce,-81,11.637561716,4.087493143,1.809,0.024648381,-0.002,-0.999168952,0.999168952,0.013,0.024648381,0.012168952,-1.0,0.002831048
1581252416.7022705,000000000201,e78f135624ce,-77,11.637550673,4.08749437,1.809,0.024651652,-0.002,-0.999168543,0.999168543,0.013,0.024651652,0.012168543,-1.0,0.002831457
1581252416.7028518,000000000301,e78f135624ce,-77,11.637429949,4.087507783,1.809,0.024687423,-0.002,-0.999164072,0.999164072,0.013,0.024687423,0.012164072,-1.0,0.002835928
1581252416.7029889,000000000402,e78f135624ce,-70,11.637401476,4.087510947,1.809,0.024695859,-0.002,-0.999163018,0.999163018,0.013,0.024695859,0.012163018,-1.0,0.002836982
1581252416.7045035,000000000401,e78f135624ce,-67,11.637086891,4.087545901,1.809,0.024789069,-0.002,-0.999151366,0.999151366,0.013,0.024789069,0.012151366,-1.0,0.002848634
1581252416.705668,000000000201,e78f135624ce,-76,11.636845046,4.087572773,1.809,0.024860727,-0.002,-0.999142409,0.999142409,0.013,0.024860727,0.012142409,-1.0,0.002857591
1581252417.1495535,b827eb4521b4,e78f135624ce,-75,11.52151798,4.108833476,1.813,0.043851884,-0.002425942,-0.999,0.999,0.011425942,0.043851884,0.011,-1.0,0.003
1581252417.151896,000000000101,e78f135624ce,-80,11.520905337,4.108995646,1.813,0.043887921,-0.002443961,-0.999,0.999,0.011443961,0.043887921,0.011,-1.0,0.003
1581252417.1527607,b827eb917e19,e78f135624ce,-76,11.520679173,4.109055513,1.813,0.043901225,-0.002450613,-0.999,0.999,0.011450613,0.043901225,0.011,-1.0,0.003
1581252417.154174,b827ebfd7811,e78f135624ce,-66,11.520309529,4.10915336,1.813,0.043922969,-0.002461484,-0.999,0.999,0.011461484,0.043922969,0.011,-1.0,0.003
1581252417.1548045,000000000302,e78f135624ce,-69,11.520144661,4.109197001,1.813,0.043932667,-0.002466333,-0.999,0.999,0.011466333,0.043932667,0.011,-1.0,0.003
1581252417.1549966,000000000101,e78f135624ce,-74,11.520094403,4.109210305,1.813,0.043935623,-0.002467812,-0.999,0.999,0.011467812,0.043935623,0.011,-1.0,0.003
1581252417.1558049,000000000301,e78f135624ce,-80,11.519883017,4.10926626,1.813,0.043948058,-0.002474029,-0.999,0.999,0.011474029,0.043948058,0.011,-1.0,0.003
1581252417.1561308,000000000402,e78f135624ce,-71,11.519797777,4.109288824,1.813,0.043953072,-0.002476536,-0.999,0.999,0.011476536,0.043953072,0.011,-1.0,0.003
1581252417.1563323,000000000202,e78f135624ce,-79,11.519745087,4.109302771,1.813,0.043956171,-0.002478086,-0.999,0.999,0.011478086,0.043956171,0.011,-1.0,0.003
1581252417.156976,000000000401,e78f135624ce,-70,11.519576727,4.109347337,1.813,0.043966075,-0.002483037,-0.999,0.999,0.011483037,0.043966075,0.011,-1.0,0.003
1581252417.1571238,000000000201,e78f135624ce,-80,11.519538066,4.109357571,1.813,0.043968349,-0.002484175,-0.999,0.999,0.011484175,0.043968349,0.011,-1.0,0.003
1581252417.6069133,b827eb4521b4,e78f135624ce,-73,11.389886502,4.133273226,1.81309794,0.039216477,-0.00509794,-0.999,0.999,0.00990206,0.039216477,0.00990206,-1.0,0.00509794
1581252417.6078796,000000000102,e78f135624ce,-81,11.38957431,4.133369857,1.813105374,0.039157011,-0.005105374,-0.999,0.999,0.009894626,0.039157011,0.009894626,-1.0,0.005105374
1581252417.6094155,b827ebf7d096,e78f135624ce,-91,11.389078099,4.133523446,1.813117188,0.039062495,-0.005117188,-0.999,0.999,0.009882812,0.039062495,0.009882812,-1.0,0.005117188
1581252417.6100764,000000000101,e78f135624ce,-71,11.388864578,4.133589535,1.813122272,0.039021824,-0.005122272,-0.999,0.999,0.009877728,0.039021824,0.009877728,-1.0,0.005122272
1581252417.6103485,b827ebfd7811,e78f135624ce,-63,11.38877669,4.133616739,1.813124365,0.039005084,-0.005124365,-0.999,0.999,0.009875635,0.039005084,0.009875635,-1.0,0.005124365
1581252417.6108553,b827eb917e19,e78f135624ce,-71,11.38861293,4.133667427,1.813128264,0.038973891,-0.005128264,-0.999,0.999,0.009871736,0.038973891,0.009871736,-1.0,0.005128264
1581252417.6118298,000000000302,e78f135624ce,-75,11.388298118,4.133764868,1.813135759,0.038913927,-0.005135759,-0.999,0.999,0.009864241,0.038913927,0.009864241,-1.0,0.005135759
1581252417.6131861,000000000202,e78f135624ce,-67,11.387859909,4.133900504,1.813146193,0.038830459,-0.005146193,-0.999,0.999,0.009853807,0.038830459,0.009853807,-1.0,0.005146193
1581252417.6138184,000000000301,e78f135624ce,-73,11.387655632,4.133963733,1.813151056,0.038791549,-0.005151056,-0.999,0.999,0.009848944,0.038791549,0.009848944,-1.0,0.005151056
1581252417.613998,000000000402,e78f135624ce,-75,11.38759763,4.133981686,1.813152437,0.038780501,-0.005152437,-0.999,0.999,0.009847563,0.038780501,0.009847563,-1.0,0.005152437
1581252418.0674286,b827eb4521b4,e78f135624ce,-78,11.244032187,4.153114687,1.821554125,0.018222937,0.00010825,-1.0,0.747454681,0.01,0.01589175,0.01,-0.748231743,0.003
1581252418.0688877,000000000102,e78f135624ce,-77,11.243485015,4.153053891,1.821578444,0.018210778,0.000156888,-1.0,0.743502889,0.01,0.015843112,0.01,-0.744292111,0.003
1581252418.0699995,b827ebf7d096,e78f135624ce,-81,11.24306811,4.153007568,1.821596973,0.018201514,0.000193946,-1.0,0.740491908,0.01,0.015806054,0.01,-0.741290394,0.003
1581252418.0701897,000000000202,e78f135624ce,-74,11.242996763,4.15299964,1.821600144,0.018199928,0.000200288,-1.0,0.739976625,0.01,0.015799712,0.01,-0.740776697,0.003
1581252418.0701935,000000000201,e78f135624ce,-84,11.242995333,4.152999481,1.821600207,0.018199896,0.000200415,-1.0,0.739966294,0.01,0.015799585,0.01,-0.740766397,0.003
1581252418.0705497,000000000101,e78f135624ce,-63,11.242861759,4.15298464,1.821606144,0.018196928,0.000212288,-1.0,0.739001591,0.01,0.015787712,0.01,-0.739804663,0.003
1581252418.0707772,b827ebfd7811,e78f135624ce,-65,11.242776464,4.152975163,1.821609935,0.018195033,0.00021987,-1.0,0.738385577,0.01,0.01578013,0.01,-0.739190544,0.003
1581252418.0709808,000000000401,e78f135624ce,-66,11.242700111,4.152966679,1.821613328,0.018193336,0.000226657,-1.0,0.737834134,0.01,0.015773343,0.01,-0.738640798,0.003
1581252418.0718305,000000000302,e78f135624ce,-82,11.242381464,4.152931274,1.82162749,0.018186255,0.000254981,-1.0,0.735532796,0.01,0.015745019,0.01,-0.736346542,0.003
1581252418.52487,b827eb4521b4,e78f135624ce,-73,11.083638176,4.166913692,1.834112033,0.003620747,0.005422407,-1.0,0.576490451,0.010422407,0.004620747,0.010422407,-0.576490451,-0.000844813
1581252418.5268605,b827eb917e19,e78f135624ce,-71,11.083074184,4.167145924,1.834194973,0.003488043,0.005438995,-1.0,0.578630302,0.010438995,0.004488043,0.010438995,-0.578630302,-0.000877989
1581252418.5269372,000000000101,e78f135624ce,-83,11.083052432,4.167154881,1.834198172,0.003482925,0.005439634,-1.0,0.578712831,0.010439634,0.004482925,0.010439634,-0.578712831,-0.000879269
1581252418.5273504,b827ebf7d096,e78f135624ce,-80,11.082935365,4.167203085,1.834215388,0.00345538,0.005443078,-1.0,0.579156999,0.010443078,0.00445538,0.010443078,-0.579156999,-0.000886155
1581252418.5281413,b827ebfd7811,e78f135624ce,-67,11.082711295,4.167295349,1.834248339,0.003402658,0.005449668,-1.0,0.580007147,0.010449668,0.004402658,0.010449668,-0.580007147,-0.000899336
1581252418.528902,000000000102,e78f135624ce,-72,11.082495736,4.167384109,1.834280039,0.003351938,0.005456008,-1.0,0.580825001,0.010456008,0.004351938,0.010456008,-0.580825001,-0.000912016
1581252418.5298193,000000000302,e78f135624ce,-81,11.082235864,4.167491115,1.834318255,0.003290791,0.005463651,-1.0,0.581810988,0.010463651,0.004290791,0.010463651,-0.581810988,-0.000927302
1581252418.5298374,000000000301,e78f135624ce,-74,11.08223073,4.167493229,1.83431901,0.003289583,0.005463802,-1.0,0.581830466,0.010463802,0.004289583,0.010463802,-0.581830466,-0.000927604
1581252418.5302265,000000000201,e78f135624ce,-84,11.082120485,4.167538624,1.834335223,0.003263644,0.005467045,-1.0,0.582248748,0.010467045,0.004263644,0.010467045,-0.582248748,-0.000934089
1581252418.5302272,000000000202,e78f135624ce,-74,11.082120282,4.167538707,1.834335253,0.003263596,0.005467051,-1.0,0.582249517,0.010467051,0.004263596,0.010467051,-0.582249517,-0.000934101
1581252418.5310013,000000000402,e78f135624ce,-66,11.081900941,4.167629024,1.834367509,0.003211986,0.005473502,-1.0,0.583081724,0.010473502,0.004211986,0.010473502,-0.583081724,-0.000947003
1581252418.5319545,000000000401,e78f135624ce,-68,11.081630868,4.167740231,1.834407225,0.00314844,0.005481445,-1.0,0.584106412,0.010481445,0.00414844,0.010481445,-0.584106412,-0.00096289
1581252418.5327988,000000000301,e78f135624ce,-75,11.081391666,4.167838726,1.834442402,0.003092157,0.00548848,-1.0,0.585013971,0.01048848,0.004092157,0.01048848,-0.585013971,-0.000976961
1581252418.9853888,b827eb4521b4,e78f135624ce,-70,10.93089055,4.191,1.844,-0.00871981,0.007,-1.0,0.637339659,0.014186793,-0.003813207,0.014186793,-0.637339659,-0.005
1581252418.986879,000000000102,e78f135624ce,-74,10.930344086,4.191,1.844,-0.008682551,0.007,-1.0,0.638581623,0.014211632,-0.003788368,0.014211632,-0.638581623,-0.005
1581252418.987556,b827eb917e19,e78f135624ce,-81,10.9300959,4.191,1.844,-0.00866563,0.007,-1.0,0.639145682,0.014222914,-0.003777086,0.014222914,-0.639145682,-0.005
1581252418.9879081,000000000101,e78f135624ce,-72,10.92996678,4.191,1.844,-0.008656826,0.007,-1.0,0.639439136,0.014228783,-0.003771217,0.014228783,-0.639439136,-0.005
1581252418.9880533,b827ebf7d096,e78f135624ce,-85,10.929913541,4.191,1.844,-0.008653196,0.007,-1.0,0.639560133,0.014231203,-0.003768797,0.014231203,-0.639560133,-0.005
1581252418.9888468,b827ebfd7811,e78f135624ce,-60,10.929622607,4.191,1.844,-0.00863336,0.007,-1.0,0.640221348,0.014244427,-0.003755573,0.014244427,-0.640221348,-0.005
1581252418.9898522,000000000302,e78f135624ce,-75,10.929253956,4.191,1.844,-0.008608224,0.007,-1.0,0.641059191,0.014261184,-0.003738816,0.014261184,-0.641059191,-0.005
1581252418.9910073,000000000402,e78f135624ce,-71,10.928830405,4.191,1.844,-0.008579346,0.007,-1.0,0.642021807,0.014280436,-0.003719564,0.014280436,-0.642021807,-0.005
1581252418.9911683,000000000301,e78f135624ce,-70,10.928771396,4.191,1.844,-0.008575322,0.007,-1.0,0.642155918,0.014283118,-0.003716882,0.014283118,-0.642155918,-0.005
1581252418.991186,000000000201,e78f135624ce,-76,10.928764927,4.191,1.844,-0.008574881,0.007,-1.0,0.64217062,0.014283412,-0.003716588,0.014283412,-0.64217062,-0.005
1581252418.991187,000000000202,e78f135624ce,-81,10.92876449,4.191,1.844,-0.008574852,0.007,-1.0,0.642171614,0.014283432,-0.003716568,0.014283432,-0.642171614,-0.005
1581252418.9919875,000000000401,e78f135624ce,-78,10.92847102,4.191,1.844,-0.008554842,0.007,-1.0,0.64283859,0.014296772,-0.003703228,0.014296772,-0.64283859,-0.005
1581252419.446503,b827eb4521b4,e78f135624ce,-70,10.759219653,4.186425819,1.847,0.005935453,0.007,-1.0,0.885696532,0.018,0.008148362,0.018,-0.885696532,-0.006
1581252419.4478848,000000000102,e78f135624ce,-79,10.758709423,4.186404559,1.847,0.005988602,0.007,-1.0,0.886111094,0.018,0.008190881,0.018,-0.886111094,-0.006
1581252419.4481637,000000000201,e78f135624ce,-83,10.758606426,4.186400268,1.847,0.005999331,0.007,-1.0,0.886194779,0.018,0.008199464,0.018,-0.886194779,-0.006
1581252419.4492478,b827ebf7d096,e78f135624ce,-79,10.758206148,4.186383589,1.847,0.006041026,0.007,-1.0,0.886520005,0.018,0.008232821,0.018,-0.886520005,-0.006
1581252419.4498215,b827ebfd7811,e78f135624ce,-71,10.757994344,4.186374764,1.847,0.006063089,0.007,-1.0,0.886692096,0.018,0.008250471,0.018,-0.886692096,-0.006
1581252419.45,000000000401,e78f135624ce,-84,10.757928408,4.186372017,1.847,0.006069957,0.007,-1.0,0.886745668,0.018,0.008255966,0.018,-0.886745668,-0.006
1581252419.4502685,000000000101,e78f135624ce,-79,10.757829285,4.186367887,1.847,0.006080283,0.007,-1.0,0.886826206,0.018,0.008264226,0.018,-0.886826206,-0.006
1581252419.4517982,000000000302,e78f135624ce,-74,10.757264476,4.186344353,1.847,0.006139117,0.007,-1.0,0.887285114,0.018,0.008311294,0.018,-0.887285114,-0.006
1581252419.8978481,b827eb4521b4,e78f135624ce,-72,10.584946015,4.185,1.849174354,0.017825646,0.008587177,-1.0,0.963541056,0.018,0.018412823,0.018,-0.963541056,-0.007587177
1581252419.8978531,000000000102,e78f135624ce,-70,10.584944051,4.185,1.849174276,0.017825724,0.008587138,-1.0,0.963541479,0.018,0.018412862,0.018,-0.963541479,-0.007587138
1581252419.8999362,000000000101,e78f135624ce,-66,10.58412685,4.185,1.849142229,0.017857771,0.008571115,-1.0,0.963717738,0.018,0.018428885,0.018,-0.963717738,-0.007571115
1581252419.9003425,b827ebf7d096,e78f135624ce,-76,10.583967469,4.185,1.849135979,0.017864021,0.00856799,-1.0,0.963752115,0.018,0.01843201,0.018,-0.963752115,-0.00756799
1581252419.9010012,000000000401,e78f135624ce,-63,10.583709036,4.185,1.849125845,0.017874155,0.008562922,-1.0,0.963807855,0.018,0.018437078,0.018,-0.963807855,-0.007562922
1581252419.9026165,b827ebfd7811,e78f135624ce,-62,10.583075348,4.185,1.849100994,0.017899006,0.008550497,-1.0,0.963944533,0.018,0.018449503,0.018,-0.963944533,-0.007550497
1581252419.9028037,000000000302,e78f135624ce,-78,10.583001924,4.185,1.849098115,0.017901885,0.008549057,-1.0,0.963960369,0.018,0.018450943,0.018,-0.963960369,-0.007549057
1581252420.3534243,b827eb4521b4,e78f135624ce,-74,10.355733888,4.177786694,1.838857796,-0.014142204,0.011,-0.999,-0.248718085,0.003857796,0.027928898,0.003857796,0.248718085,0.006071102
1581252420.3556757,b827eb917e19,e78f135624ce,-80,10.354694788,4.177734739,1.83882316,-0.01417684,0.011,-0.999,-0.252302982,0.00382316,0.02791158,0.00382316,0.252302982,0.00608842
1581252420.3559055,000000000101,e78f135624ce,-72,10.35458871,4.177729435,1.838819624,-0.014180376,0.011,-0.999,-0.252668951,0.003819624,0.027909812,0.003819624,0.252668951,0.006090188
1581252420.3559852,b827ebf7d096,e78f135624ce,-84,10.354551957,4.177727598,1.838818399,-0.014181601,0.011,-0.999,-0.252795749,0.003818399,0.027909199,0.003818399,0.252795749,0.006090801
1581252420.3569767,b827ebfd7811,e78f135624ce,-74,10.354094304,4.177704715,1.838803143,-0.014196857,0.011,-0.999,-0.254374652,0.003803143,0.027901572,0.003803143,0.254374652,0.006098428
1581252420.358198,000000000202,e78f135624ce,-77,10.353530683,4.177676534,1.838784356,-0.014215644,0.011,-0.999,-0.256319145,0.003784356,0.027892178,0.003784356,0.256319145,0.006107822
1581252420.3588252,000000000302,e78f135624ce,-77,10.353241169,4.177662058,1.838774706,-0.014225294,0.011,-0.999,-0.257317966,0.003774706,0.027887353,0.003774706,0.257317966,0.006112647
1581252420.3588452,000000000301,e78f135624ce,-69,10.353231926,4.177661596,1.838774398,-0.014225602,0.011,-0.999,-0.257349855,0.003774398,0.027887199,0.003774398,0.257349855,0.006112801
1581252420.3588827,000000000102,e78f135624ce,-80,10.35321465,4.177660732,1.838773822,-0.014226178,0.011,-0.999,-0.257409458,0.003773822,0.027886911,0.003773822,0.257409458,0.006113089
1581252420.3591468,000000000402,e78f135624ce,-70,10.353092726,4.177654636,1.838769758,-0.014230242,0.011,-0.999,-0.257830094,0.003769758,0.027884879,0.003769758,0.257830094,0.006115121
1581252420.3591814,000000000201,e78f135624ce,-86,10.353076771,4.177653839,1.838769226,-0.014230774,0.011,-0.999,-0.257885141,0.003769226,0.027884613,0.003769226,0.257885141,0.006115387
1581252420.3610456,000000000401,e78f135624ce,-77,10.352216374,4.177610819,1.838740546,-0.014259454,0.011,-0.999,-0.26085351,0.003740546,0.027870273,0.003740546,0.26085351,0.006129727
1581252420.810817,b827eb4521b4,e78f135624ce,-74,10.146291874,4.172721966,1.829834102,-0.020443932,0.012721966,-1.0,-0.759757274,-0.000721966,0.025443932,-0.0,0.76047924,0.011443932
1581252420.8128939,000000000102,e78f135624ce,-82,10.145339977,4.172739273,1.829782181,-0.020478546,0.012739273,-1.0,-0.761141851,-0.000739273,0.025478546,-0.0,0.761881124,0.011478546
1581252420.8133595,b827ebf7d096,e78f135624ce,-87,10.145126563,4.172743153,1.82977054,-0.020486307,0.012743153,-1.0,-0.761452273,-0.000743153,0.025486307,-0.0,0.762195426,0.011486307
1581252420.8138986,000000000101,e78f135624ce,-78,10.144879491,4.172747646,1.829757063,-0.020495291,0.012747646,-1.0,-0.761811649,-0.000747646,0.025495291,-0.0,0.762559295,0.011495291
1581252420.813988,b827eb917e19,e78f135624ce,-75,10.144838513,4.172748391,1.829754828,-0.020496781,0.012748391,-1.0,-0.761871254,-0.000748391,0.025496781,-0.0,0.762619645,0.011496781
1581252420.8153565,b827ebfd7811,e78f135624ce,-70,10.144211273,4.172759795,1.829720615,-0.02051959,0.012759795,-1.0,-0.762783603,-0.000759795,0.02551959,-0.0,0.763543398,0.01151959
1581252420.815799,000000000302,e78f135624ce,-71,10.144008458,4.172763483,1.829709552,-0.020526965,0.012763483,-1.0,-0.763078607,-0.000763483,0.025526965,-0.0,0.763842089,0.011526965
1581252420.8168285,000000000202,e78f135624ce,-74,10.143536607,4.172772062,1.829683815,-0.020544123,0.012772062,-1.0,-0.763764935,-0.000772062,0.025544123,-0.0,0.764536997,0.011544123
1581252420.8168628,000000000301,e78f135624ce,-69,10.143520872,4.172772348,1.829682957,-0.020544696,0.012772348,-1.0,-0.763787823,-0.000772348,0.025544696,-0.0,0.764560171,0.011544696
1581252420.8171742,000000000201,e78f135624ce,-74,10.143378158,4.172774943,1.829675172,-0.020549885,0.012774943,-1.0,-0.763995406,-0.000774943,0.025549885,-0.0,0.764770349,0.011549885
1581252420.8180075,000000000402,e78f135624ce,-62,10.142996241,4.172781887,1.82965434,-0.020563773,0.012781887,-1.0,-0.764550922,-0.000781887,0.025563773,-0.0,0.765332809,0.011563773
