1581249732.9415135,000000000101,e78f135624ce,-81,17.885,8.433,1.848,0.024,-0.001,-1.0,0.999,0.029,0.024,0.029,-1.0,0.001
1581249732.9424384,b827ebfd7811,e78f135624ce,-79,17.885,8.433,1.848,0.024,-0.001,-1.0,0.999,0.029,0.024,0.029,-1.0,0.001
1581249732.9431782,000000000201,e78f135624ce,-79,17.885,8.433,1.848,0.024,-0.001,-1.0,0.999,0.029,0.024,0.029,-1.0,0.001
1581249732.943487,b827ebf7d096,e78f135624ce,-82,17.885,8.433,1.848,0.024,-0.001,-1.0,0.999,0.029,0.024,0.029,-1.0,0.001
1581249732.9435616,000000000102,e78f135624ce,-82,17.885,8.433,1.848,0.024,-0.001,-1.0,0.999,0.029,0.024,0.029,-1.0,0.001
1581249732.945681,000000000301,e78f135624ce,-77,17.885,8.433,1.848,0.024,-0.001,-1.0,0.999,0.029,0.024,0.029,-1.0,0.001
1581249732.946205,000000000401,e78f135624ce,-84,17.885,8.433,1.848,0.024,-0.001,-1.0,0.999,0.029,0.024,0.029,-1.0,0.001
1581249732.9462109,000000000402,e78f135624ce,-72,17.885,8.433,1.848,0.024,-0.001,-1.0,0.999,0.029,0.024,0.029,-1.0,0.001
1581249733.3970127,b827eb4521b4,e78f135624ce,-81,17.892525296,8.441841765,1.849525296,0.022841765,0.001683531,-0.999158235,1.0,0.028,0.022841765,0.028,-0.999,0.000158235
1581249733.3986127,b827eb917e19,e78f135624ce,-70,17.89256222,8.441854073,1.84956222,0.022854073,0.001708147,-0.999145927,1.0,0.028,0.022854073,0.028,-0.999,0.000145927
1581249733.4004953,000000000101,e78f135624ce,-88,17.892605663,8.441868554,1.849605663,0.022868554,0.001737109,-0.999131446,1.0,0.028,0.022868554,0.028,-0.999,0.000131446
1581249733.4016879,000000000301,e78f135624ce,-72,17.892633184,8.441877728,1.849633184,0.022877728,0.001755456,-0.999122272,1.0,0.028,0.022877728,0.028,-0.999,0.000122272
1581249733.401701,000000000302,e78f135624ce,-76,17.892633487,8.441877829,1.849633487,0.022877829,0.001755658,-0.999122171,1.0,0.028,0.022877829,0.028,-0.999,0.000122171
1581249733.402177,000000000401,e78f135624ce,-77,17.892644474,8.441881491,1.849644474,0.022881491,0.001762983,-0.999118509,1.0,0.028,0.022881491,0.028,-0.999,0.000118509
1581249733.4021857,000000000201,e78f135624ce,-78,17.892644672,8.441881557,1.849644672,0.022881557,0.001763115,-0.999118443,1.0,0.028,0.022881557,0.028,-0.999,0.000118443
1581249733.4022074,b827ebfd7811,e78f135624ce,-71,17.892645173,8.441881724,1.849645173,0.022881724,0.001763449,-0.999118276,1.0,0.028,0.022881724,0.028,-0.999,0.000118276
1581249733.8478382,b827eb4521b4,e78f135624ce,-77,17.876292,8.4383905,1.851927,0.0166825,-0.0004635,-1.0,-0.046414995,0.006219,0.0045365,0.006219,0.045878495,-0.0004635
1581249733.8491433,b827eb917e19,e78f135624ce,-71,17.876211686,8.438420618,1.851947078,0.016632304,-0.000473539,-1.0,-0.049326376,0.006158765,0.004526461,0.006158765,0.048799916,-0.000473539
1581249733.8505213,000000000102,e78f135624ce,-77,17.876126883,8.438452419,1.851968279,0.016579302,-0.00048414,-1.0,-0.052400506,0.006095162,0.00451586,0.006095162,0.051884646,-0.00048414
1581249733.8514764,000000000101,e78f135624ce,-85,17.876068107,8.43847446,1.851982973,0.016542567,-0.000491487,-1.0,-0.054531123,0.00605108,0.004508513,0.00605108,0.054022609,-0.000491487
1581249733.851708,000000000301,e78f135624ce,-74,17.876053861,8.438479802,1.851986535,0.016533663,-0.000493267,-1.0,-0.055047555,0.006040395,0.004506733,0.006040395,0.054540823,-0.000493267
1581249733.8521907,000000000201,e78f135624ce,-77,17.87602415,8.438490944,1.851993963,0.016515094,-0.000496981,-1.0,-0.056124564,0.006018112,0.004503019,0.006018112,0.055621546,-0.000496981
1581249733.8521998,000000000401,e78f135624ce,-69,17.876023592,8.438491153,1.851994102,0.016514745,-0.000497051,-1.0,-0.056144775,0.006017694,0.004502949,0.006017694,0.055641826,-0.000497051
1581249733.853983,000000000302,e78f135624ce,-78,17.875913861,8.438532302,1.852021535,0.016446163,-0.000510767,-1.0,-0.060122529,0.005935396,0.004489233,0.005935396,0.059633296,-0.000510767
1581249733.8541937,000000000202,e78f135624ce,-88,17.875900891,8.438537166,1.852024777,0.016438057,-0.000512389,-1.0,-0.06059269,0.005925668,0.004487611,0.005925668,0.060105078,-0.000512389
1581249733.8544064,b827ebfd7811,e78f135624ce,-72,17.875887804,8.438542074,1.852028049,0.016429877,-0.000514025,-1.0,-0.061067106,0.005915853,0.004485975,0.005915853,0.06058113,-0.000514025
1581249734.3060844,b827ebf7d096,e78f135624ce,-70,17.850288413,8.445711587,1.847288413,0.00543073,0.005426952,-1.0,-0.700954664,-0.006284635,0.001142317,-0.006284635,0.699954664,0.005426952
1581249734.306509,000000000102,e78f135624ce,-78,17.850272081,8.445727919,1.847272081,0.005417665,0.005436751,-1.0,-0.701229036,-0.006291168,0.001145584,-0.006291168,0.700229036,0.005436751
1581249734.3091905,000000000402,e78f135624ce,-76,17.850168947,8.445831053,1.847168947,0.005335158,0.005498632,-1.0,-0.702961692,-0.006332421,0.001166211,-0.006332421,0.701961692,0.005498632
1581249734.309197,000000000401,e78f135624ce,-66,17.850168699,8.445831301,1.847168699,0.005334959,0.00549878,-1.0,-0.702965851,-0.00633252,0.00116626,-0.00633252,0.701965851,0.00549878
1581249734.309674,000000000302,e78f135624ce,-68,17.85015035,8.44584965,1.84715035,0.00532028,0.00550979,-1.0,-0.703274115,-0.00633986,0.00116993,-0.00633986,0.702274115,0.00550979
1581249734.310206,000000000201,e78f135624ce,-75,17.850129892,8.445870108,1.847129892,0.005303914,0.005522065,-1.0,-0.703617812,-0.006348043,0.001174022,-0.006348043,0.702617812,0.005522065
1581249734.7649426,b827ebfd7811,e78f135624ce,-76,17.83382329,8.457617468,1.839559242,-0.000617468,0.009234936,-1.0,-0.904413676,-0.010794177,0.002617468,-0.010794177,0.904207854,0.009234936
1581249734.7652576,b827eb4521b4,e78f135624ce,-75,17.833811838,8.457608878,1.839579284,-0.000608878,0.009217757,-1.0,-0.904505298,-0.010797041,0.002608878,-0.010797041,0.904302339,0.009217757
1581249734.7660382,b827ebf7d096,e78f135624ce,-73,17.833783453,8.45758759,1.839628957,-0.00058759,0.009175179,-1.0,-0.904732377,-0.010804137,0.00258759,-0.010804137,0.904536514,0.009175179
1581249734.7661984,000000000202,e78f135624ce,-78,17.833777627,8.45758322,1.839639153,-0.00058322,0.00916644,-1.0,-0.904778986,-0.010805593,0.00258322,-0.010805593,0.904584579,0.00916644
1581249734.7665045,000000000102,e78f135624ce,-79,17.833766495,8.457574871,1.839658634,-0.000574871,0.009149742,-1.0,-0.904868042,-0.010808376,0.002574871,-0.010808376,0.904676418,0.009149742
1581249734.7674873,000000000101,e78f135624ce,-84,17.833730758,8.457548068,1.839721174,-0.000548068,0.009096137,-1.0,-0.905153936,-0.010817311,0.002548068,-0.010817311,0.904971247,0.009096137
1581249734.7676136,b827eb917e19,e78f135624ce,-71,17.833726163,8.457544622,1.839729215,-0.000544622,0.009089244,-1.0,-0.905190696,-0.010818459,0.002544622,-0.010818459,0.905009155,0.009089244
1581249734.7691858,000000000402,e78f135624ce,-74,17.833668995,8.457501746,1.83982926,-0.000501746,0.009003492,-1.0,-0.905648044,-0.010832751,0.002501746,-0.010832751,0.905480795,0.009003492
1581249734.7691953,000000000401,e78f135624ce,-74,17.833668648,8.457501486,1.839829867,-0.000501486,0.009002972,-1.0,-0.905650818,-0.010832838,0.002501486,-0.010832838,0.905483656,0.009002972
1581249734.7696826,000000000301,e78f135624ce,-75,17.833650927,8.457488195,1.839860878,-0.000488195,0.00897639,-1.0,-0.905792586,-0.010837268,0.002488195,-0.010837268,0.905629855,0.00897639
1581249734.7696974,000000000302,e78f135624ce,-72,17.833650389,8.457487792,1.839861819,-0.000487792,0.008975584,-1.0,-0.905796887,-0.010837403,0.002487792,-0.010837403,0.905634289,0.008975584
1581249735.222466,b827eb917e19,e78f135624ce,-71,17.820775923,8.470856179,1.838367898,-0.008224077,0.010224077,-1.0,-0.969080256,-0.013,0.009224077,-0.012408026,0.969080256,0.010224077
1581249735.2243211,b827ebfd7811,e78f135624ce,-73,17.820725329,8.470974233,1.838300438,-0.008274671,0.010274671,-1.0,-0.969248905,-0.013,0.009274671,-0.01242489,0.969248905,0.010274671
1581249735.2246656,000000000302,e78f135624ce,-81,17.820715933,8.470996157,1.83828791,-0.008284067,0.010284067,-1.0,-0.969280224,-0.013,0.009284067,-0.012428022,0.969280224,0.010284067
1581249735.2252738,000000000201,e78f135624ce,-80,17.820699345,8.471034861,1.838265794,-0.008300655,0.010300655,-1.0,-0.969335516,-0.013,0.009300655,-0.012433552,0.969335516,0.010300655
1581249735.2255006,000000000102,e78f135624ce,-83,17.820693161,8.47104929,1.838257549,-0.008306839,0.010306839,-1.0,-0.969356128,-0.013,0.009306839,-0.012435613,0.969356128,0.010306839
1581249735.226177,000000000202,e78f135624ce,-81,17.820674714,8.471092333,1.838232953,-0.008325286,0.010325286,-1.0,-0.969417619,-0.013,0.009325286,-0.012441762,0.969417619,0.010325286
1581249735.2276921,000000000301,e78f135624ce,-75,17.820633392,8.471188752,1.838177856,-0.008366608,0.010366608,-1.0,-0.96955536,-0.013,0.009366608,-0.012455536,0.96955536,0.010366608
1581249735.228185,000000000401,e78f135624ce,-68,17.820619952,8.471220113,1.838159936,-0.008380048,0.010380048,-1.0,-0.969600161,-0.013,0.009380048,-0.012460016,0.969600161,0.010380048
1581249735.2282112,000000000402,e78f135624ce,-74,17.820619236,8.471221782,1.838158982,-0.008380764,0.010380764,-1.0,-0.969602545,-0.013,0.009380764,-0.012460255,0.969602545,0.010380764
1581249735.6719623,b827eb4521b4,e78f135624ce,-78,17.81704015,8.476879551,1.817160599,-0.00795985,0.02195985,-1.0,-0.989839401,-0.012,0.00795985,-0.012,0.989839401,0.02195985
1581249735.6732726,b827eb917e19,e78f135624ce,-71,17.81703079,8.47690763,1.81712316,-0.00796921,0.02196921,-1.0,-0.98987684,-0.012,0.00796921,-0.012,0.98987684,0.02196921
1581249735.6752598,b827ebfd7811,e78f135624ce,-72,17.817016596,8.476950213,1.817066382,-0.007983404,0.021983404,-1.0,-0.989933618,-0.012,0.007983404,-0.012,0.989933618,0.021983404
1581249735.675674,000000000302,e78f135624ce,-81,17.817013638,8.476959087,1.81705455,-0.007986362,0.021986362,-1.0,-0.98994545,-0.012,0.007986362,-0.012,0.98994545,0.021986362
1581249735.6762018,000000000202,e78f135624ce,-81,17.817009867,8.476970399,1.817039468,-0.007990133,0.021990133,-1.0,-0.989960532,-0.012,0.007990133,-0.012,0.989960532,0.021990133
1581249735.6762207,000000000201,e78f135624ce,-79,17.817009733,8.476970802,1.81703893,-0.007990267,0.021990267,-1.0,-0.98996107,-0.012,0.007990267,-0.012,0.98996107,0.021990267
1581249735.6764896,000000000102,e78f135624ce,-85,17.817007812,8.476976565,1.817031246,-0.007992188,0.021992188,-1.0,-0.989968754,-0.012,0.007992188,-0.012,0.989968754,0.021992188
1581249735.6771257,b827ebf7d096,e78f135624ce,-76,17.817003268,8.476990196,1.817013072,-0.007996732,0.021996732,-1.0,-0.989986928,-0.012,0.007996732,-0.012,0.989986928,0.021996732
1581249735.6782024,000000000401,e78f135624ce,-70,17.817,8.476994371,1.816966227,-0.007994371,0.022011258,-1.0,-0.990016887,-0.012,0.007994371,-0.012,0.990011258,0.022011258
1581249735.6782057,000000000402,e78f135624ce,-75,17.817,8.476994341,1.816966045,-0.007994341,0.022011318,-1.0,-0.990016978,-0.012,0.007994341,-0.012,0.990011318,0.022011318
1581249736.126446,b827eb917e19,e78f135624ce,-71,17.817,8.474095797,1.803634734,-0.003730531,0.025095797,-1.0,-0.996634734,-0.011365266,0.003730531,-0.011,0.996634734,0.025095797
1581249736.128682,000000000301,e78f135624ce,-73,17.817,8.474047885,1.803650705,-0.00369859,0.025047885,-1.0,-0.996650705,-0.011349295,0.00369859,-0.011,0.996650705,0.025047885
1581249736.1286821,000000000302,e78f135624ce,-79,17.817,8.47404788,1.803650707,-0.003698586,0.02504788,-1.0,-0.996650707,-0.011349293,0.003698586,-0.011,0.996650707,0.02504788
1581249736.1293185,000000000201,e78f135624ce,-79,17.817,8.474034244,1.803655252,-0.003689496,0.025034244,-1.0,-0.996655252,-0.011344748,0.003689496,-0.011,0.996655252,0.025034244
1581249736.129331,000000000202,e78f135624ce,-81,17.817,8.474033973,1.803655342,-0.003689315,0.025033973,-1.0,-0.996655342,-0.011344658,0.003689315,-0.011,0.996655342,0.025033973
1581249736.1294816,b827ebf7d096,e78f135624ce,-75,17.817,8.474030749,1.803656417,-0.003687166,0.025030749,-1.0,-0.996656417,-0.011343583,0.003687166,-0.011,0.996656417,0.025030749
1581249736.1299877,b827ebfd7811,e78f135624ce,-73,17.817,8.474019903,1.803660032,-0.003679935,0.025019903,-1.0,-0.996660032,-0.011339968,0.003679935,-0.011,0.996660032,0.025019903
1581249736.132185,000000000402,e78f135624ce,-75,17.817,8.473972819,1.803675727,-0.003648546,0.024972819,-1.0,-0.996675727,-0.011324273,0.003648546,-0.011,0.996675727,0.024972819
1581249736.5833364,b827eb4521b4,e78f135624ce,-83,17.819673191,8.467326809,1.793346383,-0.000326809,0.028326809,-0.999,-0.999,-0.011,-0.000673191,-0.011,0.998326809,0.028326809
1581249736.5837426,b827ebf7d096,e78f135624ce,-73,17.819670289,8.467329711,1.793340579,-0.000329711,0.028329711,-0.999,-0.999,-0.011,-0.000670289,-0.011,0.998329711,0.028329711
1581249736.5844877,000000000102,e78f135624ce,-77,17.819664968,8.467335032,1.793329935,-0.000335032,0.028335032,-0.999,-0.999,-0.011,-0.000664968,-0.011,0.998335032,0.028335032
1581249736.584896,b827eb917e19,e78f135624ce,-83,17.81966205,8.46733795,1.793324101,-0.00033795,0.02833795,-0.999,-0.999,-0.011,-0.00066205,-0.011,0.99833795,0.02833795
1581249736.58552,000000000101,e78f135624ce,-89,17.819657594,8.467342406,1.793315187,-0.000342406,0.028342406,-0.999,-0.999,-0.011,-0.000657594,-0.011,0.998342406,0.028342406
1581249736.5856786,000000000301,e78f135624ce,-72,17.819656461,8.467343539,1.793312922,-0.000343539,0.028343539,-0.999,-0.999,-0.011,-0.000656461,-0.011,0.998343539,0.028343539
1581249736.5861793,000000000402,e78f135624ce,-80,17.819652885,8.467347115,1.79330577,-0.000347115,0.028347115,-0.999,-0.999,-0.011,-0.000652885,-0.011,0.998347115,0.028347115
1581249736.5861976,000000000401,e78f135624ce,-66,17.819652754,8.467347246,1.793305508,-0.000347246,0.028347246,-0.999,-0.999,-0.011,-0.000652754,-0.011,0.998347246,0.028347246
1581249736.5881479,000000000302,e78f135624ce,-68,17.819638823,8.467361177,1.793277647,-0.000361177,0.028361177,-0.999,-0.999,-0.011,-0.000638823,-0.011,0.998361177,0.028361177
1581249736.589257,000000000202,e78f135624ce,-89,17.819630901,8.467369099,1.793261802,-0.000369099,0.028369099,-0.999,-0.999,-0.011,-0.000630901,-0.011,0.998369099,0.028369099
1581249736.5905874,000000000201,e78f135624ce,-75,17.819621398,8.467378602,1.793242797,-0.000378602,0.028378602,-0.999,-0.999,-0.011,-0.000621398,-0.011,0.998378602,0.028378602
1581249737.0389075,b827eb4521b4,e78f135624ce,-82,17.816,8.48103784,1.78597162,-0.01001892,0.03000946,-0.999,-0.99900946,-0.011,0.01001892,-0.01,0.999,0.03000946
1581249737.0390868,b827ebf7d096,e78f135624ce,-70,17.816,8.481042963,1.785967778,-0.010021481,0.030010741,-0.999,-0.999010741,-0.011,0.010021481,-0.01,0.999,0.030010741
1581249737.0397365,b827ebfd7811,e78f135624ce,-76,17.816,8.481061526,1.785953856,-0.010030763,0.030015381,-0.999,-0.999015381,-0.011,0.010030763,-0.01,0.999,0.030015381
1581249737.040324,b827eb917e19,e78f135624ce,-83,17.816,8.48107831,1.785941267,-0.010039155,0.030019578,-0.999,-0.999019578,-0.011,0.010039155,-0.01,0.999,0.030019578
1581249737.0414958,000000000102,e78f135624ce,-80,17.816,8.481111791,1.785916157,-0.010055895,0.030027948,-0.999,-0.999027948,-0.011,0.010055895,-0.01,0.999,0.030027948
1581249737.042202,000000000402,e78f135624ce,-79,17.816,8.481131968,1.785901024,-0.010065984,0.030032992,-0.999,-0.999032992,-0.011,0.010065984,-0.01,0.999,0.030032992
1581249737.0424628,000000000101,e78f135624ce,-90,17.816,8.48113942,1.785895435,-0.01006971,0.030034855,-0.999,-0.999034855,-0.011,0.01006971,-0.01,0.999,0.030034855
1581249737.0426714,000000000301,e78f135624ce,-74,17.816,8.481145381,1.785890964,-0.01007269,0.030036345,-0.999,-0.999036345,-0.011,0.01007269,-0.01,0.999,0.030036345
1581249737.0431857,000000000401,e78f135624ce,-73,17.816,8.481160074,1.785879944,-0.010080037,0.030040019,-0.999,-0.999040019,-0.011,0.010080037,-0.01,0.999,0.030040019
1581249737.043206,000000000201,e78f135624ce,-75,17.816,8.481160653,1.78587951,-0.010080327,0.030040163,-0.999,-0.999040163,-0.011,0.010080327,-0.01,0.999,0.030040163
1581249737.0449426,000000000302,e78f135624ce,-73,17.816,8.481210271,1.785842296,-0.010105136,0.030052568,-0.999,-0.999052568,-0.011,0.010105136,-0.01,0.999,0.030052568
1581249737.4980478,b827eb4521b4,e78f135624ce,-80,17.817359412,8.478281176,1.791640588,-0.005281176,0.024,-0.999,-1.0,-0.01,0.005281176,-0.009640588,0.999,0.024
1581249737.498833,b827ebf7d096,e78f135624ce,-75,17.817352275,8.478295451,1.791647725,-0.005295451,0.024,-0.999,-1.0,-0.01,0.005295451,-0.009647725,0.999,0.024
1581249737.4992266,000000000201,e78f135624ce,-83,17.817348696,8.478302608,1.791651304,-0.005302608,0.024,-0.999,-1.0,-0.01,0.005302608,-0.009651304,0.999,0.024
1581249737.499277,000000000202,e78f135624ce,-82,17.817348237,8.478303527,1.791651763,-0.005303527,0.024,-0.999,-1.0,-0.01,0.005303527,-0.009651763,0.999,0.024
1581249737.4993086,b827ebfd7811,e78f135624ce,-70,17.817347951,8.478304099,1.791652049,-0.005304099,0.024,-0.999,-1.0,-0.01,0.005304099,-0.009652049,0.999,0.024
1581249737.499466,000000000102,e78f135624ce,-89,17.81734652,8.47830696,1.79165348,-0.00530696,0.024,-0.999,-1.0,-0.01,0.00530696,-0.00965348,0.999,0.024
1581249737.5008926,b827eb917e19,e78f135624ce,-92,17.81733355,8.4783329,1.79166645,-0.0053329,0.024,-0.999,-1.0,-0.01,0.0053329,-0.00966645,0.999,0.024
1581249737.501204,000000000402,e78f135624ce,-70,17.817330719,8.478338561,1.791669281,-0.005338561,0.024,-0.999,-1.0,-0.01,0.005338561,-0.009669281,0.999,0.024
1581249737.5016692,000000000301,e78f135624ce,-74,17.817326491,8.478347019,1.791673509,-0.005347019,0.024,-0.999,-1.0,-0.01,0.005347019,-0.009673509,0.999,0.024
1581249737.502158,000000000401,e78f135624ce,-65,17.817322047,8.478355905,1.791677953,-0.005355905,0.024,-0.999,-1.0,-0.01,0.005355905,-0.009677953,0.999,0.024
1581249737.5032103,000000000302,e78f135624ce,-72,17.81731248,8.478375039,1.79168752,-0.005375039,0.024,-0.999,-1.0,-0.01,0.005375039,-0.00968752,0.999,0.024
1581249737.9488084,b827eb4521b4,e78f135624ce,-72,17.821115615,8.448707508,1.809530631,0.011584984,0.013823123,-0.999,-1.0,-0.011176877,-0.011584984,-0.011,1.0,0.013823123
1581249737.950074,b827ebfd7811,e78f135624ce,-76,17.821062885,8.448749692,1.809562269,0.011500616,0.013812577,-0.999,-1.0,-0.011187423,-0.011500616,-0.011,1.0,0.013812577
1581249737.9502797,000000000202,e78f135624ce,-76,17.821054312,8.448756551,1.809567413,0.011486899,0.013810862,-0.999,-1.0,-0.011189138,-0.011486899,-0.011,1.0,0.013810862
1581249737.9502923,b827eb917e19,e78f135624ce,-77,17.821053785,8.448756972,1.809567729,0.011486056,0.013810757,-0.999,-1.0,-0.011189243,-0.011486056,-0.011,1.0,0.013810757
1581249737.950641,b827ebf7d096,e78f135624ce,-75,17.821039262,8.448768591,1.809576443,0.011462819,0.013807852,-0.999,-1.0,-0.011192148,-0.011462819,-0.011,1.0,0.013807852
1581249737.9514804,000000000102,e78f135624ce,-73,17.821004284,8.448796573,1.80959743,0.011406854,0.013800857,-0.999,-1.0,-0.011199143,-0.011406854,-0.011,1.0,0.013800857
1581249737.9522078,000000000402,e78f135624ce,-73,17.820973975,8.44882082,1.809615615,0.011358359,0.013794795,-0.999,-1.0,-0.011205205,-0.011358359,-0.011,1.0,0.013794795
1581249737.9526496,000000000201,e78f135624ce,-81,17.820955567,8.448835547,1.80962666,0.011328907,0.013791113,-0.999,-1.0,-0.011208887,-0.011328907,-0.011,1.0,0.013791113
1581249737.9526684,000000000301,e78f135624ce,-76,17.820954782,8.448836174,1.809627131,0.011327651,0.013790956,-0.999,-1.0,-0.011209044,-0.011327651,-0.011,1.0,0.013790956
1581249737.9531627,000000000401,e78f135624ce,-69,17.820934188,8.448852649,1.809639487,0.011294702,0.013786838,-0.999,-1.0,-0.011213162,-0.011294702,-0.011,1.0,0.013786838
1581249738.4050884,b827eb4521b4,e78f135624ce,-76,17.773806808,8.454384294,1.830923559,-0.00151911,0.003211257,-1.0,-0.915981935,-0.011826963,0.00051911,-0.011826963,0.915981935,0.003211257
1581249738.4065096,b827eb917e19,e78f135624ce,-79,17.773566295,8.454296835,1.831054748,-0.001486313,0.00313473,-1.0,-0.916298975,-0.011837896,0.000486313,-0.011837896,0.916298975,0.00313473
1581249738.4074774,000000000101,e78f135624ce,-78,17.773402524,8.454237281,1.831144078,-0.00146398,0.003082621,-1.0,-0.916514855,-0.01184534,0.00046398,-0.01184534,0.916514855,0.003082621
1581249738.409581,b827ebf7d096,e78f135624ce,-77,17.773046536,8.454107831,1.831338253,-0.001415437,0.002969352,-1.0,-0.916984112,-0.011861521,0.000415437,-0.011861521,0.916984112,0.002969352
1581249738.4096298,000000000302,e78f135624ce,-77,17.773038264,8.454104823,1.831342765,-0.001414309,0.00296672,-1.0,-0.916995015,-0.011861897,0.000414309,-0.011861897,0.916995015,0.00296672
1581249738.409654,000000000301,e78f135624ce,-75,17.773034189,8.454103342,1.831344988,-0.001413753,0.002965424,-1.0,-0.917000387,-0.011862082,0.000413753,-0.011862082,0.917000387,0.002965424
1581249738.4101546,b827ebfd7811,e78f135624ce,-70,17.772949459,8.454072531,1.831391204,-0.001402199,0.002938464,-1.0,-0.917112077,-0.011865934,0.000402199,-0.011865934,0.917112077,0.002938464
1581249738.410245,000000000201,e78f135624ce,-74,17.772934167,8.45406697,1.831399545,-0.001400114,0.002933599,-1.0,-0.917132234,-0.011866629,0.000400114,-0.011866629,0.917132234,0.002933599
1581249738.4102495,000000000202,e78f135624ce,-76,17.772933401,8.454066691,1.831399963,-0.001400009,0.002933355,-1.0,-0.917133245,-0.011866664,0.000400009,-0.011866664,0.917133245,0.002933355
1581249738.4121883,000000000402,e78f135624ce,-74,17.772605293,8.453947379,1.831578931,-0.001355267,0.002828957,-1.0,-0.91756575,-0.011881578,0.000355267,-0.011881578,0.91756575,0.002828957
1581249738.8653839,b827eb4521b4,e78f135624ce,-79,17.647444351,8.429043088,1.844129263,0.000306105,0.002956912,-1.0,-0.763594245,-0.010521544,0.007129263,-0.010521544,0.763594245,0.001478456
1581249738.8654435,b827ebf7d096,e78f135624ce,-71,17.647421885,8.429044005,1.844132014,0.000301979,0.002955995,-1.0,-0.763628174,-0.010522002,0.007132014,-0.010522002,0.763628174,0.001477998
1581249738.866469,000000000102,e78f135624ce,-85,17.647035374,8.429059781,1.844179342,0.000230987,0.002940219,-1.0,-0.764211884,-0.01052989,0.007179342,-0.01052989,0.764211884,0.00147011
1581249738.8666372,b827eb917e19,e78f135624ce,-86,17.646971929,8.42906237,1.844187111,0.000219334,0.00293763,-1.0,-0.764307699,-0.010531185,0.007187111,-0.010531185,0.764307699,0.001468815
1581249738.8674655,000000000101,e78f135624ce,-76,17.646659737,8.429075113,1.844225338,0.000161992,0.002924887,-1.0,-0.764779173,-0.010537556,0.007225338,-0.010537556,0.764779173,0.001462444
1581249738.8681722,000000000401,e78f135624ce,-57,17.646393376,8.429085985,1.844257954,0.000113069,0.002914015,-1.0,-0.765181433,-0.010542992,0.007257954,-0.010542992,0.765181433,0.001457008
1581249738.869626,000000000301,e78f135624ce,-68,17.645845377,8.429108352,1.844325056,1.2416e-05,0.002891648,-1.0,-0.766009023,-0.010554176,0.007325056,-0.010554176,0.766009023,0.001445824
1581249738.869654,000000000302,e78f135624ce,-69,17.645834862,8.429108781,1.844326343,1.0485e-05,0.002891219,-1.0,-0.766024902,-0.010554391,0.007326343,-0.010554391,0.766024902,0.001445609
1581249738.870191,000000000201,e78f135624ce,-84,17.645632396,8.429117045,1.844351135,-2.6703e-05,0.002882955,-1.0,-0.766330668,-0.010558523,0.007351135,-0.010558523,0.766330668,0.001441477
1581249738.8702037,000000000402,e78f135624ce,-77,17.645627633,8.429117239,1.844351718,-2.7578e-05,0.002882761,-1.0,-0.766337861,-0.01055862,0.007351718,-0.01055862,0.766337861,0.00144138
1581249739.3228323,b827ebfd7811,e78f135624ce,-75,17.43598694,8.39907872,1.822,0.018446202,0.020028876,-0.999,-0.678443807,-0.010223101,-0.012194225,-0.011223101,0.678443807,0.018417326
1581249739.323939,b827ebf7d096,e78f135624ce,-77,17.435416544,8.399257501,1.822,0.018378095,0.019986309,-0.999,-0.676315464,-0.010189047,-0.012202738,-0.011189047,0.676315464,0.018391786
1581249739.3242126,000000000202,e78f135624ce,-76,17.435275604,8.399301676,1.822,0.018361266,0.019975791,-0.999,-0.675789568,-0.010180633,-0.012204842,-0.011180633,0.675789568,0.018385475
1581249739.3244631,000000000102,e78f135624ce,-80,17.43514646,8.399342154,1.822,0.018345846,0.019966154,-0.999,-0.675307688,-0.010172923,-0.012206769,-0.011172923,0.675307688,0.018379692
1581249739.3254578,000000000101,e78f135624ce,-83,17.434633817,8.399502834,1.822,0.018284635,0.019927897,-0.999,-0.673394839,-0.010142317,-0.012214421,-0.011142317,0.673394839,0.018356738
1581249739.326742,000000000301,e78f135624ce,-74,17.433972001,8.399710268,1.822,0.018205612,0.019878508,-0.999,-0.670925375,-0.010102806,-0.012224298,-0.011102806,0.670925375,0.018327105
1581249739.3270168,b827eb917e19,e78f135624ce,-76,17.433830323,8.399754675,1.822,0.018188695,0.019867935,-0.999,-0.670396728,-0.010094348,-0.012226413,-0.011094348,0.670396728,0.018320761
1581249739.327177,000000000402,e78f135624ce,-73,17.43374775,8.399780556,1.822,0.018178836,0.019861772,-0.999,-0.670088618,-0.010089418,-0.012227646,-0.011089418,0.670088618,0.018317063
1581249739.3271828,000000000401,e78f135624ce,-58,17.433744801,8.39978148,1.822,0.018178484,0.019861552,-0.999,-0.670077614,-0.010089242,-0.01222769,-0.011089242,0.670077614,0.018316931
1581249739.3282847,000000000302,e78f135624ce,-67,17.433176862,8.399959491,1.822,0.01811067,0.019819169,-0.999,-0.667958442,-0.010055335,-0.012236166,-0.011055335,0.667958442,0.018291501
1581249739.781457,000000000101,e78f135624ce,-83,17.155557089,8.437462461,1.847521768,0.008,0.006537539,-0.999,-0.230343848,-0.004865615,-0.007806309,-0.004865615,0.229478232,-0.000193691
1581249739.7827728,b827ebfd7811,e78f135624ce,-77,17.154614075,8.437506322,1.847642386,0.008,0.006493678,-0.999,-0.230234195,-0.004876581,-0.007740517,-0.004876581,0.229357614,-0.000259483
1581249739.7832024,000000000201,e78f135624ce,-83,17.154306173,8.437520643,1.847681769,0.008,0.006479357,-0.999,-0.230198392,-0.004880161,-0.007719035,-0.004880161,0.229318231,-0.000280965
1581249739.7837608,000000000302,e78f135624ce,-65,17.153906003,8.437539256,1.847732953,0.008,0.006460744,-0.999,-0.230151861,-0.004884814,-0.007691117,-0.004884814,0.229267047,-0.000308883
1581249739.783862,b827ebf7d096,e78f135624ce,-70,17.153833385,8.437542633,1.847742241,0.008,0.006457367,-0.999,-0.230143417,-0.004885658,-0.00768605,-0.004885658,0.229257759,-0.00031395
1581249739.784204,000000000202,e78f135624ce,-78,17.153588362,8.43755403,1.847773582,0.008,0.00644597,-0.999,-0.230114926,-0.004888507,-0.007668955,-0.004888507,0.229226418,-0.000331045
1581249739.7844703,000000000102,e78f135624ce,-72,17.153397504,8.437562907,1.847797994,0.008,0.006437093,-0.999,-0.230092733,-0.004890727,-0.00765564,-0.004890727,0.229202006,-0.00034436
1581249739.7867372,000000000301,e78f135624ce,-84,17.151772902,8.43763847,1.848005792,0.008,0.00636153,-0.999,-0.229903826,-0.004909617,-0.007542295,-0.004909617,0.228994208,-0.000457705
1581249739.78718,000000000402,e78f135624ce,-75,17.151455602,8.437653228,1.848046376,0.008,0.006346772,-0.999,-0.229866931,-0.004913307,-0.007520158,-0.004913307,0.228953624,-0.000479842
1581249739.7871916,000000000401,e78f135624ce,-64,17.15144723,8.437653617,1.848047447,0.008,0.006346383,-0.999,-0.229865957,-0.004913404,-0.007519574,-0.004913404,0.228952553,-0.000480426
1581249740.231199,b827eb4521b4,e78f135624ce,-78,16.858788105,8.471255184,1.848659604,0.025893598,0.003446799,-0.999,0.478487813,0.006340396,0.021340396,0.006340396,-0.478487813,-0.004
1581249740.232718,b827eb917e19,e78f135624ce,-70,16.857648881,8.471432396,1.848621629,0.025918914,0.003459457,-0.999,0.480513101,0.006378371,0.021378371,0.006378371,-0.480513101,-0.004
1581249740.2334619,000000000101,e78f135624ce,-74,16.857090981,8.471519181,1.848603033,0.025931312,0.003465656,-0.999,0.481504923,0.006396967,0.021396967,0.006396967,-0.481504923,-0.004
1581249740.2351816,b827ebfd7811,e78f135624ce,-71,16.855801194,8.471719814,1.84856004,0.025959973,0.003479987,-0.999,0.483797876,0.00643996,0.02143996,0.00643996,-0.483797876,-0.004
1581249740.2352087,000000000201,e78f135624ce,-83,16.85578081,8.471722985,1.84855936,0.025960426,0.003480213,-0.999,0.483834116,0.00644064,0.02144064,0.00644064,-0.483834116,-0.004
1581249740.2356377,000000000302,e78f135624ce,-66,16.855459123,8.471773025,1.848548637,0.025967575,0.003483788,-0.999,0.484406003,0.006451363,0.021451363,0.006451363,-0.484406003,-0.004
1581249740.2357783,b827ebf7d096,e78f135624ce,-71,16.855353623,8.471789436,1.848545121,0.025969919,0.00348496,-0.999,0.48459356,0.006454879,0.021454879,0.006454879,-0.48459356,-0.004
1581249740.2364776,000000000102,e78f135624ce,-76,16.854829161,8.471871019,1.848527639,0.025981574,0.003490787,-0.999,0.485525936,0.006472361,0.021472361,0.006472361,-0.485525936,-0.004
1581249740.2381828,000000000402,e78f135624ce,-90,16.853550283,8.472069956,1.848485009,0.026009994,0.003504997,-0.999,0.487799498,0.006514991,0.021514991,0.006514991,-0.487799498,-0.004
1581249740.2381923,000000000401,e78f135624ce,-64,16.85354313,8.472071069,1.848484771,0.026010153,0.003505076,-0.999,0.487812213,0.006515229,0.021515229,0.006515229,-0.487812213,-0.004
1581249740.6858957,b827eb4521b4,e78f135624ce,-80,16.490657317,8.465159906,1.874792188,0.018484894,-0.001722918,-0.998930729,0.035877645,-0.002207812,0.0108224,-0.002207812,-0.035877645,-0.010653647
1581249740.6874626,b827eb917e19,e78f135624ce,-99,16.489273232,8.464624552,1.874753016,0.018576296,-0.001670688,-0.998917672,0.0335926,-0.002246984,0.010600424,-0.002246984,-0.0335926,-0.01058836
1581249740.6884847,000000000101,e78f135624ce,-80,16.488370376,8.464275334,1.874727463,0.018635919,-0.001636618,-0.998909154,0.032102035,-0.002272537,0.010455626,-0.002272537,-0.032102035,-0.010545772
1581249740.6906319,000000000302,e78f135624ce,-66,16.486473683,8.463541707,1.874673783,0.018761172,-0.001565045,-0.998891261,0.028970702,-0.002326217,0.01015144,-0.002326217,-0.028970702,-0.010456306
1581249740.6906364,000000000301,e78f135624ce,-74,16.486469681,8.46354016,1.87467367,0.018761436,-0.001564894,-0.998891223,0.028964096,-0.00232633,0.010150798,-0.00232633,-0.028964096,-0.010456117
1581249740.6911402,b827ebfd7811,e78f135624ce,-69,16.486024676,8.463368035,1.874661076,0.018790823,-0.001548101,-0.998887025,0.028229418,-0.002338924,0.010079429,-0.002338924,-0.028229418,-0.010435126
1581249740.691198,000000000201,e78f135624ce,-77,16.4859735,8.46334824,1.874659627,0.018794203,-0.00154617,-0.998886542,0.028144929,-0.002340373,0.010071222,-0.002340373,-0.028144929,-0.010432712
1581249740.692182,000000000202,e78f135624ce,-79,16.48510434,8.463012056,1.874635028,0.0188516,-0.001513371,-0.998878343,0.026709995,-0.002364972,0.009931828,-0.002364972,-0.026709995,-0.010391714
1581249740.6931796,000000000402,e78f135624ce,-69,16.484223176,8.462671228,1.87461009,0.01890979,-0.00148012,-0.99887003,0.025255243,-0.00238991,0.009790509,-0.00238991,-0.025255243,-0.01035015
1581249741.141895,b827eb4521b4,e78f135624ce,-75,16.059040986,8.530470717,1.883744513,-0.030274524,-0.003882139,-0.994725476,-0.431840425,-0.010176428,0.033549048,-0.009901904,0.434114949,-0.007156663
1581249741.142752,b827ebf7d096,e78f135624ce,-72,16.058223658,8.530411395,1.884014758,-0.030267933,-0.003981009,-0.994732067,-0.433092781,-0.010196202,0.033535865,-0.009928269,0.435360714,-0.007248942
1581249741.143469,b827eb917e19,e78f135624ce,-76,16.057539596,8.530361745,1.88424094,-0.030262416,-0.004063759,-0.994737584,-0.434140942,-0.010212752,0.033524832,-0.009950336,0.436403358,-0.007326175
1581249741.1435475,000000000102,e78f135624ce,-85,16.057464776,8.530356314,1.884265679,-0.030261813,-0.004072809,-0.994738187,-0.434255584,-0.010214562,0.033523625,-0.009952749,0.436517397,-0.007334622
1581249741.1444676,000000000101,e78f135624ce,-74,16.056587184,8.530292618,1.88455585,-0.030254735,-0.00417897,-0.994745265,-0.435600282,-0.010235794,0.033509471,-0.009981059,0.437855018,-0.007433705
1581249741.1456523,000000000301,e78f135624ce,-73,16.055457162,8.5302106,1.884929487,-0.030245622,-0.004315666,-0.994754378,-0.437331768,-0.010263133,0.033491245,-0.010017511,0.439577391,-0.007561288
1581249741.1461606,000000000401,e78f135624ce,-54,16.054972314,8.53017541,1.885089799,-0.030241712,-0.004374317,-0.994758288,-0.43807468,-0.010274863,0.033483424,-0.010033151,0.440316392,-0.007616029
1581249741.146171,000000000402,e78f135624ce,-75,16.054962308,8.530174684,1.885093108,-0.030241632,-0.004375527,-0.994758368,-0.438090012,-0.010275105,0.033483263,-0.010033474,0.440331644,-0.007617159
1581249741.1462505,000000000201,e78f135624ce,-82,16.054886579,8.530169187,1.885118147,-0.030241021,-0.004384688,-0.994758979,-0.438206048,-0.010276938,0.033482042,-0.010035917,0.440447069,-0.007625709
1581249741.1466153,000000000302,e78f135624ce,-68,16.054538635,8.530143933,1.885233193,-0.030238215,-0.004426778,-0.994761785,-0.438739189,-0.010285356,0.03347643,-0.010047141,0.440977403,-0.007664993
1581249741.147213,000000000202,e78f135624ce,-78,16.053968507,8.530102553,1.885421703,-0.030233617,-0.004495745,-0.994766383,-0.439612772,-0.010299149,0.033467234,-0.010065532,0.441846389,-0.007729362
1581249741.1491706,000000000201,e78f135624ce,-78,16.052101207,8.529967023,1.886039117,-0.030218558,-0.004721628,-0.994781442,-0.442473957,-0.010344326,0.033437116,-0.010125768,0.444692515,-0.007940186
1581249741.593684,b827eb4521b4,e78f135624ce,-70,15.672253807,8.419695785,1.91098489,0.005361351,0.012156298,-0.995290757,-0.441957974,-0.009,0.021156298,-0.007290757,0.442312596,-0.007361351
1581249741.5945983,b827ebf7d096,e78f135624ce,-70,15.671346506,8.420145919,1.910429256,0.00515035,0.012318065,-0.99527669,-0.442274475,-0.009,0.021318065,-0.00727669,0.44263613,-0.00715035
1581249741.595195,b827eb917e19,e78f135624ce,-74,15.670754336,8.420439709,1.910066609,0.005012636,0.012423646,-0.995267509,-0.442481046,-0.009,0.021423646,-0.007267509,0.442847291,-0.007012636
1581249741.5954964,000000000102,e78f135624ce,-77,15.670455293,8.420588072,1.909883474,0.004943091,0.012476963,-0.995262873,-0.442585363,-0.009,0.021476963,-0.007262873,0.442953927,-0.006943091
1581249741.5964558,000000000101,e78f135624ce,-81,15.669503277,8.42106039,1.909300457,0.004721692,0.012646702,-0.995248113,-0.442917461,-0.009,0.021646702,-0.007248113,0.443293405,-0.006721692
1581249741.5966303,000000000301,e78f135624ce,-71,15.669330098,8.421146308,1.909194401,0.004681418,0.01267758,-0.995245428,-0.442977873,-0.009,0.02167758,-0.007245428,0.443355159,-0.006681418
1581249741.5971584,000000000402,e78f135624ce,-74,15.668806063,8.421406294,1.908873481,0.00455955,0.012771012,-0.995237303,-0.443160676,-0.009,0.021771012,-0.007237303,0.443542024,-0.00655955
1581249741.5971828,000000000401,e78f135624ce,-62,15.668781932,8.421418267,1.908858702,0.004553938,0.012775315,-0.995236929,-0.443169094,-0.009,0.021775315,-0.007236929,0.443550629,-0.006553938
1581249741.5976372,000000000302,e78f135624ce,-67,15.668331002,8.421641984,1.908582551,0.00444907,0.012855713,-0.995229938,-0.443326395,-0.009,0.021855713,-0.007229938,0.443711426,-0.00644907
1581249741.5982122,000000000201,e78f135624ce,-76,15.66776036,8.421925093,1.908233089,0.004316363,0.012957455,-0.995221091,-0.443525456,-0.009,0.021957455,-0.007221091,0.44391491,-0.006316363
1581249741.5982182,000000000202,e78f135624ce,-65,15.667754446,8.421928027,1.908229467,0.004314987,0.01295851,-0.995220999,-0.443527519,-0.009,0.02195851,-0.007220999,0.443917019,-0.006314987
1581249742.045082,b827eb4521b4,e78f135624ce,-71,15.191709431,8.401125051,1.840895791,-0.007937475,0.019083367,-0.996979158,-0.792416025,-0.012979158,0.017,-0.011958316,0.792416025,0.013041684
1581249742.0451825,b827ebf7d096,e78f135624ce,-69,15.191600692,8.401120032,1.840899973,-0.007939984,0.019080021,-0.996979995,-0.792479595,-0.012979995,0.017,-0.011959989,0.792479595,0.013040011
1581249742.0454812,000000000102,e78f135624ce,-75,15.191277059,8.401105095,1.840912421,-0.007947452,0.019070063,-0.996982484,-0.792668797,-0.012982484,0.017,-0.011964968,0.792668797,0.013035032
1581249742.0465105,b827eb917e19,e78f135624ce,-72,15.190162033,8.401053632,1.840955306,-0.007973184,0.019035755,-0.996991061,-0.793320657,-0.012991061,0.017,-0.011982123,0.793320657,0.013017877
1581249742.047495,000000000101,e78f135624ce,-86,15.189095566,8.401004411,1.840996324,-0.007997795,0.01900294,-0.996999265,-0.793944131,-0.012999265,0.017,-0.01199853,0.793944131,0.01300147
1581249742.0476446,000000000301,e78f135624ce,-72,15.188953629,8.40095079,1.841011829,-0.007984859,0.018997634,-0.996999527,-0.793974922,-0.013000473,0.016990063,-0.012,0.793975395,0.012996215
1581249742.0482059,000000000401,e78f135624ce,-60,15.188530543,8.400501801,1.841119759,-0.007846708,0.018976048,-0.99699521,-0.79374611,-0.01300479,0.016899402,-0.012,0.7937509,0.012961677
1581249742.0496688,000000000302,e78f135624ce,-74,15.187427715,8.399331453,1.841401093,-0.007486601,0.018919781,-0.996983956,-0.793149683,-0.013016044,0.016663082,-0.012,0.793165726,0.01287165
1581249742.049872,000000000402,e78f135624ce,-78,15.187274585,8.399168947,1.841440157,-0.007436599,0.018911969,-0.996982394,-0.793066867,-0.013017606,0.016630268,-0.012,0.793084473,0.01285915
1581249742.0502129,000000000201,e78f135624ce,-87,15.18701757,8.398896196,1.841505722,-0.007352676,0.018898856,-0.996979771,-0.792927869,-0.013020229,0.016575193,-0.012,0.792948098,0.012838169
1581249742.0502243,000000000202,e78f135624ce,-68,15.187008943,8.398887041,1.841507923,-0.007349859,0.018898415,-0.996979683,-0.792923204,-0.013020317,0.016573345,-0.012,0.792943521,0.012837465
1581249742.050592,000000000301,e78f135624ce,-71,15.186731798,8.398592928,1.841578623,-0.007259363,0.018884275,-0.996976855,-0.792773319,-0.013023145,0.016513957,-0.012,0.792796464,0.012814841
1581249742.4945574,b827eb4521b4,e78f135624ce,-71,14.759002706,8.355185438,1.879302577,0.000535052,0.012116237,-0.998,-0.790835825,-0.012116237,0.010232474,-0.011116237,0.791393943,0.002790593
1581249742.4953792,b827ebf7d096,e78f135624ce,-74,14.758119239,8.355384047,1.879220394,0.000480263,0.012129934,-0.998,-0.791287831,-0.012129934,0.010259869,-0.011129934,0.791852798,0.002824836
1581249742.4954798,000000000102,e78f135624ce,-78,14.758011081,8.355408362,1.879210333,0.000473555,0.012131611,-0.998,-0.791343168,-0.012131611,0.010263222,-0.011131611,0.791908974,0.002829028
1581249742.496086,b827eb917e19,e78f135624ce,-67,14.757359565,8.355554826,1.879149727,0.000433151,0.012141712,-0.998,-0.791676501,-0.012141712,0.010283424,-0.011141712,0.792247358,0.00285428
1581249742.4964647,000000000101,e78f135624ce,-74,14.756952304,8.355646381,1.879111842,0.000407895,0.012148026,-0.998,-0.791884868,-0.012148026,0.010296053,-0.011148026,0.792458881,0.002870066
1581249742.4981685,000000000401,e78f135624ce,-71,14.755120783,8.356058119,1.878941468,0.000294312,0.012176422,-0.998,-0.792821925,-0.012176422,0.010352844,-0.011176422,0.793410136,0.002941055
1581249742.4981992,000000000402,e78f135624ce,-76,14.75508772,8.356065551,1.878938393,0.000292262,0.012176935,-0.998,-0.792838841,-0.012176935,0.010353869,-0.011176935,0.793427308,0.002942336
1581249742.4986885,000000000302,e78f135624ce,-70,14.754561792,8.356183783,1.878889469,0.000259646,0.012185088,-0.998,-0.79310792,-0.012185088,0.010370177,-0.011185088,0.793700465,0.002962721
1581249742.498719,000000000301,e78f135624ce,-71,14.754528986,8.356191158,1.878886417,0.000257612,0.012185597,-0.998,-0.793124705,-0.012185597,0.010371194,-0.011185597,0.793717504,0.002963993
1581249742.5002217,000000000202,e78f135624ce,-71,14.752913525,8.356554324,1.878736142,0.000157428,0.012210643,-0.998,-0.79395122,-0.012210643,0.010421286,-0.011210643,0.794556541,0.003026608
1581249742.5002232,000000000201,e78f135624ce,-77,14.752911988,8.356554669,1.878735999,0.000157333,0.012210667,-0.998,-0.793952006,-0.012210667,0.010421334,-0.011210667,0.79455734,0.003026667
1581249742.9495327,b827eb4521b4,e78f135624ce,-71,14.280306756,8.428012042,1.834353784,-0.026548739,0.016817087,-0.999,-0.932475346,-0.015,0.030182913,-0.014,0.933475346,0.014
1581249742.9502373,b827ebfd7811,e78f135624ce,-70,14.279514162,8.428076624,1.834300944,-0.026566352,0.016811216,-0.999,-0.932586896,-0.015,0.030188784,-0.014,0.933586896,0.014
1581249742.9512072,000000000202,e78f135624ce,-76,14.278423038,8.42816553,1.834228203,-0.026590599,0.016803134,-0.999,-0.932740461,-0.015,0.030196866,-0.014,0.933740461,0.014
