1581250709.5583005,000000000102,e78f135624ce,-84,17.973806544,4.354850818,1.743,0.008298364,-0.013149182,-0.999149182,1.0,0.021850818,0.007447546,0.021,-0.999,0.014
1581250709.5589538,000000000202,e78f135624ce,-83,17.973846745,4.354855843,1.743,0.008288314,-0.013144157,-0.999144157,1.0,0.021855843,0.007432471,0.021,-0.999,0.014
1581250709.5591128,b827eb917e19,e78f135624ce,-91,17.973856531,4.354857066,1.743,0.008285867,-0.013142934,-0.999142934,1.0,0.021857066,0.007428801,0.021,-0.999,0.014
1581250709.5591328,b827ebfd7811,e78f135624ce,-84,17.973857763,4.35485722,1.743,0.008285559,-0.01314278,-0.99914278,1.0,0.02185722,0.007428339,0.021,-0.999,0.014
1581250709.5592775,000000000101,e78f135624ce,-85,17.973866669,4.354858334,1.743,0.008283333,-0.013141666,-0.999141666,1.0,0.021858334,0.007424999,0.021,-0.999,0.014
1581250709.561506,000000000402,e78f135624ce,-78,17.974003807,4.354875476,1.743,0.008249048,-0.013124524,-0.999124524,1.0,0.021875476,0.007373572,0.021,-0.999,0.014
1581250709.5621536,000000000301,e78f135624ce,-76,17.974043656,4.354880457,1.743,0.008239086,-0.013119543,-0.999119543,1.0,0.021880457,0.007358629,0.021,-0.999,0.014
1581250709.5634935,000000000401,e78f135624ce,-70,17.974126112,4.354890764,1.743,0.008218472,-0.013109236,-0.999109236,1.0,0.021890764,0.007327708,0.021,-0.999,0.014
1581250710.0149534,000000000202,e78f135624ce,-78,17.961447863,4.302721938,1.760552137,0.01,-0.007,-1.001,0.999,0.014965242,0.01,0.014965242,-1.001,0.005
1581250710.015288,000000000102,e78f135624ce,-74,17.961440139,4.302680739,1.760559861,0.01,-0.007,-1.001,0.999,0.014960092,0.01,0.014960092,-1.001,0.005
1581250710.0159597,000000000201,e78f135624ce,-82,17.96142464,4.302598078,1.76057536,0.01,-0.007,-1.001,0.999,0.01494976,0.01,0.01494976,-1.001,0.005
1581250710.0164652,b827ebfd7811,e78f135624ce,-73,17.961412975,4.302535869,1.760587025,0.01,-0.007,-1.001,0.999,0.014941984,0.01,0.014941984,-1.001,0.005
1581250710.018156,000000000301,e78f135624ce,-83,17.961373956,4.302327763,1.760626044,0.01,-0.007,-1.001,0.999,0.01491597,0.01,0.01491597,-1.001,0.005
1581250710.018471,000000000402,e78f135624ce,-68,17.961366687,4.302289,1.760633313,0.01,-0.007,-1.001,0.999,0.014911125,0.01,0.014911125,-1.001,0.005
1581250710.4663215,b827eb4521b4,e78f135624ce,-79,17.958140274,4.246996987,1.768716438,0.012713425,-0.007856712,-1.0,0.999,0.013856712,0.012713425,0.013856712,-1.0,0.007
1581250710.468291,b827eb917e19,e78f135624ce,-82,17.958049371,4.246890933,1.768792191,0.012683124,-0.007841562,-1.0,0.999,0.013841562,0.012683124,0.013841562,-1.0,0.007
1581250710.468299,000000000101,e78f135624ce,-77,17.958049008,4.246890509,1.768792493,0.012683003,-0.007841501,-1.0,0.999,0.013841501,0.012683003,0.013841501,-1.0,0.007
1581250710.4704053,000000000102,e78f135624ce,-73,17.957951788,4.246777086,1.76887351,0.012650596,-0.007825298,-1.0,0.999,0.013825298,0.012650596,0.013825298,-1.0,0.007
1581250710.4711652,000000000301,e78f135624ce,-77,17.957916719,4.246736172,1.768902734,0.012638906,-0.007819453,-1.0,0.999,0.013819453,0.012638906,0.013819453,-1.0,0.007
1581250710.471179,000000000302,e78f135624ce,-79,17.95791608,4.246735427,1.768903266,0.012638693,-0.007819347,-1.0,0.999,0.013819347,0.012638693,0.013819347,-1.0,0.007
1581250710.4718719,b827ebfd7811,e78f135624ce,-73,17.957884103,4.24669812,1.768929914,0.012628034,-0.007814017,-1.0,0.999,0.013814017,0.012628034,0.013814017,-1.0,0.007
1581250710.4719622,000000000202,e78f135624ce,-81,17.957879933,4.246693255,1.76893339,0.012626644,-0.007813322,-1.0,0.999,0.013813322,0.012626644,0.013813322,-1.0,0.007
1581250710.4724731,000000000401,e78f135624ce,-68,17.957856351,4.246665743,1.768953041,0.012618784,-0.007809392,-1.0,0.999,0.013809392,0.012618784,0.013809392,-1.0,0.007
1581250710.472938,000000000201,e78f135624ce,-81,17.957834893,4.246640709,1.768970922,0.012611631,-0.007805816,-1.0,0.999,0.013805816,0.012611631,0.013805816,-1.0,0.007
1581250710.9168913,b827eb4521b4,e78f135624ce,-79,17.94725669,4.215566896,1.789946483,0.01174331,-0.002770069,-1.0,1.0,0.01274331,0.01174331,0.01274331,-1.0,0.002513379
1581250710.9188578,b827eb917e19,e78f135624ce,-85,17.947240302,4.215403023,1.790077581,0.011759698,-0.002720907,-1.0,1.0,0.012759698,0.011759698,0.012759698,-1.0,0.002480605
1581250710.919282,000000000101,e78f135624ce,-77,17.947236768,4.215367678,1.790105858,0.011763232,-0.002710303,-1.0,1.0,0.012763232,0.011763232,0.012763232,-1.0,0.002473536
1581250710.9221604,000000000301,e78f135624ce,-78,17.947212781,4.215127808,1.790297753,0.011787219,-0.002638343,-1.0,1.0,0.012787219,0.011787219,0.012787219,-1.0,0.002425562
1581250710.922167,000000000302,e78f135624ce,-77,17.947212725,4.215127252,1.790298198,0.011787275,-0.002638176,-1.0,1.0,0.012787275,0.011787275,0.012787275,-1.0,0.00242545
1581250710.9222836,000000000102,e78f135624ce,-75,17.947211754,4.215117536,1.790305971,0.011788246,-0.002635261,-1.0,1.0,0.012788246,0.011788246,0.012788246,-1.0,0.002423507
1581250710.9225097,000000000401,e78f135624ce,-72,17.94720987,4.215098701,1.790321039,0.01179013,-0.00262961,-1.0,1.0,0.01279013,0.01179013,0.01279013,-1.0,0.00241974
1581250710.9229593,000000000202,e78f135624ce,-83,17.947206123,4.21506123,1.790351016,0.011793877,-0.002618369,-1.0,1.0,0.012793877,0.011793877,0.012793877,-1.0,0.002412246
1581250710.9239514,000000000201,e78f135624ce,-82,17.947197856,4.214978558,1.790417153,0.011802144,-0.002593567,-1.0,1.0,0.012802144,0.011802144,0.012802144,-1.0,0.002395712
1581250710.9241457,b827ebfd7811,e78f135624ce,-76,17.947196237,4.214962366,1.790430108,0.011803763,-0.00258871,-1.0,1.0,0.012803763,0.011803763,0.012803763,-1.0,0.002392473
1581250711.3747106,b827eb4521b4,e78f135624ce,-81,17.944326974,4.188317435,1.810355591,0.013,0.001336513,-1.0,1.0,0.015,0.013,0.015,-1.0,-0.001336513
1581250711.3763094,000000000102,e78f135624ce,-75,17.944297904,4.188244761,1.810457335,0.013,0.001351048,-1.0,1.0,0.015,0.013,0.015,-1.0,-0.001351048
1581250711.3765337,b827ebf7d096,e78f135624ce,-87,17.944293825,4.188234563,1.810471612,0.013,0.001353087,-1.0,1.0,0.015,0.013,0.015,-1.0,-0.001353087
1581250711.3765936,b827eb917e19,e78f135624ce,-80,17.944292737,4.188231843,1.81047542,0.013,0.001353631,-1.0,1.0,0.015,0.013,0.015,-1.0,-0.001353631
1581250711.3771064,b827ebfd7811,e78f135624ce,-71,17.944283413,4.188208532,1.810508055,0.013,0.001358294,-1.0,1.0,0.015,0.013,0.015,-1.0,-0.001358294
1581250711.3772755,000000000101,e78f135624ce,-72,17.944280339,4.188200848,1.810518812,0.013,0.00135983,-1.0,1.0,0.015,0.013,0.015,-1.0,-0.00135983
1581250711.3794942,000000000402,e78f135624ce,-65,17.944239999,4.188099997,1.810660004,0.013,0.001380001,-1.0,1.0,0.015,0.013,0.015,-1.0,-0.001380001
1581250711.3800786,000000000202,e78f135624ce,-80,17.944229374,4.188073435,1.810697191,0.013,0.001385313,-1.0,1.0,0.015,0.013,0.015,-1.0,-0.001385313
1581250711.3801663,000000000301,e78f135624ce,-81,17.944227779,4.188069447,1.810702774,0.013,0.001386111,-1.0,1.0,0.015,0.013,0.015,-1.0,-0.001386111
1581250711.3801713,000000000302,e78f135624ce,-81,17.944227688,4.188069219,1.810703093,0.013,0.001386156,-1.0,1.0,0.015,0.013,0.015,-1.0,-0.001386156
1581250711.3805084,000000000401,e78f135624ce,-68,17.944221558,4.188053896,1.810724546,0.013,0.001389221,-1.0,1.0,0.015,0.013,0.015,-1.0,-0.001389221
1581250711.8317983,b827eb4521b4,e78f135624ce,-80,17.940042113,4.173168453,1.82587366,0.013,0.003957887,-1.0,1.0,0.015,0.013,0.015,-1.0,-0.003
1581250711.8332691,000000000102,e78f135624ce,-76,17.940031607,4.17312643,1.825905178,0.013,0.003968393,-1.0,1.0,0.015,0.013,0.015,-1.0,-0.003
1581250711.8348455,b827ebf7d096,e78f135624ce,-80,17.940020347,4.173081389,1.825938958,0.013,0.003979653,-1.0,1.0,0.015,0.013,0.015,-1.0,-0.003
1581250711.8354492,b827eb917e19,e78f135624ce,-76,17.940016035,4.173064141,1.825951894,0.013,0.003983965,-1.0,1.0,0.015,0.013,0.015,-1.0,-0.003
1581250711.8354816,b827ebfd7811,e78f135624ce,-72,17.940015804,4.173063215,1.825952589,0.013,0.003984196,-1.0,1.0,0.015,0.013,0.015,-1.0,-0.003
1581250711.8363166,000000000101,e78f135624ce,-80,17.94000984,4.173039359,1.82597048,0.013,0.00399016,-1.0,1.0,0.015,0.013,0.015,-1.0,-0.003
1581250711.8371456,000000000301,e78f135624ce,-81,17.940003919,4.173015674,1.825988244,0.013,0.003996081,-1.0,1.0,0.015,0.013,0.015,-1.0,-0.003
1581250711.837181,000000000302,e78f135624ce,-81,17.940003665,4.173014659,1.825989006,0.013,0.003996335,-1.0,1.0,0.015,0.013,0.015,-1.0,-0.003
1581250711.837665,000000000402,e78f135624ce,-68,17.940000208,4.173000831,1.825999377,0.013,0.003999792,-1.0,1.0,0.015,0.013,0.015,-1.0,-0.003
1581250711.839509,000000000401,e78f135624ce,-63,17.939983501,4.172901009,1.826032997,0.013016499,0.004,-1.0,1.0,0.015,0.013016499,0.015,-1.0,-0.003
1581250711.840145,000000000302,e78f135624ce,-85,17.939977719,4.172866312,1.826044563,0.013022281,0.004,-1.0,1.0,0.015,0.013022281,0.015,-1.0,-0.003
1581250712.2886379,b827eb4521b4,e78f135624ce,-85,17.938,4.161700804,1.836299196,0.013,0.005,-1.0,1.0,0.015,0.013,0.015,-1.0,-0.004350402
1581250712.2904649,b827ebf7d096,e78f135624ce,-83,17.938,4.161674704,1.836325296,0.013,0.005,-1.0,1.0,0.015,0.013,0.015,-1.0,-0.004337352
1581250712.2904854,b827eb917e19,e78f135624ce,-77,17.938,4.161674411,1.836325589,0.013,0.005,-1.0,1.0,0.015,0.013,0.015,-1.0,-0.004337205
1581250712.2909515,b827ebfd7811,e78f135624ce,-73,17.938,4.161667752,1.836332248,0.013,0.005,-1.0,1.0,0.015,0.013,0.015,-1.0,-0.004333876
1581250712.2912896,000000000102,e78f135624ce,-72,17.938,4.161662922,1.836337078,0.013,0.005,-1.0,1.0,0.015,0.013,0.015,-1.0,-0.004331461
1581250712.2913792,000000000101,e78f135624ce,-80,17.938,4.161661642,1.836338358,0.013,0.005,-1.0,1.0,0.015,0.013,0.015,-1.0,-0.004330821
1581250712.2919436,000000000201,e78f135624ce,-87,17.938,4.16165358,1.83634642,0.013,0.005,-1.0,1.0,0.015,0.013,0.015,-1.0,-0.00432679
1581250712.2941442,000000000301,e78f135624ce,-83,17.938,4.161622143,1.836377857,0.013,0.005,-1.0,1.0,0.015,0.013,0.015,-1.0,-0.004311071
1581250712.2941568,000000000302,e78f135624ce,-85,17.938,4.161621962,1.836378038,0.013,0.005,-1.0,1.0,0.015,0.013,0.015,-1.0,-0.004310981
1581250712.2944975,000000000402,e78f135624ce,-69,17.938,4.161617095,1.836382905,0.013,0.005,-1.0,1.0,0.015,0.013,0.015,-1.0,-0.004308547
1581250712.294505,000000000401,e78f135624ce,-63,17.938,4.161616989,1.836383011,0.013,0.005,-1.0,1.0,0.015,0.013,0.015,-1.0,-0.004308495
1581250712.7402277,b827eb4521b4,e78f135624ce,-84,17.935303811,4.159392377,1.838303811,0.012,0.003,-1.0,1.0,0.015,0.012,0.015,-1.0,-0.003
1581250712.741808,000000000102,e78f135624ce,-72,17.935315099,4.159369802,1.838315099,0.012,0.003,-1.0,1.0,0.015,0.012,0.015,-1.0,-0.003
1581250712.7419143,b827ebfd7811,e78f135624ce,-73,17.935315858,4.159368283,1.838315858,0.012,0.003,-1.0,1.0,0.015,0.012,0.015,-1.0,-0.003
1581250712.741982,b827eb917e19,e78f135624ce,-76,17.935316342,4.159367316,1.838316342,0.012,0.003,-1.0,1.0,0.015,0.012,0.015,-1.0,-0.003
1581250712.742293,000000000101,e78f135624ce,-80,17.935318563,4.159362875,1.838318563,0.012,0.003,-1.0,1.0,0.015,0.012,0.015,-1.0,-0.003
1581250712.7429388,000000000201,e78f135624ce,-87,17.935323176,4.159353648,1.838323176,0.012,0.003,-1.0,1.0,0.015,0.012,0.015,-1.0,-0.003
1581250712.742997,b827ebf7d096,e78f135624ce,-99,17.935323592,4.159352817,1.838323592,0.012,0.003,-1.0,1.0,0.015,0.012,0.015,-1.0,-0.003
1581250712.745165,000000000301,e78f135624ce,-85,17.935339079,4.159321843,1.838339079,0.012,0.003,-1.0,1.0,0.015,0.012,0.015,-1.0,-0.003
1581250712.7451668,000000000302,e78f135624ce,-86,17.935339091,4.159321819,1.838339091,0.012,0.003,-1.0,1.0,0.015,0.012,0.015,-1.0,-0.003
1581250712.7454834,000000000401,e78f135624ce,-62,17.935341352,4.159317296,1.838341352,0.012,0.003,-1.0,1.0,0.015,0.012,0.015,-1.0,-0.003
1581250712.7454886,000000000402,e78f135624ce,-69,17.93534139,4.159317221,1.83834139,0.012,0.003,-1.0,1.0,0.015,0.012,0.015,-1.0,-0.003
1581250713.1952682,000000000102,e78f135624ce,-74,17.937911785,4.154044107,1.829044107,0.013955893,-0.000977946,-1.0,1.0,0.014,0.013955893,0.014,-1.0,0.000977946
1581250713.1964269,b827ebf7d096,e78f135624ce,-96,17.93795392,4.15402304,1.82902304,0.01397696,-0.00098848,-1.0,1.0,0.014,0.01397696,0.014,-1.0,0.00098848
1581250713.1969664,000000000201,e78f135624ce,-88,17.93797354,4.15401323,1.82901323,0.01398677,-0.000993385,-1.0,1.0,0.014,0.01398677,0.014,-1.0,0.000993385
1581250713.1969974,b827ebfd7811,e78f135624ce,-76,17.937974667,4.154012667,1.829012667,0.013987333,-0.000993667,-1.0,1.0,0.014,0.013987333,0.014,-1.0,0.000993667
1581250713.199518,000000000402,e78f135624ce,-70,17.937973944,4.154052111,1.829013028,0.014026056,-0.000986972,-1.0,1.0,0.014,0.014026056,0.014,-1.0,0.000986972
1581250713.6449828,b827eb917e19,e78f135624ce,-91,17.922437581,4.160479194,1.833958387,0.015041613,0.002,-1.0,1.0,0.014520806,0.015041613,0.014520806,-1.0,-0.001479194
1581250713.6479726,000000000202,e78f135624ce,-77,17.922356042,4.160452014,1.833904028,0.015095972,0.002,-1.0,1.0,0.014547986,0.015095972,0.014547986,-1.0,-0.001452014
1581250713.6482518,000000000102,e78f135624ce,-74,17.922348427,4.160449476,1.833898952,0.015101048,0.002,-1.0,1.0,0.014550524,0.015101048,0.014550524,-1.0,-0.001449476
1581250713.6484249,b827ebf7d096,e78f135624ce,-81,17.922343707,4.160447902,1.833895804,0.015104196,0.002,-1.0,1.0,0.014552098,0.015104196,0.014552098,-1.0,-0.001447902
1581250713.6484342,000000000401,e78f135624ce,-77,17.922343453,4.160447818,1.833895635,0.015104365,0.002,-1.0,1.0,0.014552182,0.015104365,0.014552182,-1.0,-0.001447818
1581250713.6490026,b827ebfd7811,e78f135624ce,-78,17.922327952,4.160442651,1.833885301,0.015114699,0.002,-1.0,1.0,0.014557349,0.015114699,0.014557349,-1.0,-0.001442651
1581250713.6499677,000000000201,e78f135624ce,-79,17.92230163,4.160433877,1.833867753,0.015132247,0.002,-1.0,1.0,0.014566123,0.015132247,0.014566123,-1.0,-0.001433877
1581250713.6515622,000000000402,e78f135624ce,-68,17.922258143,4.160419381,1.833838762,0.015161238,0.002,-1.0,1.0,0.014580619,0.015161238,0.014580619,-1.0,-0.001419381
1581250714.0964348,b827eb4521b4,e78f135624ce,-73,17.88880809,4.180556225,1.837,0.030079461,0.002920539,-0.999,0.999,0.013,0.030079461,0.013,-1.0,-0.002
1581250714.0985653,b827eb917e19,e78f135624ce,-79,17.888517566,4.180691803,1.837,0.030098829,0.002901171,-0.999,0.999,0.013,0.030098829,0.013,-1.0,-0.002
1581250714.0992901,000000000101,e78f135624ce,-71,17.888418731,4.180737926,1.837,0.030105418,0.002894582,-0.999,0.999,0.013,0.030105418,0.013,-1.0,-0.002
1581250714.1013,000000000102,e78f135624ce,-80,17.888144657,4.180865827,1.837,0.03012369,0.00287631,-0.999,0.999,0.013,0.03012369,0.013,-1.0,-0.002
1581250714.1021328,000000000302,e78f135624ce,-79,17.888031094,4.180918823,1.837,0.03013126,0.00286874,-0.999,0.999,0.013,0.03013126,0.013,-1.0,-0.002
1581250714.1021411,000000000301,e78f135624ce,-82,17.888029956,4.180919354,1.837,0.030131336,0.002868664,-0.999,0.999,0.013,0.030131336,0.013,-1.0,-0.002
1581250714.10251,000000000401,e78f135624ce,-64,17.887979661,4.180942825,1.837,0.030134689,0.002865311,-0.999,0.999,0.013,0.030134689,0.013,-1.0,-0.002
1581250714.102537,b827ebfd7811,e78f135624ce,-72,17.887975987,4.180944539,1.837,0.030134934,0.002865066,-0.999,0.999,0.013,0.030134934,0.013,-1.0,-0.002
1581250714.102954,000000000201,e78f135624ce,-85,17.887919124,4.180971075,1.837,0.030138725,0.002861275,-0.999,0.999,0.013,0.030138725,0.013,-1.0,-0.002
1581250714.5468924,b827eb4521b4,e78f135624ce,-73,17.823963329,4.181883157,1.832627719,0.037058422,-0.000686141,-0.999,0.999,0.014,0.037058422,0.014,-1.0,0.000686141
1581250714.5488148,b827eb917e19,e78f135624ce,-90,17.823682368,4.181794432,1.832598144,0.037102784,-0.000700928,-0.999,0.999,0.014,0.037102784,0.014,-1.0,0.000700928
1581250714.5492978,000000000101,e78f135624ce,-90,17.823611771,4.181772138,1.832590713,0.037113931,-0.000704644,-0.999,0.999,0.014,0.037113931,0.014,-1.0,0.000704644
1581250714.5513783,000000000102,e78f135624ce,-72,17.823307706,4.181676118,1.832558706,0.037161941,-0.000720647,-0.999,0.999,0.014,0.037161941,0.014,-1.0,0.000720647
1581250714.5519733,000000000202,e78f135624ce,-80,17.823220731,4.181648652,1.832549551,0.037175674,-0.000725225,-0.999,0.999,0.014,0.037175674,0.014,-1.0,0.000725225
1581250714.5521011,000000000302,e78f135624ce,-81,17.823202054,4.181642754,1.832547585,0.037178623,-0.000726208,-0.999,0.999,0.014,0.037178623,0.014,-1.0,0.000726208
1581250714.5521271,000000000301,e78f135624ce,-81,17.823198256,4.181641554,1.832547185,0.037179223,-0.000726408,-0.999,0.999,0.014,0.037179223,0.014,-1.0,0.000726408
1581250714.552393,b827ebfd7811,e78f135624ce,-68,17.823159403,4.181629285,1.832543095,0.037185357,-0.000728452,-0.999,0.999,0.014,0.037185357,0.014,-1.0,0.000728452
1581250714.5524256,000000000401,e78f135624ce,-63,17.823154629,4.181627778,1.832542593,0.037186111,-0.000728704,-0.999,0.999,0.014,0.037186111,0.014,-1.0,0.000728704
1581250714.5536532,000000000201,e78f135624ce,-73,17.822975208,4.181571118,1.832523706,0.037214441,-0.000738147,-0.999,0.999,0.014,0.037214441,0.014,-1.0,0.000738147
1581250714.9998143,b827eb4521b4,e78f135624ce,-73,17.739547968,4.170027996,1.83,0.049944008,-0.001,-0.998675999,0.998675999,0.015675999,0.049944008,0.015675999,-1.0,0.002
1581250715.0017254,b827eb917e19,e78f135624ce,-72,17.739209839,4.169983892,1.83,0.050032216,-0.001,-0.998661297,0.998661297,0.015661297,0.050032216,0.015661297,-1.0,0.002
1581250715.002276,000000000101,e78f135624ce,-71,17.739112442,4.169971188,1.83,0.050057624,-0.001,-0.998657063,0.998657063,0.015657063,0.050057624,0.015657063,-1.0,0.002
1581250715.0027533,b827ebf7d096,e78f135624ce,-83,17.739027994,4.169960173,1.83,0.050079654,-0.001,-0.998653391,0.998653391,0.015653391,0.050079654,0.015653391,-1.0,0.002
1581250715.0051315,000000000301,e78f135624ce,-75,17.738607231,4.169905291,1.83,0.050189418,-0.001,-0.998635097,0.998635097,0.015635097,0.050189418,0.015635097,-1.0,0.002
1581250715.0051458,000000000302,e78f135624ce,-80,17.738604701,4.169904961,1.83,0.050190078,-0.001,-0.998634987,0.998634987,0.015634987,0.050190078,0.015634987,-1.0,0.002
1581250715.0054955,000000000402,e78f135624ce,-69,17.73854282,4.16989689,1.83,0.050206221,-0.001,-0.998632297,0.998632297,0.015632297,0.050206221,0.015632297,-1.0,0.002
1581250715.005502,000000000401,e78f135624ce,-77,17.738541681,4.169896741,1.83,0.050206518,-0.001,-0.998632247,0.998632247,0.015632247,0.050206518,0.015632247,-1.0,0.002
1581250715.005971,000000000202,e78f135624ce,-79,17.73845871,4.169885919,1.83,0.050228163,-0.001,-0.99862864,0.99862864,0.01562864,0.050228163,0.01562864,-1.0,0.002
1581250715.4592633,b827eb4521b4,e78f135624ce,-83,17.638601647,4.169939643,1.839024143,0.058024143,0.002012071,-0.998,0.998,0.012012071,0.058036214,0.012012071,-1.0,-0.001012071
1581250715.460296,000000000102,e78f135624ce,-81,17.638339528,4.169899928,1.839040029,0.058040029,0.002020014,-0.998,0.998,0.012020014,0.058060043,0.012020014,-1.0,-0.001020014
1581250715.4605165,b827ebf7d096,e78f135624ce,-79,17.638283545,4.169891446,1.839043421,0.058043421,0.002021711,-0.998,0.998,0.012021711,0.058065132,0.012021711,-1.0,-0.001021711
1581250715.4610558,b827ebfd7811,e78f135624ce,-71,17.638146646,4.169870704,1.839051718,0.058051718,0.002025859,-0.998,0.998,0.012025859,0.058077578,0.012025859,-1.0,-0.001025859
1581250715.4611506,b827eb917e19,e78f135624ce,-78,17.638122558,4.169867054,1.839053178,0.058053178,0.002026589,-0.998,0.998,0.012026589,0.058079767,0.012026589,-1.0,-0.001026589
1581250715.4614289,000000000101,e78f135624ce,-74,17.638051929,4.169856353,1.839057459,0.058057459,0.002028729,-0.998,0.998,0.012028729,0.058086188,0.012028729,-1.0,-0.001028729
1581250715.4619455,000000000201,e78f135624ce,-86,17.637920779,4.169836482,1.839065407,0.058065407,0.002032704,-0.998,0.998,0.012032704,0.058098111,0.012032704,-1.0,-0.001032704
1581250715.4635305,000000000402,e78f135624ce,-68,17.637518432,4.16977552,1.839089792,0.058089792,0.002044896,-0.998,0.998,0.012044896,0.058134688,0.012044896,-1.0,-0.001044896
1581250715.4641101,000000000302,e78f135624ce,-83,17.637371304,4.169753228,1.839098709,0.058098709,0.002049354,-0.998,0.998,0.012049354,0.058148063,0.012049354,-1.0,-0.001049354
1581250715.4641216,000000000301,e78f135624ce,-74,17.637368399,4.169752788,1.839098885,0.058098885,0.002049442,-0.998,0.998,0.012049442,0.058148327,0.012049442,-1.0,-0.001049442
1581250715.4649763,000000000202,e78f135624ce,-78,17.637151429,4.169719913,1.839112035,0.058112035,0.002056017,-0.998,0.998,0.012056017,0.058168052,0.012056017,-1.0,-0.001056017
1581250715.4658785,000000000401,e78f135624ce,-76,17.636922415,4.169685214,1.839125914,0.058125914,0.002062957,-0.998,0.998,0.012062957,0.058188871,0.012062957,-1.0,-0.001062957
1581250715.4664164,000000000402,e78f135624ce,-68,17.636785878,4.169664527,1.839134189,0.058134189,0.002067095,-0.998,0.998,0.012067095,0.058201284,0.012067095,-1.0,-0.001067095
1581250715.9096296,b827eb4521b4,e78f135624ce,-82,17.519416667,4.166,1.845198925,0.059,0.002599462,-0.998,0.998,0.012,0.059,0.012,-1.0,-0.002
1581250715.9113324,000000000102,e78f135624ce,-86,17.51897678,4.166,1.845227305,0.059,0.002613652,-0.998,0.998,0.012,0.059,0.012,-1.0,-0.002
1581250715.9115174,b827eb917e19,e78f135624ce,-80,17.518928985,4.166,1.845230388,0.059,0.002615194,-0.998,0.998,0.012,0.059,0.012,-1.0,-0.002
1581250715.9121644,b827ebfd7811,e78f135624ce,-72,17.518761826,4.166,1.845241173,0.059,0.002620586,-0.998,0.998,0.012,0.059,0.012,-1.0,-0.002
1581250715.9122608,000000000101,e78f135624ce,-80,17.518736943,4.166,1.845242778,0.059,0.002621389,-0.998,0.998,0.012,0.059,0.012,-1.0,-0.002
1581250715.9126365,b827ebf7d096,e78f135624ce,-76,17.518639874,4.166,1.84524904,0.059,0.00262452,-0.998,0.998,0.012,0.059,0.012,-1.0,-0.002
1581250715.9129496,000000000201,e78f135624ce,-82,17.518559005,4.166,1.845254258,0.059,0.002627129,-0.998,0.998,0.012,0.059,0.012,-1.0,-0.002
1581250715.9151182,000000000301,e78f135624ce,-79,17.517998768,4.166,1.845290402,0.059,0.002645201,-0.998,0.998,0.012,0.059,0.012,-1.0,-0.002
1581250715.915139,000000000302,e78f135624ce,-75,17.51799341,4.166,1.845290748,0.059,0.002645374,-0.998,0.998,0.012,0.059,0.012,-1.0,-0.002
1581250715.9154594,000000000402,e78f135624ce,-65,17.517910631,4.166,1.845296088,0.059,0.002648044,-0.998,0.998,0.012,0.059,0.012,-1.0,-0.002
1581250715.915985,000000000202,e78f135624ce,-86,17.517774821,4.166,1.84530485,0.059,0.002652425,-0.998,0.998,0.012,0.059,0.012,-1.0,-0.002
1581250715.9176795,000000000401,e78f135624ce,-63,17.51733709,4.166,1.845333091,0.059,0.002666545,-0.998,0.998,0.012,0.059,0.012,-1.0,-0.002
1581250716.3713205,b827eb4521b4,e78f135624ce,-82,17.402032973,4.16071978,1.842598902,0.062,0.002159341,-0.998,0.998,0.01528022,0.062,0.01528022,-1.0,-0.001159341
1581250716.3722436,000000000102,e78f135624ce,-74,17.401786798,4.160712087,1.842560437,0.062,0.002136262,-0.998,0.998,0.015287913,0.062,0.015287913,-1.0,-0.001136262
1581250716.3729494,000000000202,e78f135624ce,-80,17.401598606,4.160706206,1.842531032,0.062,0.002118619,-0.998,0.998,0.015293794,0.062,0.015293794,-1.0,-0.001118619
1581250716.373029,b827ebfd7811,e78f135624ce,-76,17.401577371,4.160705543,1.842527714,0.062,0.002116629,-0.998,0.998,0.015294457,0.062,0.015294457,-1.0,-0.001116629
1581250716.374195,b827ebf7d096,e78f135624ce,-82,17.401266409,4.160695825,1.842479126,0.062,0.002087476,-0.998,0.998,0.015304175,0.062,0.015304175,-1.0,-0.001087476
1581250716.3761072,000000000301,e78f135624ce,-82,17.400756511,4.160679891,1.842399455,0.062,0.002039673,-0.998,0.998,0.015320109,0.062,0.015320109,-1.0,-0.001039673
1581250716.376122,000000000302,e78f135624ce,-76,17.400752569,4.160679768,1.842398839,0.062,0.002039303,-0.998,0.998,0.015320232,0.062,0.015320232,-1.0,-0.001039303
1581250716.3774848,000000000402,e78f135624ce,-81,17.400389155,4.160668411,1.842342055,0.062,0.002005233,-0.998,0.998,0.015331589,0.062,0.015331589,-1.0,-0.001005233
1581250716.379612,000000000401,e78f135624ce,-61,17.399821909,4.160650685,1.842253423,0.062,0.001952054,-0.998,0.998,0.015349315,0.062,0.015349315,-1.0,-0.000952054
1581250716.824977,b827eb4521b4,e78f135624ce,-78,17.285326046,4.16080435,1.843,0.0573913,0.001,-0.998,0.998,0.015,0.0573913,0.015,-1.0,-0.0
1581250716.8268938,b827eb917e19,e78f135624ce,-79,17.284824707,4.160833841,1.843,0.057332319,0.001,-0.998,0.998,0.015,0.057332319,0.015,-1.0,-0.0
1581250716.8272984,000000000101,e78f135624ce,-83,17.28471889,4.160840065,1.843,0.057319869,0.001,-0.998,0.998,0.015,0.057319869,0.015,-1.0,-0.0
1581250716.829262,000000000102,e78f135624ce,-73,17.28420533,4.160870275,1.843,0.057259451,0.001,-0.998,0.998,0.015,0.057259451,0.015,-1.0,-0.0
1581250716.829784,b827ebf7d096,e78f135624ce,-81,17.284068833,4.160878304,1.843,0.057243392,0.001,-0.998,0.998,0.015,0.057243392,0.015,-1.0,-0.0
1581250716.8299835,000000000202,e78f135624ce,-85,17.284016642,4.160881374,1.843,0.057237252,0.001,-0.998,0.998,0.015,0.057237252,0.015,-1.0,-0.0
1581250716.8300898,000000000302,e78f135624ce,-71,17.283988831,4.16088301,1.843,0.05723398,0.001,-0.998,0.998,0.015,0.05723398,0.015,-1.0,-0.0
1581250716.8301082,000000000301,e78f135624ce,-80,17.28398403,4.160883292,1.843,0.057233415,0.001,-0.998,0.998,0.015,0.057233415,0.015,-1.0,-0.0
1581250716.8304791,000000000401,e78f135624ce,-62,17.283887004,4.160889,1.843,0.057222001,0.001,-0.998,0.998,0.015,0.057222001,0.015,-1.0,-0.0
1581250716.8304908,b827ebfd7811,e78f135624ce,-75,17.283883949,4.160889179,1.843,0.057221641,0.001,-0.998,0.998,0.015,0.057221641,0.015,-1.0,-0.0
1581250716.830942,000000000201,e78f135624ce,-76,17.283765972,4.160896119,1.843,0.057207761,0.001,-0.998,0.998,0.015,0.057207761,0.015,-1.0,-0.0
1581250716.8324902,000000000402,e78f135624ce,-81,17.283361035,4.160919939,1.843,0.057160122,0.001,-0.998,0.998,0.015,0.057160122,0.015,-1.0,-0.0
1581250717.2829547,b827eb4521b4,e78f135624ce,-87,17.148421828,4.159,1.840842145,0.049263218,0.002,-0.999,0.999,0.016,0.049263218,0.016,-1.0,-0.001
1581250717.2852674,000000000102,e78f135624ce,-83,17.147728031,4.159,1.840806566,0.049209849,0.002,-0.999,0.999,0.016,0.049209849,0.016,-1.0,-0.001
1581250717.2858925,b827ebf7d096,e78f135624ce,-75,17.147540491,4.159,1.840796948,0.049195422,0.002,-0.999,0.999,0.016,0.049195422,0.016,-1.0,-0.001
1581250717.2864614,b827ebfd7811,e78f135624ce,-67,17.147369831,4.159,1.840788196,0.049182295,0.002,-0.999,0.999,0.016,0.049182295,0.016,-1.0,-0.001
1581250717.2865272,b827eb917e19,e78f135624ce,-85,17.14735009,4.159,1.840787184,0.049180776,0.002,-0.999,0.999,0.016,0.049180776,0.016,-1.0,-0.001
1581250717.2872665,000000000101,e78f135624ce,-75,17.147128289,4.159,1.84077581,0.049163715,0.002,-0.999,0.999,0.016,0.049163715,0.016,-1.0,-0.001
1581250717.2881207,000000000301,e78f135624ce,-75,17.146872013,4.159,1.840762667,0.049144001,0.002,-0.999,0.999,0.016,0.049144001,0.016,-1.0,-0.001
1581250717.2884426,000000000402,e78f135624ce,-70,17.146775454,4.159,1.840757716,0.049136573,0.002,-0.999,0.999,0.016,0.049136573,0.016,-1.0,-0.001
1581250717.2899659,000000000202,e78f135624ce,-74,17.146318477,4.159,1.840734281,0.049101421,0.002,-0.999,0.999,0.016,0.049101421,0.016,-1.0,-0.001
1581250717.290118,000000000302,e78f135624ce,-77,17.146272844,4.159,1.840731941,0.049097911,0.002,-0.999,0.999,0.016,0.049097911,0.016,-1.0,-0.001
1581250717.290462,000000000401,e78f135624ce,-67,17.146169633,4.159,1.840726648,0.049089972,0.002,-0.999,0.999,0.016,0.049089972,0.016,-1.0,-0.001
1581250717.2910757,000000000301,e78f135624ce,-81,17.145985526,4.159,1.840717206,0.04907581,0.002,-0.999,0.999,0.016,0.04907581,0.016,-1.0,-0.001
1581250717.7417006,b827eb4521b4,e78f135624ce,-77,17.008321208,4.151,1.838261589,0.044738411,0.003523178,-0.999,0.999,0.015,0.044738411,0.015,-1.0,-0.003523178
1581250717.7433405,000000000102,e78f135624ce,-76,17.007854484,4.151,1.838274203,0.044725797,0.003548406,-0.999,0.999,0.015,0.044725797,0.015,-1.0,-0.003548406
1581250717.744657,b827ebf7d096,e78f135624ce,-78,17.007479775,4.151,1.83828433,0.04471567,0.003568661,-0.999,0.999,0.015,0.04471567,0.015,-1.0,-0.003568661
1581250717.7448387,b827eb917e19,e78f135624ce,-87,17.007428067,4.151,1.838285728,0.044714272,0.003571456,-0.999,0.999,0.015,0.044714272,0.015,-1.0,-0.003571456
1581250717.744934,000000000201,e78f135624ce,-82,17.007400924,4.151,1.838286462,0.044713538,0.003572923,-0.999,0.999,0.015,0.044713538,0.015,-1.0,-0.003572923
1581250717.7452743,b827ebfd7811,e78f135624ce,-70,17.007304092,4.151,1.838289079,0.044710921,0.003578157,-0.999,0.999,0.015,0.044710921,0.015,-1.0,-0.003578157
1581250717.7461288,000000000101,e78f135624ce,-83,17.00706089,4.151,1.838295652,0.044704348,0.003591303,-0.999,0.999,0.015,0.044704348,0.015,-1.0,-0.003591303
1581250717.7471242,000000000302,e78f135624ce,-78,17.006777585,4.151,1.838303309,0.044696691,0.003606617,-0.999,0.999,0.015,0.044696691,0.015,-1.0,-0.003606617
1581250717.7471263,000000000301,e78f135624ce,-75,17.006776974,4.151,1.838303325,0.044696675,0.00360665,-0.999,0.999,0.015,0.044696675,0.015,-1.0,-0.00360665
1581250717.7475808,000000000401,e78f135624ce,-68,17.006647638,4.151,1.838306821,0.044693179,0.003613641,-0.999,0.999,0.015,0.044693179,0.015,-1.0,-0.003613641
1581250717.7476254,000000000402,e78f135624ce,-70,17.006634948,4.151,1.838307164,0.044692836,0.003614327,-0.999,0.999,0.015,0.044692836,0.015,-1.0,-0.003614327
1581250717.7505982,000000000401,e78f135624ce,-63,17.005788833,4.151,1.838330032,0.044669968,0.003660063,-0.999,0.999,0.015,0.044669968,0.015,-1.0,-0.003660063
1581250718.1973357,b827eb4521b4,e78f135624ce,-86,16.872280142,4.147,1.83591368,0.045,0.00591368,-0.999,0.999,0.015,0.045,0.015,-1.0,-0.00491368
1581250718.1982534,000000000102,e78f135624ce,-80,16.871989545,4.147,1.835921328,0.045,0.005921328,-0.999,0.999,0.015,0.045,0.015,-1.0,-0.004921328
1581250718.1986418,b827ebf7d096,e78f135624ce,-78,16.871866557,4.147,1.835924564,0.045,0.005924564,-0.999,0.999,0.015,0.045,0.015,-1.0,-0.004924564
1581250718.199142,b827ebfd7811,e78f135624ce,-80,16.871708159,4.147,1.835928733,0.045,0.005928733,-0.999,0.999,0.015,0.045,0.015,-1.0,-0.004928733
1581250718.1992137,b827eb917e19,e78f135624ce,-72,16.871685434,4.147,1.835929331,0.045,0.005929331,-0.999,0.999,0.015,0.045,0.015,-1.0,-0.004929331
1581250718.199814,000000000101,e78f135624ce,-83,16.871495327,4.147,1.835934334,0.045,0.005934334,-0.999,0.999,0.015,0.045,0.015,-1.0,-0.004934334
1581250718.1999462,000000000201,e78f135624ce,-83,16.8714535,4.147,1.835935434,0.045,0.005935434,-0.999,0.999,0.015,0.045,0.015,-1.0,-0.004935434
1581250718.2014627,000000000402,e78f135624ce,-71,16.870973249,4.147,1.835948072,0.045,0.005948072,-0.999,0.999,0.015,0.045,0.015,-1.0,-0.004948072
1581250718.202122,000000000302,e78f135624ce,-87,16.870764494,4.147,1.835953566,0.045,0.005953566,-0.999,0.999,0.015,0.045,0.015,-1.0,-0.004953566
1581250718.2021253,000000000301,e78f135624ce,-73,16.870763437,4.147,1.835953594,0.045,0.005953594,-0.999,0.999,0.015,0.045,0.015,-1.0,-0.004953594
1581250718.2034872,000000000401,e78f135624ce,-66,16.870332185,4.147,1.835964943,0.045,0.005964943,-0.999,0.999,0.015,0.045,0.015,-1.0,-0.004964943
1581250718.6498232,b827eb4521b4,e78f135624ce,-72,16.735361276,4.149929031,1.834964515,0.046070969,0.007,-0.999,0.999,0.015517742,0.046070969,0.016517742,-1.0,-0.006482258
1581250718.6509886,000000000202,e78f135624ce,-83,16.735011659,4.149890184,1.834945092,0.046109816,0.007,-0.999,0.999,0.015527454,0.046109816,0.016527454,-1.0,-0.006472546
1581250718.6516647,b827eb917e19,e78f135624ce,-76,16.734808812,4.149867646,1.834933823,0.046132354,0.007,-0.999,0.999,0.015533089,0.046132354,0.016533089,-1.0,-0.006466911
1581250718.6522608,000000000101,e78f135624ce,-75,16.734629998,4.149847778,1.834923889,0.046152222,0.007,-0.999,0.999,0.015538056,0.046152222,0.016538056,-1.0,-0.006461944
1581250718.6522756,b827ebfd7811,e78f135624ce,-65,16.734625563,4.149847285,1.834923642,0.046152715,0.007,-0.999,0.999,0.015538179,0.046152715,0.016538179,-1.0,-0.006461821
1581250718.6527727,b827ebf7d096,e78f135624ce,-81,16.734476432,4.149830715,1.834915357,0.046169285,0.007,-0.999,0.999,0.015542321,0.046169285,0.016542321,-1.0,-0.006457679
1581250718.6529813,000000000201,e78f135624ce,-81,16.734413847,4.149823761,1.83491188,0.046176239,0.007,-0.999,0.999,0.01554406,0.046176239,0.01654406,-1.0,-0.00645594
1581250718.6551137,000000000301,e78f135624ce,-75,16.733774122,4.14975268,1.83487634,0.04624732,0.007,-0.999,0.999,0.01556183,0.04624732,0.01656183,-1.0,-0.00643817
1581250718.6551266,000000000302,e78f135624ce,-71,16.73377026,4.149752251,1.834876126,0.046247749,0.007,-0.999,0.999,0.015561937,0.046247749,0.016561937,-1.0,-0.006438063
1581250718.6554506,000000000401,e78f135624ce,-58,16.733673056,4.149741451,1.834870725,0.046258549,0.007,-0.999,0.999,0.015564637,0.046258549,0.016564637,-1.0,-0.006435363
1581250718.6554513,000000000402,e78f135624ce,-76,16.733672842,4.149741427,1.834870713,0.046258573,0.007,-0.999,0.999,0.015564643,0.046258573,0.016564643,-1.0,-0.006435357
1581250719.1042466,000000000101,e78f135624ce,-89,16.606172198,4.147724126,1.837,0.055689686,0.007,-0.998,0.998,0.016137937,0.055689686,0.016137937,-1.0,-0.006
1581250719.1059685,000000000202,e78f135624ce,-80,16.605669989,4.147695428,1.837,0.05576143,0.007,-0.998,0.998,0.016152286,0.05576143,0.016152286,-1.0,-0.006
1581250719.106369,000000000102,e78f135624ce,-76,16.605553163,4.147688752,1.837,0.05577812,0.007,-0.998,0.998,0.016155624,0.05577812,0.016155624,-1.0,-0.006
1581250719.107229,b827ebf7d096,e78f135624ce,-75,16.605302337,4.147674419,1.837,0.055813952,0.007,-0.998,0.998,0.01616279,0.055813952,0.01616279,-1.0,-0.006
1581250719.1078663,b827ebfd7811,e78f135624ce,-77,16.60511646,4.147663798,1.837,0.055840506,0.007,-0.998,0.998,0.016168101,0.055840506,0.016168101,-1.0,-0.006
1581250719.1089752,000000000201,e78f135624ce,-87,16.604793035,4.147645316,1.837,0.055886709,0.007,-0.998,0.998,0.016177342,0.055886709,0.016177342,-1.0,-0.006
1581250719.1104352,000000000402,e78f135624ce,-69,16.604367179,4.147620982,1.837,0.055947546,0.007,-0.998,0.998,0.016189509,0.055947546,0.016189509,-1.0,-0.006
1581250719.5577226,b827eb4521b4,e78f135624ce,-72,16.47706927,4.146230551,1.834230551,0.070308348,0.004230551,-0.997230551,0.997,0.017769449,0.070308348,0.018,-1.0,-0.003230551
1581250719.5599992,b827eb917e19,e78f135624ce,-91,16.476456324,4.146213038,1.834213038,0.070360887,0.004213038,-0.997213038,0.997,0.017786962,0.070360887,0.018,-1.0,-0.003213038
1581250719.5602512,000000000101,e78f135624ce,-78,16.476388475,4.146211099,1.834211099,0.070366702,0.004211099,-0.997211099,0.997,0.017788901,0.070366702,0.018,-1.0,-0.003211099
1581250719.5630782,000000000302,e78f135624ce,-75,16.47562738,4.146189354,1.834189354,0.070431939,0.004189354,-0.997189354,0.997,0.017810646,0.070431939,0.018,-1.0,-0.003189354
1581250719.5630863,000000000301,e78f135624ce,-83,16.475625197,4.146189291,1.834189291,0.070432126,0.004189291,-0.997189291,0.997,0.017810709,0.070432126,0.018,-1.0,-0.003189291
1581250719.5634394,000000000401,e78f135624ce,-61,16.475530132,4.146186575,1.834186575,0.070440274,0.004186575,-0.997186575,0.997,0.017813425,0.070440274,0.018,-1.0,-0.003186575
1581250719.563999,000000000202,e78f135624ce,-79,16.47537948,4.146182271,1.834182271,0.070453187,0.004182271,-0.997182271,0.997,0.017817729,0.070453187,0.018,-1.0,-0.003182271
1581250719.5649538,000000000201,e78f135624ce,-78,16.4751224,4.146174926,1.834174926,0.070475223,0.004174926,-0.997174926,0.997,0.017825074,0.070475223,0.018,-1.0,-0.003174926
1581250720.008508,b827eb4521b4,e78f135624ce,-70,16.353491971,4.154,1.834,0.074609124,0.001609124,-0.997,0.997,0.016609124,0.074609124,0.016609124,-1.0,-0.000609124
1581250720.0103548,b827eb917e19,e78f135624ce,-84,16.353037377,4.154,1.834,0.074594918,0.001594918,-0.997,0.997,0.016594918,0.074594918,0.016594918,-1.0,-0.000594918
1581250720.0113924,000000000101,e78f135624ce,-76,16.352781968,4.154,1.834,0.074586937,0.001586937,-0.997,0.997,0.016586937,0.074586937,0.016586937,-1.0,-0.000586937
1581250720.013342,000000000102,e78f135624ce,-67,16.35230208,4.154,1.834,0.07457194,0.00157194,-0.997,0.997,0.01657194,0.07457194,0.01657194,-1.0,-0.00057194
1581250720.0139694,b827ebfd7811,e78f135624ce,-66,16.352147614,4.154,1.834,0.074567113,0.001567113,-0.997,0.997,0.016567113,0.074567113,0.016567113,-1.0,-0.000567113
1581250720.0139985,000000000202,e78f135624ce,-81,16.352140454,4.154,1.834,0.074566889,0.001566889,-0.997,0.997,0.016566889,0.074566889,0.016566889,-1.0,-0.000566889
1581250720.01409,000000000301,e78f135624ce,-77,16.352117918,4.154,1.834,0.074566185,0.001566185,-0.997,0.997,0.016566185,0.074566185,0.016566185,-1.0,-0.000566185
1581250720.01409,000000000302,e78f135624ce,-84,16.352117918,4.154,1.834,0.074566185,0.001566185,-0.997,0.997,0.016566185,0.074566185,0.016566185,-1.0,-0.000566185
1581250720.014409,000000000402,e78f135624ce,-68,16.352039394,4.154,1.834,0.074563731,0.001563731,-0.997,0.997,0.016563731,0.074563731,0.016563731,-1.0,-0.000563731
1581250720.0144575,000000000401,e78f135624ce,-57,16.35202748,4.154,1.834,0.074563359,0.001563359,-0.997,0.997,0.016563359,0.074563359,0.016563359,-1.0,-0.000563359
1581250720.014954,000000000201,e78f135624ce,-79,16.351905234,4.154,1.834,0.074559539,0.001559539,-0.997,0.997,0.016559539,0.074559539,0.016559539,-1.0,-0.000559539
1581250720.462011,b827eb4521b4,e78f135624ce,-75,16.232804512,4.148900376,1.831033208,0.067900376,-0.001,-0.998,0.997033208,0.017,0.067900376,0.017,-1.0,0.002
1581250720.4642875,000000000102,e78f135624ce,-78,16.232174119,4.148847843,1.831050719,0.067847843,-0.001,-0.998,0.997050719,0.017,0.067847843,0.017,-1.0,0.002
1581250720.4649642,b827eb917e19,e78f135624ce,-89,16.231986744,4.148832229,1.831055924,0.067832229,-0.001,-0.998,0.997055924,0.017,0.067832229,0.017,-1.0,0.002
1581250720.4650462,b827ebf7d096,e78f135624ce,-76,16.231964032,4.148830336,1.831056555,0.067830336,-0.001,-0.998,0.997056555,0.017,0.067830336,0.017,-1.0,0.002
1581250720.4652278,000000000101,e78f135624ce,-69,16.231913722,4.148826143,1.831057952,0.067826143,-0.001,-0.998,0.997057952,0.017,0.067826143,0.017,-1.0,0.002
1581250720.4655714,b827ebfd7811,e78f135624ce,-68,16.231818582,4.148818215,1.831060595,0.067818215,-0.001,-0.998,0.997060595,0.017,0.067818215,0.017,-1.0,0.002
1581250720.467067,000000000302,e78f135624ce,-72,16.231404416,4.148783701,1.8310721,0.067783701,-0.001,-0.998,0.9970721,0.017,0.067783701,0.017,-1.0,0.002
1581250720.4676044,000000000402,e78f135624ce,-71,16.231255599,4.1487713,1.831076233,0.0677713,-0.001,-0.998,0.997076233,0.017,0.0677713,0.017,-1.0,0.002
1581250720.4679728,000000000202,e78f135624ce,-75,16.231153593,4.148762799,1.831079067,0.067762799,-0.001,-0.998,0.997079067,0.017,0.067762799,0.017,-1.0,0.002
1581250720.4688747,000000000401,e78f135624ce,-65,16.230903826,4.148741985,1.831086005,0.067741985,-0.001,-0.998,0.997086005,0.017,0.067741985,0.017,-1.0,0.002
1581250720.9230688,b827eb4521b4,e78f135624ce,-71,16.104099053,4.140731266,1.831577089,0.050577089,-0.001711456,-0.999,0.998,0.017711456,0.050577089,0.017711456,-1.0,0.002711456
1581250720.9252727,000000000102,e78f135624ce,-74,16.103456236,4.140621069,1.831540356,0.050540356,-0.001729822,-0.999,0.998,0.017729822,0.050540356,0.017729822,-1.0,0.002729822
1581250720.9260032,000000000201,e78f135624ce,-77,16.103243169,4.140584543,1.831528181,0.050528181,-0.001735909,-0.999,0.998,0.017735909,0.050528181,0.017735909,-1.0,0.002735909
1581250720.9260738,b827ebf7d096,e78f135624ce,-76,16.103222586,4.140581015,1.831527005,0.050527005,-0.001736498,-0.999,0.998,0.017736498,0.050527005,0.017736498,-1.0,0.002736498
1581250720.9262395,000000000101,e78f135624ce,-77,16.103174256,4.14057273,1.831524243,0.050524243,-0.001737878,-0.999,0.998,0.017737878,0.050524243,0.017737878,-1.0,0.002737878
1581250720.9266431,b827ebfd7811,e78f135624ce,-78,16.103056527,4.140552548,1.831517516,0.050517516,-0.001741242,-0.999,0.998,0.017741242,0.050517516,0.017741242,-1.0,0.002741242
1581250720.928089,000000000301,e78f135624ce,-83,16.102634844,4.140480259,1.83149342,0.05049342,-0.00175329,-0.999,0.998,0.01775329,0.05049342,0.01775329,-1.0,0.00275329
