1581252856.1269362,b827eb4521b4,e78f135624ce,-84,11.714,-0.144,1.77,1.002,0.013,0.023,-0.018,0.004,1.002,0.013,-0.997,0.004
1581252856.1285458,000000000102,e78f135624ce,-82,11.714,-0.144,1.77,1.002,0.013,0.023,-0.018,0.004,1.002,0.013,-0.997,0.004
1581252856.1290057,b827eb917e19,e78f135624ce,-83,11.714,-0.144,1.77,1.002,0.013,0.023,-0.018,0.004,1.002,0.013,-0.997,0.004
1581252856.1293676,b827ebf7d096,e78f135624ce,-87,11.714,-0.144,1.77,1.002,0.013,0.023,-0.018,0.004,1.002,0.013,-0.997,0.004
1581252856.1301324,000000000201,e78f135624ce,-86,11.714,-0.144,1.77,1.002,0.013,0.023,-0.018,0.004,1.002,0.013,-0.997,0.004
1581252856.1303382,b827ebfd7811,e78f135624ce,-67,11.714,-0.144,1.77,1.002,0.013,0.023,-0.018,0.004,1.002,0.013,-0.997,0.004
1581252856.1303494,000000000401,e78f135624ce,-83,11.714,-0.144,1.77,1.002,0.013,0.023,-0.018,0.004,1.002,0.013,-0.997,0.004
1581252856.13038,000000000101,e78f135624ce,-72,11.714,-0.144,1.77,1.002,0.013,0.023,-0.018,0.004,1.002,0.013,-0.997,0.004
1581252856.1311238,000000000202,e78f135624ce,-80,11.714,-0.144,1.77,1.002,0.013,0.023,-0.018,0.004,1.002,0.013,-0.997,0.004
1581252856.1314375,000000000302,e78f135624ce,-83,11.714,-0.144,1.77,1.002,0.013,0.023,-0.018,0.004,1.002,0.013,-0.997,0.004
1581252856.5847213,b827eb917e19,e78f135624ce,-86,11.715865007,-0.144067496,1.773662518,1.002,0.014932504,0.022067496,-0.018067496,0.003067496,1.002,0.014932504,-0.998,0.003134993
1581252856.5863476,b827ebfd7811,e78f135624ce,-70,11.715892112,-0.144053944,1.773730279,1.002,0.014946056,0.022053944,-0.018053944,0.003053944,1.002,0.014946056,-0.998,0.003107888
1581252856.5873206,000000000202,e78f135624ce,-85,11.715908328,-0.144045836,1.77377082,1.002,0.014954164,0.022045836,-0.018045836,0.003045836,1.002,0.014954164,-0.998,0.003091672
1581252856.5874038,000000000301,e78f135624ce,-83,11.715909715,-0.144045143,1.773774287,1.002,0.014954857,0.022045143,-0.018045143,0.003045143,1.002,0.014954857,-0.998,0.003090285
1581252856.587515,000000000102,e78f135624ce,-78,11.71591157,-0.144044215,1.773778926,1.002,0.014955785,0.022044215,-0.018044215,0.003044215,1.002,0.014955785,-0.998,0.00308843
1581252856.5881286,000000000201,e78f135624ce,-89,11.715921795,-0.144039103,1.773804487,1.002,0.014960897,0.022039103,-0.018039103,0.003039103,1.002,0.014960897,-0.998,0.003078205
1581252856.5884778,000000000402,e78f135624ce,-70,11.715927616,-0.144036192,1.77381904,1.002,0.014963808,0.022036192,-0.018036192,0.003036192,1.002,0.014963808,-0.998,0.003072384
1581252856.5893438,000000000401,e78f135624ce,-69,11.715942048,-0.144028976,1.773855121,1.002,0.014971024,0.022028976,-0.018028976,0.003028976,1.002,0.014971024,-0.998,0.003057952
1581252856.5911124,000000000201,e78f135624ce,-88,11.715971525,-0.144014238,1.773928812,1.002,0.014985762,0.022014238,-0.018014238,0.003014238,1.002,0.014985762,-0.998,0.003028475
1581252857.0399644,b827eb4521b4,e78f135624ce,-71,11.648452241,-0.136642825,1.797309642,0.999,0.016,0.031,-0.031,-0.008035763,0.999,0.016,-1.0,-0.008035763
1581252857.0423903,b827ebf7d096,e78f135624ce,-95,11.647926627,-0.136521529,1.797754393,0.999,0.016,0.031,-0.031,-0.008217706,0.999,0.016,-1.0,-0.008217706
1581252857.0425541,000000000101,e78f135624ce,-70,11.647891138,-0.13651334,1.797784422,0.999,0.016,0.031,-0.031,-0.008229991,0.999,0.016,-1.0,-0.008229991
1581252857.043449,b827eb917e19,e78f135624ce,-91,11.647697268,-0.1364686,1.797948466,0.999,0.016,0.031,-0.031,-0.0082971,0.999,0.016,-1.0,-0.0082971
1581252857.045018,b827ebfd7811,e78f135624ce,-71,11.64735731,-0.136390149,1.798236122,0.999,0.016,0.031,-0.031,-0.008414777,0.999,0.016,-1.0,-0.008414777
1581252857.0461142,000000000202,e78f135624ce,-87,11.64711979,-0.136335336,1.798437101,0.999,0.016,0.031,-0.031,-0.008496996,0.999,0.016,-1.0,-0.008496996
1581252857.046395,000000000301,e78f135624ce,-76,11.647058937,-0.136321293,1.798488592,0.999,0.016,0.031,-0.031,-0.00851806,0.999,0.016,-1.0,-0.00851806
1581252857.0471148,000000000201,e78f135624ce,-84,11.646902983,-0.136285304,1.798620552,0.999,0.016,0.031,-0.031,-0.008572044,0.999,0.016,-1.0,-0.008572044
1581252857.0473948,000000000402,e78f135624ce,-76,11.646842338,-0.136271309,1.798671868,0.999,0.016,0.031,-0.031,-0.008593037,0.999,0.016,-1.0,-0.008593037
1581252857.0483444,000000000401,e78f135624ce,-86,11.646636586,-0.136223828,1.798845966,0.999,0.016,0.031,-0.031,-0.008664259,0.999,0.016,-1.0,-0.008664259
1581252857.491201,b827eb4521b4,e78f135624ce,-72,11.525017679,-0.108234169,1.824612665,0.999,0.016153166,0.044306332,-0.044306332,-0.011846834,0.999,0.016153166,-1.0,-0.011
1581252857.4935637,000000000101,e78f135624ce,-69,11.524505754,-0.108135722,1.824691422,0.999,0.016172856,0.044345711,-0.044345711,-0.011827144,0.999,0.016172856,-1.0,-0.011
1581252857.4936106,b827ebf7d096,e78f135624ce,-92,11.524495577,-0.108133765,1.824692988,0.999,0.016173247,0.044346494,-0.044346494,-0.011826753,0.999,0.016173247,-1.0,-0.011
1581252857.495657,b827ebfd7811,e78f135624ce,-71,11.524052202,-0.1080485,1.8247612,0.999,0.0161903,0.0443806,-0.0443806,-0.0118097,0.999,0.0161903,-1.0,-0.011
1581252857.496401,000000000302,e78f135624ce,-84,11.523890979,-0.108017496,1.824786003,0.999,0.016196501,0.044393002,-0.044393002,-0.011803499,0.999,0.016196501,-1.0,-0.011
1581252857.4971254,000000000201,e78f135624ce,-86,11.523734044,-0.107987316,1.824810147,0.999,0.016202537,0.044405074,-0.044405074,-0.011797463,0.999,0.016202537,-1.0,-0.011
1581252857.4973817,000000000301,e78f135624ce,-76,11.523678512,-0.107976637,1.82481869,0.999,0.016204673,0.044409345,-0.044409345,-0.011795327,0.999,0.016204673,-1.0,-0.011
1581252857.4993415,000000000401,e78f135624ce,-82,11.523253888,-0.107894979,1.824884017,0.999,0.016221004,0.044442009,-0.044442009,-0.011778996,0.999,0.016221004,-1.0,-0.011
1581252857.9495857,b827eb4521b4,e78f135624ce,-77,11.431460083,-0.087186975,1.83452521,0.998,0.016,0.050762605,-0.050762605,-0.010237395,0.999,0.017,-1.0,-0.009237395
1581252857.9515376,000000000101,e78f135624ce,-77,11.431139408,-0.087117263,1.834553095,0.998,0.016,0.050776547,-0.050776547,-0.010223453,0.999,0.017,-1.0,-0.009223453
1581252857.9520519,b827ebf7d096,e78f135624ce,-86,11.431054921,-0.087098896,1.834560442,0.998,0.016,0.050780221,-0.050780221,-0.010219779,0.999,0.017,-1.0,-0.009219779
1581252857.9525163,b827eb917e19,e78f135624ce,-80,11.430978621,-0.087082309,1.834567076,0.998,0.016,0.050783538,-0.050783538,-0.010216462,0.999,0.017,-1.0,-0.009216462
1581252857.9531162,000000000201,e78f135624ce,-82,11.430880072,-0.087060885,1.834575646,0.998,0.016,0.050787823,-0.050787823,-0.010212177,0.999,0.017,-1.0,-0.009212177
1581252857.9538748,b827ebfd7811,e78f135624ce,-71,11.430755437,-0.087033791,1.834586484,0.998,0.016,0.050793242,-0.050793242,-0.010206758,0.999,0.017,-1.0,-0.009206758
1581252857.9543393,000000000401,e78f135624ce,-76,11.430679137,-0.087017204,1.834593119,0.998,0.016,0.050796559,-0.050796559,-0.010203441,0.999,0.017,-1.0,-0.009203441
1581252857.9544072,000000000302,e78f135624ce,-79,11.430667973,-0.087014777,1.834594089,0.998,0.016,0.050797045,-0.050797045,-0.010202955,0.999,0.017,-1.0,-0.009202955
1581252857.9551365,000000000202,e78f135624ce,-77,11.430548156,-0.08698873,1.834604508,0.998,0.016,0.050802254,-0.050802254,-0.010197746,0.999,0.017,-1.0,-0.009197746
1581252857.955399,000000000301,e78f135624ce,-80,11.430505031,-0.086979355,1.834608258,0.998,0.016,0.050804129,-0.050804129,-0.010195871,0.999,0.017,-1.0,-0.009195871
1581252857.9565723,000000000402,e78f135624ce,-67,11.430312282,-0.086937453,1.834625019,0.998,0.016,0.050812509,-0.050812509,-0.010187491,0.999,0.017,-1.0,-0.009187491
1581252858.4014132,b827eb4521b4,e78f135624ce,-75,11.438788841,-0.09234813,1.870440711,0.999,0.018418516,0.033396321,-0.033396321,-0.018255549,0.999,0.018837033,-0.999581484,-0.017674065
1581252858.4025602,000000000102,e78f135624ce,-82,11.438960896,-0.092413675,1.870547221,0.999,0.018426709,0.033306197,-0.033306197,-0.018280128,0.999,0.018853419,-0.999573291,-0.017706837
1581252858.403919,b827ebf7d096,e78f135624ce,-85,11.439164708,-0.092491317,1.870673391,0.999,0.018436415,0.033199439,-0.033199439,-0.018309244,0.999,0.018872829,-0.999563585,-0.017745659
1581252858.403931,000000000101,e78f135624ce,-80,11.439166496,-0.092491999,1.870674498,0.999,0.0184365,0.033198502,-0.033198502,-0.018309499,0.999,0.018873,-0.9995635,-0.017745999
1581252858.404651,b827eb917e19,e78f135624ce,-80,11.4392745,-0.092533143,1.870741357,0.999,0.018441643,0.033141929,-0.033141929,-0.018324929,0.999,0.018883286,-0.999558357,-0.017766571
1581252858.4051213,000000000201,e78f135624ce,-83,11.43934506,-0.092560023,1.870785037,0.999,0.018445003,0.033104969,-0.033104969,-0.018335009,0.999,0.018890006,-0.999554997,-0.017780011
1581252858.4060717,b827ebfd7811,e78f135624ce,-68,11.43948761,-0.092614328,1.870873282,0.999,0.018451791,0.0330303,-0.0330303,-0.018355373,0.999,0.018903582,-0.999548209,-0.017807164
1581252858.406336,000000000401,e78f135624ce,-78,11.439527271,-0.092629436,1.870897834,0.999,0.01845368,0.033009525,-0.033009525,-0.018361039,0.999,0.018907359,-0.99954632,-0.017814718
1581252858.4064476,000000000302,e78f135624ce,-78,11.439544008,-0.092635812,1.870908195,0.999,0.018454477,0.033000758,-0.033000758,-0.01836343,0.999,0.018908953,-0.999545523,-0.017817906
1581252858.407146,000000000202,e78f135624ce,-78,11.439648757,-0.092675717,1.87097304,0.999,0.018459465,0.032945889,-0.032945889,-0.018378394,0.999,0.018918929,-0.999540535,-0.017837858
1581252858.4073772,000000000301,e78f135624ce,-81,11.439683447,-0.092688932,1.870994515,0.999,0.018461117,0.032927718,-0.032927718,-0.01838335,0.999,0.018922233,-0.999538883,-0.017844466
1581252858.4086864,000000000402,e78f135624ce,-68,11.43987982,-0.092763741,1.871116079,0.999,0.018470468,0.032824856,-0.032824856,-0.018411403,0.999,0.018940935,-0.999529532,-0.01788187
1581252858.856549,b827eb4521b4,e78f135624ce,-77,11.495156316,-0.113117477,1.897411652,0.999,0.021803884,0.012078639,-0.011176697,-0.021607768,0.999,0.021803884,-0.999,-0.020705826
1581252858.8575459,000000000102,e78f135624ce,-77,11.49494983,-0.113053396,1.89736893,0.999,0.021789643,0.012156961,-0.011262139,-0.021579287,0.999,0.021789643,-0.999,-0.020684465
1581252858.8581247,000000000201,e78f135624ce,-83,11.494829919,-0.113016182,1.897344121,0.999,0.021781374,0.012202444,-0.011311758,-0.021562747,0.999,0.021781374,-0.999,-0.020672061
1581252858.858544,000000000101,e78f135624ce,-65,11.494743048,-0.112989222,1.897326148,0.999,0.021775383,0.012235396,-0.011347704,-0.021550765,0.999,0.021775383,-0.999,-0.020663074
1581252858.8589928,b827ebf7d096,e78f135624ce,-86,11.494650102,-0.112960377,1.897306918,0.999,0.021768973,0.012270651,-0.011386165,-0.021537945,0.999,0.021768973,-0.999,-0.020653459
1581252858.859323,000000000401,e78f135624ce,-80,11.494581702,-0.112939149,1.897292766,0.999,0.021764255,0.012296596,-0.011414468,-0.021528511,0.999,0.021764255,-0.999,-0.020646383
1581252858.8599765,b827ebfd7811,e78f135624ce,-70,11.494446333,-0.112897138,1.897264759,0.999,0.02175492,0.012347943,-0.011470483,-0.021509839,0.999,0.02175492,-0.999,-0.020632379
1581252858.8603852,000000000302,e78f135624ce,-77,11.494361684,-0.112870867,1.897247245,0.999,0.021749082,0.012380051,-0.01150551,-0.021498163,0.999,0.021749082,-0.999,-0.020623622
1581252858.860658,b827eb917e19,e78f135624ce,-79,11.494305186,-0.112853334,1.897235556,0.999,0.021745185,0.012401481,-0.011528889,-0.02149037,0.999,0.021745185,-0.999,-0.020617778
1581252858.8611245,000000000201,e78f135624ce,-89,11.494208536,-0.112823339,1.897215559,0.999,0.02173852,0.012438141,-0.011568882,-0.021477039,0.999,0.02173852,-0.999,-0.02060778
1581252858.861186,000000000202,e78f135624ce,-80,11.494195794,-0.112819384,1.897212923,0.999,0.021737641,0.012442975,-0.011574154,-0.021475282,0.999,0.021737641,-0.999,-0.020606461
1581252859.309665,b827eb4521b4,e78f135624ce,-76,11.480163139,-0.110985823,1.893205671,0.999,0.021397165,0.015014177,-0.015014177,-0.018602835,0.999,0.021397165,-0.999,-0.017602835
1581252859.3105319,000000000102,e78f135624ce,-81,11.480368041,-0.111064631,1.893174148,0.999,0.021412926,0.014935369,-0.014935369,-0.018587074,0.999,0.021412926,-0.999,-0.017587074
1581252859.311532,000000000101,e78f135624ce,-66,11.480604444,-0.111155555,1.893137778,0.999,0.021431111,0.014844445,-0.014844445,-0.018568889,0.999,0.021431111,-0.999,-0.017568889
1581252859.3120878,b827ebf7d096,e78f135624ce,-87,11.480735804,-0.111206078,1.893117569,0.999,0.021441216,0.014793922,-0.014793922,-0.018558784,0.999,0.021441216,-0.999,-0.017558784
1581252859.3123748,000000000301,e78f135624ce,-84,11.480803653,-0.111232174,1.89310713,0.999,0.021446435,0.014767826,-0.014767826,-0.018553565,0.999,0.021446435,-0.999,-0.017553565
1581252859.3131137,000000000201,e78f135624ce,-89,11.480978293,-0.111299343,1.893080263,0.999,0.021459869,0.014700657,-0.014700657,-0.018540131,0.999,0.021459869,-0.999,-0.017540131
1581252859.3133626,000000000402,e78f135624ce,-70,11.481037126,-0.111321972,1.893071211,0.999,0.021464394,0.014678028,-0.014678028,-0.018535606,0.999,0.021464394,-0.999,-0.017535606
1581252859.314326,000000000401,e78f135624ce,-71,11.481264851,-0.111409558,1.893036177,0.999,0.021481912,0.014590442,-0.014590442,-0.018518088,0.999,0.021481912,-0.999,-0.017518088
1581252859.3143914,000000000302,e78f135624ce,-79,11.481280292,-0.111415497,1.893033801,0.999,0.021483099,0.014584503,-0.014584503,-0.018516901,0.999,0.021483099,-0.999,-0.017516901
1581252859.76701,b827eb4521b4,e78f135624ce,-70,11.486986532,-0.115891907,1.879756763,0.999,0.021689191,0.017418902,-0.016418902,-0.012689191,0.999,0.021689191,-1.0,-0.012689191
1581252859.7691154,b827eb917e19,e78f135624ce,-83,11.486431451,-0.1157005,1.8796802,0.999,0.02167005,0.017629449,-0.016629449,-0.01267005,0.999,0.02167005,-1.0,-0.01267005
1581252859.7694833,b827ebf7d096,e78f135624ce,-91,11.486334465,-0.115667057,1.879666823,0.999,0.021666706,0.017666238,-0.016666238,-0.012666706,0.999,0.021666706,-1.0,-0.012666706
1581252859.7696013,000000000101,e78f135624ce,-69,11.486303351,-0.115656328,1.879662531,0.999,0.021665633,0.017678039,-0.016678039,-0.012665633,0.999,0.021665633,-1.0,-0.012665633
1581252859.7703319,b827ebfd7811,e78f135624ce,-71,11.486110761,-0.115589917,1.879635967,0.999,0.021658992,0.017751091,-0.016751091,-0.012658992,0.999,0.021658992,-1.0,-0.012658992
1581252859.7714508,000000000302,e78f135624ce,-85,11.485815778,-0.115488199,1.87959528,0.999,0.02164882,0.017862981,-0.016862981,-0.01264882,0.999,0.02164882,-1.0,-0.01264882
1581252859.7715456,000000000102,e78f135624ce,-82,11.485790761,-0.115479573,1.879591829,0.999,0.021647957,0.01787247,-0.01687247,-0.012647957,0.999,0.021647957,-1.0,-0.012647957
1581252859.772372,000000000301,e78f135624ce,-77,11.485572903,-0.115404449,1.87956178,0.999,0.021640445,0.017955106,-0.016955106,-0.012640445,0.999,0.021640445,-1.0,-0.012640445
1581252859.7731366,000000000201,e78f135624ce,-86,11.485371324,-0.115334939,1.879533976,0.999,0.021633494,0.018031567,-0.017031567,-0.012633494,0.999,0.021633494,-1.0,-0.012633494
1581252859.7733757,000000000402,e78f135624ce,-75,11.48530828,-0.1153132,1.87952528,0.999,0.02163132,0.01805548,-0.01705548,-0.01263132,0.999,0.02163132,-1.0,-0.01263132
1581252859.7743304,000000000401,e78f135624ce,-86,11.485056605,-0.115226416,1.879490566,0.999,0.021622642,0.018150943,-0.017150943,-0.012622642,0.999,0.021622642,-1.0,-0.012622642
1581252860.2227397,b827eb4521b4,e78f135624ce,-72,11.452520321,-0.095080138,1.868711963,0.999,0.02,0.029063881,-0.02813589,-0.011783972,0.999,0.020927991,-1.0,-0.010855982
1581252860.2255447,000000000102,e78f135624ce,-83,11.451819073,-0.094779603,1.868792106,0.999,0.02,0.029324344,-0.028376318,-0.011844079,0.999,0.020948026,-1.0,-0.010896053
1581252860.2263975,b827eb917e19,e78f135624ce,-85,11.451605867,-0.094688229,1.868816472,0.999,0.02,0.029403535,-0.028449417,-0.011862354,0.999,0.020954118,-1.0,-0.010908236
1581252860.2265239,000000000101,e78f135624ce,-68,11.451574277,-0.09467469,1.868820083,0.999,0.02,0.029415269,-0.028460248,-0.011865062,0.999,0.020955021,-1.0,-0.010910041
1581252860.2277522,b827ebfd7811,e78f135624ce,-66,11.451267194,-0.094543083,1.868855178,0.999,0.02,0.029529328,-0.028565534,-0.011891383,0.999,0.020963794,-1.0,-0.010927589
1581252860.2291524,000000000202,e78f135624ce,-78,11.450917136,-0.094393058,1.868895184,0.999,0.02,0.029659349,-0.028685553,-0.011921388,0.999,0.020973796,-1.0,-0.010947592
1581252860.2293863,000000000301,e78f135624ce,-81,11.450858664,-0.094367999,1.868901867,0.999,0.02,0.029681068,-0.028705601,-0.0119264,0.999,0.020975467,-1.0,-0.010950933
1581252860.229463,b827eb4521b4,e78f135624ce,-75,11.450839471,-0.094359773,1.86890406,0.999,0.02,0.029688196,-0.028712181,-0.011928045,0.999,0.020976015,-1.0,-0.01095203
1581252860.2304585,000000000402,e78f135624ce,-66,11.450590622,-0.094253124,1.8689325,0.999,0.02,0.029780626,-0.028797501,-0.011949375,0.999,0.020983125,-1.0,-0.01096625
1581252860.2313228,000000000401,e78f135624ce,-76,11.450374555,-0.094160524,1.868957194,0.999,0.02,0.029860879,-0.028871581,-0.011967895,0.999,0.020989298,-1.0,-0.010978597
1581252860.6783385,b827eb4521b4,e78f135624ce,-81,11.502940918,-0.088945801,1.830280762,0.999,0.021,0.021,-0.021,-0.00216748,0.999,0.02161084,-0.99938916,-0.00177832
1581252860.6795282,000000000102,e78f135624ce,-75,11.503051391,-0.088903311,1.830187284,0.999,0.021,0.021,-0.021,-0.002141987,0.999,0.021619338,-0.999380662,-0.001761324
1581252860.6805341,000000000101,e78f135624ce,-62,11.503144795,-0.088867387,1.83010825,0.999,0.021,0.021,-0.021,-0.002120432,0.999,0.021626523,-0.999373477,-0.001746955
1581252860.6812553,b827eb917e19,e78f135624ce,-88,11.503211765,-0.088841629,1.830051584,0.999,0.021,0.021,-0.021,-0.002104977,0.999,0.021631674,-0.999368326,-0.001736652
1581252860.6818326,b827ebf7d096,e78f135624ce,-83,11.503265363,-0.088821014,1.830006231,0.999,0.021,0.021,-0.021,-0.002092609,0.999,0.021635797,-0.999364203,-0.001728406
1581252860.6826239,b827ebfd7811,e78f135624ce,-69,11.503338842,-0.088792753,1.829944057,0.999,0.021,0.021,-0.021,-0.002075652,0.999,0.021641449,-0.999358551,-0.001717101
1581252860.6833467,000000000401,e78f135624ce,-69,11.503405967,-0.088766936,1.829887259,0.999,0.021,0.021,-0.021,-0.002060161,0.999,0.021646613,-0.999353387,-0.001706774
1581252860.6833777,000000000302,e78f135624ce,-75,11.503408845,-0.088765829,1.829884823,0.999,0.021,0.021,-0.021,-0.002059497,0.999,0.021646834,-0.999353166,-0.001706332
1581252860.6841478,000000000202,e78f135624ce,-81,11.503480353,-0.088738326,1.829824316,0.999,0.021,0.021,-0.021,-0.002042995,0.999,0.021652335,-0.999347665,-0.00169533
1581252860.6859694,000000000402,e78f135624ce,-66,11.503649494,-0.088673271,1.829681197,0.999,0.021,0.021,-0.021,-0.002003963,0.999,0.021665346,-0.999334654,-0.001669309
1581252861.1295989,b827eb4521b4,e78f135624ce,-72,11.493728593,-0.047059506,1.835220609,0.999,0.020525399,0.0287373,-0.0287373,-0.007635703,0.998,0.0212627,-0.999,-0.006635703
1581252861.1305285,000000000102,e78f135624ce,-80,11.493848112,-0.046959907,1.83507453,0.999,0.020538679,0.02873066,-0.02873066,-0.007575944,0.998,0.02126934,-0.999,-0.006575944
1581252861.1315527,000000000101,e78f135624ce,-68,11.493979801,-0.046850166,1.834913577,0.999,0.020553311,0.028723344,-0.028723344,-0.0075101,0.998,0.021276656,-0.999,-0.0065101
1581252861.1320677,b827ebf7d096,e78f135624ce,-84,11.494046013,-0.046794989,1.834832651,0.999,0.020560668,0.028719666,-0.028719666,-0.007476993,0.998,0.021280334,-0.999,-0.006476993
1581252861.1331408,000000000201,e78f135624ce,-84,11.494183986,-0.046680012,1.834664017,0.999,0.020575998,0.028712001,-0.028712001,-0.007408007,0.998,0.021287999,-0.999,-0.006408007
1581252861.133207,b827eb917e19,e78f135624ce,-88,11.494192508,-0.04667291,1.834653602,0.999,0.020576945,0.028711527,-0.028711527,-0.007403746,0.998,0.021288473,-0.999,-0.006403746
1581252861.1338792,b827ebfd7811,e78f135624ce,-70,11.494278921,-0.0466009,1.834547986,0.999,0.020586547,0.028706727,-0.028706727,-0.00736054,0.998,0.021293273,-0.999,-0.00636054
1581252861.1343277,000000000401,e78f135624ce,-75,11.49433658,-0.04655285,1.834477513,0.999,0.020592953,0.028703523,-0.028703523,-0.00733171,0.998,0.021296477,-0.999,-0.00633171
1581252861.1343834,000000000302,e78f135624ce,-81,11.494343753,-0.046546872,1.834468746,0.999,0.02059375,0.028703125,-0.028703125,-0.007328123,0.998,0.021296875,-0.999,-0.006328123
1581252861.1353197,000000000202,e78f135624ce,-88,11.494464131,-0.046446558,1.834321618,0.999,0.020607126,0.028696437,-0.028696437,-0.007267935,0.998,0.021303563,-0.999,-0.006267935
1581252861.1354082,000000000301,e78f135624ce,-88,11.494475503,-0.046437081,1.834307718,0.999,0.020608389,0.028695805,-0.028695805,-0.007262248,0.998,0.021304195,-0.999,-0.006262248
1581252861.1369858,000000000402,e78f135624ce,-78,11.49467834,-0.04626805,1.834059807,0.999,0.020630927,0.028684537,-0.028684537,-0.00716083,0.998,0.021315463,-0.999,-0.00616083
1581252861.5869758,b827eb4521b4,e78f135624ce,-78,11.664244719,0.015982393,1.735355637,0.992867958,0.028,-0.000376761,-0.000491196,0.0155669,0.989264085,0.026,-0.995396127,0.015434858
1581252861.5886102,000000000102,e78f135624ce,-83,11.664013185,0.01649994,1.734184345,0.992881577,0.028,-0.000131607,-0.00074997,0.015921012,0.989236845,0.026,-0.995355268,0.015802589
1581252861.5890393,b827eb917e19,e78f135624ce,-86,11.663952388,0.016635839,1.733876785,0.992885154,0.028,-6.7234e-05,-0.00081792,0.016013995,0.989229693,0.026,-0.995344539,0.015899149
1581252861.5894647,b827ebf7d096,e78f135624ce,-82,11.663892131,0.01677053,1.733571959,0.992888698,0.028,-3.433e-06,-0.000885265,0.016106152,0.989222604,0.026,-0.995333906,0.01599485
1581252861.5895443,000000000101,e78f135624ce,-70,11.66388085,0.016795747,1.733514889,0.992889362,0.028,8.512e-06,-0.000897873,0.016123406,0.989221276,0.026,-0.995331915,0.016012767
1581252861.5901675,000000000201,e78f135624ce,-85,11.66379256,0.016993102,1.733068243,0.992894555,0.028,0.000101996,-0.000996551,0.016258438,0.989210889,0.026,-0.995316334,0.016152993
1581252861.59036,000000000401,e78f135624ce,-69,11.663765303,0.01705403,1.732930354,0.992896159,0.028,0.000130856,-0.001027015,0.016300126,0.989207683,0.026,-0.995311524,0.016196284
1581252861.5912106,000000000202,e78f135624ce,-75,11.66364479,0.017323411,1.732320701,0.992903248,0.028,0.000258458,-0.001161706,0.016484439,0.989193505,0.026,-0.995290257,0.016387687
1581252861.5915,000000000302,e78f135624ce,-82,11.663603786,0.017415067,1.732113269,0.99290566,0.028,0.000301874,-0.001207534,0.016547151,0.989188681,0.026,-0.995283021,0.016452811
1581252861.5917695,b827ebfd7811,e78f135624ce,-75,11.663565619,0.017500381,1.731920189,0.992907905,0.028,0.000342286,-0.001250191,0.016605524,0.98918419,0.026,-0.995276286,0.016513429
1581252862.042516,b827eb917e19,e78f135624ce,-78,11.568573693,0.155390731,1.709005082,0.996,0.025502541,0.036979671,-0.038482212,0.021994918,0.993497459,0.024502541,-0.997,0.022994918
1581252862.0438285,b827ebfd7811,e78f135624ce,-69,11.568256507,0.155861042,1.708983207,0.996,0.025491604,0.037067171,-0.038558774,0.022016793,0.993508396,0.024491604,-0.997,0.023016793
1581252862.04514,000000000202,e78f135624ce,-83,11.567939551,0.156331011,1.708961348,0.996,0.025480674,0.037154607,-0.038635281,0.022038652,0.993519326,0.024480674,-0.997,0.023038652
1581252862.0455177,000000000102,e78f135624ce,-71,11.567848284,0.156466337,1.708955054,0.996,0.025477527,0.037179784,-0.038657311,0.022044946,0.993522473,0.024477527,-0.997,0.023044946
1581252862.0463347,000000000402,e78f135624ce,-54,11.567650828,0.156759118,1.708941436,0.996,0.025470718,0.037234254,-0.038704973,0.022058564,0.993529282,0.024470718,-0.997,0.023058564
1581252862.0473294,000000000401,e78f135624ce,-80,11.567410446,0.157115546,1.708924858,0.996,0.025462429,0.037300567,-0.038762996,0.022075142,0.993537571,0.024462429,-0.997,0.023075142
1581252862.0483415,000000000302,e78f135624ce,-79,11.567165858,0.157478211,1.70890799,0.996,0.025453995,0.037368039,-0.038822034,0.02209201,0.993546005,0.024453995,-0.997,0.02309201
1581252862.493624,b827eb917e19,e78f135624ce,-82,11.531250624,0.293520699,1.7423601,0.998,0.02318005,0.0386399,-0.0396399,0.011909975,0.997,0.023090025,-0.999,0.011909975
1581252862.4950001,b827ebfd7811,e78f135624ce,-63,11.531537322,0.293841801,1.742405972,0.998,0.023202986,0.038594028,-0.039594028,0.011898507,0.997,0.023101493,-0.999,0.011898507
1581252862.4961343,000000000202,e78f135624ce,-80,11.531773605,0.294106438,1.742443777,0.998,0.023221888,0.038556223,-0.039556223,0.011889056,0.997,0.023110944,-0.999,0.011889056
1581252862.4965084,000000000102,e78f135624ce,-79,11.531851539,0.294193723,1.742456246,0.998,0.023228123,0.038543754,-0.039543754,0.011885938,0.997,0.023114062,-0.999,0.011885938
1581252862.4971654,000000000201,e78f135624ce,-78,11.531988431,0.294347042,1.742478149,0.998,0.023239074,0.038521851,-0.039521851,0.011880463,0.997,0.023119537,-0.999,0.011880463
1581252862.497356,000000000402,e78f135624ce,-52,11.532028118,0.294391492,1.742484499,0.998,0.023242249,0.038515501,-0.039515501,0.011878875,0.997,0.023121125,-0.999,0.011878875
1581252862.499323,000000000401,e78f135624ce,-69,11.5324379,0.294850448,1.742550064,0.998,0.023275032,0.038449936,-0.039449936,0.011862484,0.997,0.023137516,-0.999,0.011862484
1581252862.4993525,000000000302,e78f135624ce,-85,11.532444059,0.294857346,1.742551049,0.998,0.023275525,0.038448951,-0.039448951,0.011862238,0.997,0.023137762,-0.999,0.011862238
1581252862.9512112,b827eb4521b4,e78f135624ce,-72,11.416020632,0.45511295,1.788438279,0.996243152,0.024243152,0.062325329,-0.062325329,-0.000839025,0.995243152,0.025,-0.998243152,0.000917823
1581252862.9535272,000000000101,e78f135624ce,-67,11.414773558,0.456057164,1.789578462,0.996225337,0.024225337,0.062521298,-0.062521298,-0.001070625,0.995225337,0.025,-0.998225337,0.000704038
1581252862.9536195,b827ebf7d096,e78f135624ce,-96,11.414723875,0.45609478,1.789623886,0.996224627,0.024224627,0.062529105,-0.062529105,-0.001079852,0.995224627,0.025,-0.998224627,0.000695521
1581252862.954213,b827eb917e19,e78f135624ce,-87,11.414404339,0.456336715,1.789916033,0.996220062,0.024220062,0.062579318,-0.062579318,-0.001139194,0.995220062,0.025,-0.998220062,0.000640744
1581252862.9555109,b827ebfd7811,e78f135624ce,-71,11.413705443,0.456865879,1.790555023,0.996210078,0.024210078,0.062689145,-0.062689145,-0.001268989,0.995210078,0.025,-0.998210078,0.000520933
1581252862.956144,000000000202,e78f135624ce,-78,11.413364468,0.457124045,1.790866772,0.996205207,0.024205207,0.062742726,-0.062742726,-0.001332313,0.995205207,0.025,-0.998205207,0.00046248
1581252862.957174,000000000201,e78f135624ce,-86,11.412809871,0.457543955,1.791373833,0.996197284,0.024197284,0.062829877,-0.062829877,-0.00143531,0.995197284,0.025,-0.998197284,0.000367406
1581252862.9573667,000000000301,e78f135624ce,-76,11.41270614,0.457622494,1.791468672,0.996195802,0.024195802,0.062846178,-0.062846178,-0.001454574,0.995195802,0.025,-0.998195802,0.000349624
1581252862.9583473,000000000402,e78f135624ce,-57,11.412178117,0.458022283,1.791951436,0.996188259,0.024188259,0.062929153,-0.062929153,-0.001552635,0.995188259,0.025,-0.998188259,0.000259106
1581252862.9593146,000000000401,e78f135624ce,-73,11.411657283,0.458416629,1.792427627,0.996180818,0.024180818,0.063010998,-0.063010998,-0.001649362,0.995180818,0.025,-0.998180818,0.00016982
1581252863.409593,b827eb4521b4,e78f135624ce,-77,11.432493636,0.575075964,1.866639255,0.996126582,0.024,0.042664564,-0.042227855,-0.013240509,0.995689873,0.024436709,-0.998563291,-0.0118038
1581252863.410508,000000000102,e78f135624ce,-78,11.431438085,0.575512258,1.867068512,0.996112508,0.024,0.042868637,-0.042424891,-0.013324953,0.995668762,0.024443746,-0.998556254,-0.011881207
1581252863.4115257,000000000101,e78f135624ce,-66,11.430263691,0.575997675,1.867546099,0.996096849,0.024,0.043095686,-0.042644111,-0.013418905,0.995645274,0.024451575,-0.998548425,-0.011967329
1581252863.4120638,b827ebf7d096,e78f135624ce,-94,11.429642794,0.576254312,1.867798597,0.996088571,0.024,0.043215726,-0.042760012,-0.013468576,0.995632856,0.024455715,-0.998544285,-0.012012862
1581252863.4125109,b827eb917e19,e78f135624ce,-72,11.429126985,0.576467513,1.868008359,0.996081693,0.024,0.04331545,-0.042856296,-0.013509841,0.99562254,0.024459153,-0.998540847,-0.012050688
1581252863.4131572,000000000201,e78f135624ce,-85,11.428381194,0.576775773,1.868311648,0.996071749,0.024,0.043459636,-0.04299551,-0.013569504,0.995607624,0.024464125,-0.998535875,-0.012105379
1581252863.4138863,b827ebfd7811,e78f135624ce,-67,11.427539944,0.57712349,1.868653756,0.996060533,0.024,0.043622277,-0.043152544,-0.013636804,0.995590799,0.024469734,-0.998530266,-0.012167071
1581252863.4143195,000000000401,e78f135624ce,-69,11.427040091,0.577330096,1.86885703,0.996053868,0.024,0.043718916,-0.04324585,-0.013676793,0.995580802,0.024473066,-0.998526934,-0.012203727
1581252863.4143503,000000000302,e78f135624ce,-80,11.427004603,0.577344764,1.868871461,0.996053395,0.024,0.043725777,-0.043252474,-0.013679632,0.995580092,0.024473303,-0.998526697,-0.012206329
1581252863.4152057,000000000202,e78f135624ce,-73,11.426017551,0.577752745,1.869272862,0.996040234,0.024,0.043916607,-0.043436724,-0.013758596,0.995560351,0.024479883,-0.998520117,-0.012278713
1581252863.4153485,000000000301,e78f135624ce,-78,11.425852767,0.577820856,1.869339875,0.996038037,0.024,0.043948465,-0.043467483,-0.013771779,0.995557055,0.024480982,-0.998519018,-0.012290797
1581252863.4163923,000000000402,e78f135624ce,-51,11.424648388,0.578318666,1.869829656,0.996021979,0.024,0.044181312,-0.043692301,-0.013868129,0.995532968,0.024489011,-0.998510989,-0.012379118
1581252863.862375,b827eb4521b4,e78f135624ce,-75,11.291331209,0.757189123,1.930081822,0.995853013,0.026073493,0.056280745,-0.056207252,-0.017351788,0.994632533,0.027632533,-0.99777952,-0.016425282
1581252863.8635316,000000000102,e78f135624ce,-82,11.29306606,0.757696233,1.931665429,0.99583522,0.02608239,0.055951568,-0.055869178,-0.017636482,0.99458805,0.02758805,-0.99775283,-0.016718872
1581252863.8645306,000000000101,e78f135624ce,-69,11.29456452,0.758134244,1.933033254,0.995819851,0.026090074,0.055667245,-0.055577171,-0.017882383,0.994549628,0.027549628,-0.997729777,-0.016972457
1581252863.8651993,000000000201,e78f135624ce,-81,11.295567665,0.758427471,1.933948945,0.995809562,0.026095219,0.055476905,-0.055381686,-0.018047001,0.994523906,0.027523906,-0.997714344,-0.01714222
1581252863.8654158,b827eb917e19,e78f135624ce,-80,11.295892391,0.758522391,1.934245362,0.995806232,0.026096884,0.05541529,-0.055318406,-0.01810029,0.99451558,0.02751558,-0.997709348,-0.017197174
1581252863.8658485,b827ebf7d096,e78f135624ce,-88,11.296541485,0.758712126,1.934837868,0.995799575,0.026100213,0.055292129,-0.055191916,-0.018206808,0.994498936,0.027498936,-0.997699362,-0.017307021
1581252863.8667223,b827ebfd7811,e78f135624ce,-68,11.29785219,0.759095255,1.936034307,0.995786131,0.026106934,0.055043431,-0.054936496,-0.018421898,0.994465328,0.027465328,-0.997679197,-0.017528832
1581252863.867338,000000000401,e78f135624ce,-80,11.298775584,0.759365171,1.9368772,0.995776661,0.02611167,0.054868222,-0.054756553,-0.018573429,0.994441652,0.027441652,-0.997664991,-0.017685099
1581252863.8682172,000000000202,e78f135624ce,-81,11.300094515,0.759750704,1.938081147,0.995763133,0.026118433,0.054617964,-0.05449953,-0.018789869,0.994407833,0.027407833,-0.9976447,-0.017908302
1581252863.8683503,000000000301,e78f135624ce,-72,11.300294071,0.759809036,1.938263306,0.995761086,0.026119457,0.054580099,-0.054460643,-0.018822617,0.994402716,0.027402716,-0.99764163,-0.017942074
1581252863.869344,000000000402,e78f135624ce,-59,11.301784662,0.760244747,1.939623948,0.995745798,0.026127101,0.054297269,-0.054170168,-0.019067227,0.994364496,0.027364496,-0.997618698,-0.018194327
1581252864.313107,b827eb4521b4,e78f135624ce,-73,11.488590373,0.938143051,2.02555461,0.995669051,0.026,0.03602861,-0.03502861,-0.022978542,0.993669051,0.024669051,-0.996669051,-0.021978542
1581252864.3155212,000000000102,e78f135624ce,-77,11.487946578,0.939350166,2.024609037,0.995689169,0.026,0.036270033,-0.035270033,-0.022797475,0.993689169,0.024689169,-0.996689169,-0.021797475
1581252864.3155901,b827eb4521b4,e78f135624ce,-72,11.487928204,0.939384617,2.02458205,0.995689744,0.026,0.036276923,-0.035276923,-0.022792307,0.993689744,0.024689744,-0.996689744,-0.021792307
1581252864.3165548,000000000101,e78f135624ce,-72,11.487670966,0.939866938,2.024204232,0.995697782,0.026,0.036373388,-0.035373388,-0.022719959,0.993697782,0.024697782,-0.996697782,-0.021719959
1581252864.3173208,000000000401,e78f135624ce,-72,11.487466689,0.940249958,2.023904199,0.995704166,0.026,0.036449992,-0.035449992,-0.022662506,0.993704166,0.024704166,-0.996704166,-0.021662506
1581252864.3173444,000000000302,e78f135624ce,-84,11.487460395,0.94026176,2.023894955,0.995704363,0.026,0.036452352,-0.035452352,-0.022660736,0.993704363,0.024704363,-0.996704363,-0.021660736
1581252864.3188963,b827ebfd7811,e78f135624ce,-71,11.487046563,0.941037694,2.02328714,0.995717295,0.026,0.036607539,-0.035607539,-0.022544346,0.993717295,0.024717295,-0.996717295,-0.021544346
1581252864.3193743,000000000301,e78f135624ce,-78,11.486919089,0.941276709,2.023099911,0.995721278,0.026,0.036655342,-0.035655342,-0.022508494,0.993721278,0.024721278,-0.996721278,-0.021508494
1581252864.3203259,000000000402,e78f135624ce,-53,11.486665347,0.941752474,2.022727229,0.995729208,0.026,0.036750495,-0.035750495,-0.022437129,0.993729208,0.024729208,-0.996729208,-0.021437129
1581252864.3210907,000000000202,e78f135624ce,-77,11.486461388,0.942134897,2.022427664,0.995735582,0.026,0.036826979,-0.035826979,-0.022379765,0.993735582,0.024735582,-0.996735582,-0.021379765
1581252864.7655907,b827eb4521b4,e78f135624ce,-77,11.518137965,1.094573393,1.994357624,0.996180757,0.028,0.038465509,-0.038192428,-0.014453838,0.995453838,0.028,-0.998,-0.013180757
1581252864.7665236,000000000102,e78f135624ce,-82,11.517173934,1.095187574,1.994225459,0.996157434,0.028,0.038706516,-0.038425661,-0.014438289,0.995438289,0.028,-0.998,-0.013157434
1581252864.767505,b827eb917e19,e78f135624ce,-76,11.516159892,1.095833617,1.994086437,0.996132901,0.028,0.038960027,-0.038670994,-0.014421934,0.995421934,0.028,-0.998,-0.013132901
1581252864.7675197,000000000101,e78f135624ce,-70,11.516144617,1.095843349,1.994084343,0.996132531,0.028,0.038963846,-0.038674689,-0.014421687,0.995421687,0.028,-0.998,-0.013132531
1581252864.768135,000000000201,e78f135624ce,-80,11.515508746,1.09624846,1.993997167,0.996117147,0.028,0.039122814,-0.038828529,-0.014411431,0.995411431,0.028,-0.998,-0.013117147
1581252864.7688684,b827ebfd7811,e78f135624ce,-64,11.514750924,1.096731266,1.993893272,0.996098813,0.028,0.039312269,-0.039011873,-0.014399208,0.995399208,0.028,-0.998,-0.013098813
1581252864.7693114,000000000401,e78f135624ce,-79,11.514293176,1.097022896,1.993830516,0.996087738,0.028,0.039426706,-0.039122619,-0.014391825,0.995391825,0.028,-0.998,-0.013087738
1581252864.769366,000000000302,e78f135624ce,-86,11.514236758,1.09705884,1.993822781,0.996086373,0.028,0.039440811,-0.039136268,-0.014390915,0.995390915,0.028,-0.998,-0.013086373
1581252864.7701461,000000000202,e78f135624ce,-78,11.513430648,1.09757241,1.993712266,0.996066871,0.028,0.039642338,-0.039331295,-0.014377914,0.995377914,0.028,-0.998,-0.013066871
1581252864.7703068,000000000301,e78f135624ce,-75,11.513264597,1.0976782,1.993689501,0.996062853,0.028,0.039683851,-0.039371468,-0.014375235,0.995375235,0.028,-0.998,-0.013062853
1581252864.7714975,000000000402,e78f135624ce,-59,11.512034245,1.098462054,1.993520824,0.996033087,0.028,0.039991439,-0.039669134,-0.014355391,0.995355391,0.028,-0.998,-0.013033087
1581252865.2185311,000000000102,e78f135624ce,-80,11.395088516,1.32251461,1.863989297,0.995109922,0.027109922,0.062890078,-0.062890078,0.009219844,0.994890078,0.026,-0.998,0.011109922
1581252865.219508,000000000101,e78f135624ce,-71,11.394945752,1.322957926,1.863921672,0.995102408,0.027102408,0.062897592,-0.062897592,0.009204816,0.994897592,0.026,-0.998,0.011102408
1581252865.2199416,b827ebf7d096,e78f135624ce,-93,11.394882368,1.323154752,1.863891648,0.995099072,0.027099072,0.062900928,-0.062900928,0.009198144,0.994900928,0.026,-0.998,0.011099072
1581252865.2201412,000000000201,e78f135624ce,-81,11.394853202,1.32324532,1.863877833,0.995097537,0.027097537,0.062902463,-0.062902463,0.009195074,0.994902463,0.026,-0.998,0.011097537
1581252865.2202957,000000000401,e78f135624ce,-74,11.394830622,1.323315437,1.863867137,0.995096349,0.027096349,0.062903651,-0.062903651,0.009192697,0.994903651,0.026,-0.998,0.011096349
1581252865.2223415,000000000302,e78f135624ce,-78,11.394531611,1.324243946,1.8637255,0.995080611,0.027080611,0.062919389,-0.062919389,0.009161222,0.994919389,0.026,-0.998,0.011080611
1581252865.6734302,b827eb917e19,e78f135624ce,-85,11.433060927,1.5274163,1.828370555,0.997,0.019913704,0.054456852,-0.055456852,0.007456852,0.997,0.018913704,-0.999,0.008913704
1581252865.6748612,b827ebfd7811,e78f135624ce,-66,11.433204026,1.528032726,1.828337533,0.997,0.019891688,0.054445844,-0.055445844,0.007445844,0.997,0.018891688,-0.999,0.008891688
1581252865.6761587,000000000202,e78f135624ce,-82,11.433333773,1.528591637,1.828307591,0.997,0.019871727,0.054435864,-0.055435864,0.007435864,0.997,0.018871727,-0.999,0.008871727
1581252865.676513,000000000102,e78f135624ce,-82,11.433369202,1.528744254,1.828299415,0.997,0.019866277,0.054433138,-0.055433138,0.007433138,0.997,0.018866277,-0.999,0.008866277
1581252865.6771631,000000000201,e78f135624ce,-86,11.433434219,1.529024326,1.828284411,0.997,0.019856274,0.054428137,-0.055428137,0.007428137,0.997,0.018856274,-0.999,0.008856274
1581252865.6773388,000000000402,e78f135624ce,-57,11.43345179,1.529100018,1.828280356,0.997,0.019853571,0.054426785,-0.055426785,0.007426785,0.997,0.018853571,-0.999,0.008853571
1581252865.6783223,000000000401,e78f135624ce,-64,11.433550138,1.529523669,1.828257661,0.997,0.01983844,0.05441922,-0.05541922,0.00741922,0.997,0.01883844,-0.999,0.00883844
1581252865.6783335,000000000302,e78f135624ce,-77,11.433551258,1.529528496,1.828257402,0.997,0.019838268,0.054419134,-0.055419134,0.007419134,0.997,0.018838268,-0.999,0.008838268
1581252866.1259499,b827eb917e19,e78f135624ce,-75,11.473245406,1.754674907,1.819822085,0.48841096,0.016,0.060466255,-0.012932509,0.005,0.997177915,0.016,-0.48841096,0.007822085
1581252866.126154,b827ebf7d096,e78f135624ce,-94,11.473256395,1.754769101,1.819820515,0.488282229,0.016,0.060461545,-0.01292309,0.005,0.997179485,0.016,-0.488282229,0.007820515
1581252866.1265419,000000000101,e78f135624ce,-69,11.473277282,1.754948135,1.819817531,0.488037549,0.016,0.060452593,-0.012905187,0.005,0.997182469,0.016,-0.488037549,0.007817531
1581252866.1275387,b827ebfd7811,e78f135624ce,-59,11.473330958,1.755408209,1.819809863,0.487408781,0.016,0.06042959,-0.012859179,0.005,0.997190137,0.016,-0.487408781,0.007809863
1581252866.1281877,000000000202,e78f135624ce,-84,11.473365903,1.755707736,1.819804871,0.486999428,0.016,0.060414613,-0.012829226,0.005,0.997195129,0.016,-0.486999428,0.007804871
1581252866.1282728,000000000301,e78f135624ce,-84,11.473370486,1.75574702,1.819804216,0.48694574,0.016,0.060412649,-0.012825298,0.005,0.997195784,0.016,-0.48694574,0.007804216
1581252866.1285121,000000000102,e78f135624ce,-73,11.473383375,1.755857499,1.819802375,0.486794751,0.016,0.060407125,-0.01281425,0.005,0.997197625,0.016,-0.486794751,0.007802375
1581252866.1293316,000000000402,e78f135624ce,-67,11.473427499,1.756235704,1.819796072,0.486277871,0.016,0.060388215,-0.01277643,0.005,0.997203928,0.016,-0.486277871,0.007796072
1581252866.1303658,000000000401,e78f135624ce,-70,11.47348319,1.756713054,1.819788116,0.485625492,0.016,0.060364347,-0.012728695,0.005,0.997211884,0.016,-0.485625492,0.007788116
1581252866.1311538,000000000201,e78f135624ce,-80,11.473525619,1.757076734,1.819782054,0.485128463,0.016,0.060346163,-0.012692327,0.005,0.997217946,0.016,-0.485128463,0.007782054
