1581248844.015187,b827eb4521b4,e78f135624ce,-74,18.001,8.381,1.872,0.021,0.006,-1.002,0.997,0.024,0.021,0.024,-1.002,-0.01
1581248844.0169766,b827eb917e19,e78f135624ce,-78,18.001,8.381,1.872,0.021,0.006,-1.002,0.997,0.024,0.021,0.024,-1.002,-0.01
1581248844.0176668,000000000102,e78f135624ce,-79,18.001,8.381,1.872,0.021,0.006,-1.002,0.997,0.024,0.021,0.024,-1.002,-0.01
1581248844.0184789,000000000101,e78f135624ce,-83,18.001,8.381,1.872,0.021,0.006,-1.002,0.997,0.024,0.021,0.024,-1.002,-0.01
1581248844.0197551,000000000301,e78f135624ce,-72,18.001,8.381,1.872,0.021,0.006,-1.002,0.997,0.024,0.021,0.024,-1.002,-0.01
1581248844.0203974,b827ebfd7811,e78f135624ce,-72,18.001,8.381,1.872,0.021,0.006,-1.002,0.997,0.024,0.021,0.024,-1.002,-0.01
1581248844.0207565,000000000302,e78f135624ce,-65,18.001,8.381,1.872,0.021,0.006,-1.002,0.997,0.024,0.021,0.024,-1.002,-0.01
1581248844.0214837,000000000202,e78f135624ce,-74,18.001,8.381,1.872,0.021,0.006,-1.002,0.997,0.024,0.021,0.024,-1.002,-0.01
1581248844.0228548,000000000401,e78f135624ce,-69,18.001,8.381,1.872,0.021,0.006,-1.002,0.997,0.024,0.021,0.024,-1.002,-0.01
1581248844.0228639,000000000402,e78f135624ce,-82,18.001,8.381,1.872,0.021,0.006,-1.002,0.997,0.024,0.021,0.024,-1.002,-0.01
1581248844.4708242,b827eb4521b4,e78f135624ce,-80,17.999,8.395022661,1.869244335,0.015366502,0.006122167,-1.001,0.998,0.023,0.015366502,0.023877833,-1.001,-0.008244335
1581248844.471296,b827ebf7d096,e78f135624ce,-73,17.999,8.395051696,1.869237076,0.015355614,0.006118538,-1.001,0.998,0.023,0.015355614,0.023881462,-1.001,-0.008237076
1581248844.471516,000000000102,e78f135624ce,-78,17.999,8.395065224,1.869233694,0.015350541,0.006116847,-1.001,0.998,0.023,0.015350541,0.023883153,-1.001,-0.008233694
1581248844.472604,b827eb917e19,e78f135624ce,-77,17.999,8.395132186,1.869216953,0.01532543,0.006108477,-1.001,0.998,0.023,0.01532543,0.023891523,-1.001,-0.008216953
1581248844.4735112,000000000101,e78f135624ce,-84,17.999,8.395188013,1.869202997,0.015304495,0.006101498,-1.001,0.998,0.023,0.015304495,0.023898502,-1.001,-0.008202997
1581248844.473797,000000000401,e78f135624ce,-62,17.999,8.395205605,1.869198599,0.015297898,0.006099299,-1.001,0.998,0.023,0.015297898,0.023900701,-1.001,-0.008198599
1581248844.474173,000000000301,e78f135624ce,-74,17.999,8.395228742,1.869192814,0.015289222,0.006096407,-1.001,0.998,0.023,0.015289222,0.023903593,-1.001,-0.008192814
1581248844.4742963,b827ebfd7811,e78f135624ce,-71,17.999,8.395236328,1.869190918,0.015286377,0.006095459,-1.001,0.998,0.023,0.015286377,0.023904541,-1.001,-0.008190918
1581248844.4747245,000000000302,e78f135624ce,-65,17.999,8.395262678,1.86918433,0.015276496,0.006092165,-1.001,0.998,0.023,0.015276496,0.023907835,-1.001,-0.00818433
1581248844.9281025,b827ebf7d096,e78f135624ce,-75,17.98150796,8.410901592,1.859901592,0.020196816,0.007549204,-1.0,0.312927642,0.010704776,-0.005844428,0.01025398,-0.313927642,9.8408e-05
1581248844.928275,b827eb4521b4,e78f135624ce,-74,17.981494681,8.410898936,1.859898936,0.020202127,0.007550532,-1.0,0.312547889,0.010696809,-0.005853723,0.010247341,-0.313547889,0.000101064
1581248844.9283557,b827eb917e19,e78f135624ce,-77,17.981488483,8.410897697,1.859897697,0.020204607,0.007551152,-1.0,0.312370601,0.01069309,-0.005858062,0.010244241,-0.313370601,0.000102303
1581248844.9294956,000000000102,e78f135624ce,-80,17.9814008,8.41088016,1.85988016,0.02023968,0.00755992,-1.0,0.309862869,0.01064048,-0.00591944,0.0102004,-0.310862869,0.00011984
1581248844.9295602,000000000202,e78f135624ce,-78,17.98139583,8.410879166,1.859879166,0.020241668,0.007560417,-1.0,0.309720724,0.010637498,-0.005922919,0.010197915,-0.310720724,0.000120834
1581248844.930486,000000000201,e78f135624ce,-76,17.981324616,8.410864923,1.859864923,0.020270154,0.007567538,-1.0,0.307684011,0.010594769,-0.005972769,0.010162308,-0.308684011,0.000135077
1581248844.930502,000000000101,e78f135624ce,-75,17.981323387,8.410864677,1.859864677,0.020270645,0.007567661,-1.0,0.307648868,0.010594032,-0.005973629,0.010161694,-0.308648868,0.000135323
1581248844.9308045,b827eb917e19,e78f135624ce,-80,17.981300114,8.410860023,1.859860023,0.020279955,0.007569989,-1.0,0.306983252,0.010580068,-0.00598992,0.010150057,-0.307983252,0.000139977
1581248844.9308524,000000000301,e78f135624ce,-72,17.981296427,8.410859285,1.859859285,0.020281429,0.007570357,-1.0,0.306877823,0.010577856,-0.005992501,0.010148214,-0.307877823,0.000140715
1581248844.9308987,000000000402,e78f135624ce,-67,17.981292869,8.410858574,1.859858574,0.020282852,0.007570713,-1.0,0.306776066,0.010575722,-0.005994991,0.010146435,-0.307776066,0.000141426
1581248844.9322162,000000000401,e78f135624ce,-60,17.981191523,8.410838305,1.859838305,0.020323391,0.007580848,-1.0,0.303877567,0.010514914,-0.006065934,0.010095762,-0.304877567,0.000161695
1581248844.932744,000000000302,e78f135624ce,-74,17.981150919,8.410830184,1.859830184,0.020339632,0.007584908,-1.0,0.302716278,0.010490551,-0.006094357,0.010075459,-0.303716278,0.000169816
1581248845.3837867,b827ebfd7811,e78f135624ce,-74,17.937708552,8.420291448,1.868499762,0.021541806,-0.001874821,-1.0,-0.563039183,-0.00662494,-0.016750119,-0.00662494,0.563039183,-0.004666508
1581248845.3839679,b827eb4521b4,e78f135624ce,-74,17.93769322,8.42030678,1.868516488,0.021532049,-0.001887366,-1.0,-0.563213412,-0.006629122,-0.016741756,-0.006629122,0.563213412,-0.004677658
1581248845.3841352,b827ebf7d096,e78f135624ce,-72,17.937679058,8.420320942,1.868531937,0.021523037,-0.001898953,-1.0,-0.563374344,-0.006632984,-0.016734031,-0.006632984,0.563374344,-0.004687958
1581248845.384468,000000000102,e78f135624ce,-85,17.937650895,8.420349105,1.86856266,0.021505115,-0.001921995,-1.0,-0.563694375,-0.006640665,-0.01671867,-0.006640665,0.563694375,-0.00470844
1581248845.385597,b827eb917e19,e78f135624ce,-83,17.937555372,8.420444628,1.868666867,0.021444327,-0.00200015,-1.0,-0.564779866,-0.006666717,-0.016666566,-0.006666717,0.564779866,-0.004777911
1581248845.3864732,000000000202,e78f135624ce,-81,17.937481233,8.420518767,1.868747746,0.021397148,-0.00206081,-1.0,-0.565622354,-0.006686937,-0.016626127,-0.006686937,0.565622354,-0.004831831
1581248845.3868127,000000000301,e78f135624ce,-72,17.937452505,8.420547495,1.868779085,0.021378867,-0.002084314,-1.0,-0.565948804,-0.006694771,-0.016610457,-0.006694771,0.565948804,-0.004852723
1581248845.3868375,000000000402,e78f135624ce,-81,17.937450407,8.420549593,1.868781374,0.021377532,-0.002086031,-1.0,-0.565972646,-0.006695344,-0.016609313,-0.006695344,0.565972646,-0.004854249
1581248845.3868499,000000000401,e78f135624ce,-65,17.937449358,8.420550642,1.868782518,0.021376864,-0.002086889,-1.0,-0.565984567,-0.00669563,-0.016608741,-0.00669563,0.565984567,-0.004855012
1581248845.3875108,000000000201,e78f135624ce,-78,17.937393436,8.420606564,1.868843524,0.021341278,-0.002132643,-1.0,-0.566620044,-0.006710881,-0.016578238,-0.006710881,0.566620044,-0.004895683
1581248845.3897033,000000000301,e78f135624ce,-75,17.937207917,8.420792083,1.869045908,0.02122322,-0.002284431,-1.0,-0.568728212,-0.006761477,-0.016477046,-0.006761477,0.568728212,-0.005030606
1581248845.838477,000000000101,e78f135624ce,-87,17.903160029,8.447331437,1.902171408,0.011337126,-0.019834282,-1.0,-0.860045516,-0.013668563,-0.01000569,-0.013668563,0.860045516,-0.020834282
1581248845.8405063,b827ebfd7811,e78f135624ce,-75,17.903030884,8.447294538,1.902263654,0.011410923,-0.019852731,-1.0,-0.860931082,-0.013705462,-0.010116385,-0.013705462,0.860931082,-0.020852731
1581248845.8407948,000000000302,e78f135624ce,-73,17.903012526,8.447289293,1.902276767,0.011421414,-0.019855353,-1.0,-0.861056967,-0.013710707,-0.010132121,-0.013710707,0.861056967,-0.020855353
1581248845.8409443,b827ebf7d096,e78f135624ce,-82,17.903003013,8.447286575,1.902283562,0.01142685,-0.019856712,-1.0,-0.861122198,-0.013713425,-0.010140275,-0.013713425,0.861122198,-0.020856712
1581248845.8414907,000000000202,e78f135624ce,-83,17.902968238,8.44727664,1.902308401,0.011446721,-0.01986168,-1.0,-0.861360652,-0.01372336,-0.010170081,-0.01372336,0.861360652,-0.02086168
1581248845.8415172,000000000102,e78f135624ce,-77,17.902966554,8.447276158,1.902309604,0.011447683,-0.019861921,-1.0,-0.8613722,-0.013723842,-0.010171525,-0.013723842,0.8613722,-0.020861921
1581248845.8427427,000000000301,e78f135624ce,-75,17.90288857,8.447253877,1.902365307,0.011492246,-0.019873061,-1.0,-0.861906952,-0.013746123,-0.010238369,-0.013746123,0.861906952,-0.020873061
1581248845.8428516,000000000402,e78f135624ce,-83,17.902881636,8.447251896,1.90237026,0.011496208,-0.019874052,-1.0,-0.861954497,-0.013748104,-0.010244312,-0.013748104,0.861954497,-0.020874052
1581248845.8428526,000000000401,e78f135624ce,-66,17.902881575,8.447251879,1.902370303,0.011496243,-0.019874061,-1.0,-0.861954913,-0.013748121,-0.010244364,-0.013748121,0.861954913,-0.020874061
1581248845.843505,000000000201,e78f135624ce,-78,17.902840064,8.447240018,1.902399954,0.011519963,-0.019879991,-1.0,-0.862239559,-0.013759982,-0.010279945,-0.013759982,0.862239559,-0.020879991
1581248846.2940843,b827eb4521b4,e78f135624ce,-75,17.883415727,8.457445698,1.906445698,0.011277151,-0.016153561,-1.0,-0.955029971,-0.015430712,-0.010277151,-0.015430712,0.954599259,-0.016722849
1581248846.2957194,b827eb917e19,e78f135624ce,-75,17.883326541,8.457564613,1.906564613,0.011217694,-0.016227883,-1.0,-0.955238072,-0.015445577,-0.010217694,-0.015445577,0.954792495,-0.016782306
1581248846.2974913,000000000101,e78f135624ce,-84,17.88322989,8.45769348,1.90669348,0.01115326,-0.016308425,-1.0,-0.95546359,-0.015461685,-0.01015326,-0.015461685,0.955001905,-0.01684674
1581248846.297525,000000000201,e78f135624ce,-84,17.883228056,8.457695925,1.906695925,0.011152038,-0.016309953,-1.0,-0.955467869,-0.015461991,-0.010152038,-0.015461991,0.955005878,-0.016847962
1581248846.2977002,000000000301,e78f135624ce,-72,17.883218498,8.45770867,1.90670867,0.011145665,-0.016317918,-1.0,-0.955490172,-0.015463584,-0.010145665,-0.015463584,0.955026588,-0.016854335
1581248846.2984521,b827ebfd7811,e78f135624ce,-72,17.883177481,8.457763358,1.906763358,0.011118321,-0.016352099,-1.0,-0.955585877,-0.01547042,-0.010118321,-0.01547042,0.955115458,-0.016881679
1581248846.2995918,000000000202,e78f135624ce,-74,17.883115319,8.457846242,1.906846242,0.011076879,-0.016403901,-1.0,-0.955730923,-0.01548078,-0.010076879,-0.01548078,0.955250143,-0.016923121
1581248846.2997155,000000000302,e78f135624ce,-64,17.883108569,8.457855241,1.906855241,0.01107238,-0.016409525,-1.0,-0.955746671,-0.015481905,-0.01007238,-0.015481905,0.955264766,-0.01692762
1581248846.3009202,000000000402,e78f135624ce,-79,17.883042857,8.457942858,1.906942858,0.011028571,-0.016464286,-1.0,-0.955900001,-0.015492857,-0.010028571,-0.015492857,0.955407143,-0.016971429
1581248846.3010504,000000000401,e78f135624ce,-69,17.883035756,8.457952325,1.906952325,0.011023838,-0.016470203,-1.0,-0.955916569,-0.015494041,-0.010023838,-0.015494041,0.955422528,-0.016976162
1581248846.7481518,b827eb917e19,e78f135624ce,-75,17.86796057,8.479052574,1.929052574,0.001986857,-0.027013143,-1.0,-0.985052574,-0.016,-0.001986857,-0.016,0.985052574,-0.027013143
1581248846.748192,b827eb4521b4,e78f135624ce,-82,17.867959471,8.479054039,1.929054039,0.00198649,-0.02701351,-1.0,-0.985054039,-0.016,-0.00198649,-0.016,0.985054039,-0.02701351
1581248846.748465,000000000102,e78f135624ce,-79,17.867952026,8.479063966,1.929063966,0.001984009,-0.027015991,-1.0,-0.985063966,-0.016,-0.001984009,-0.016,0.985063966,-0.027015991
1581248846.7505214,000000000101,e78f135624ce,-83,17.867895943,8.479138742,1.929138742,0.001965314,-0.027034686,-1.0,-0.985138742,-0.016,-0.001965314,-0.016,0.985138742,-0.027034686
1581248846.7507384,000000000301,e78f135624ce,-73,17.867890026,8.479146632,1.929146632,0.001963342,-0.027036658,-1.0,-0.985146632,-0.016,-0.001963342,-0.016,0.985146632,-0.027036658
1581248846.7516568,b827ebfd7811,e78f135624ce,-71,17.867864979,8.479180028,1.929180028,0.001954993,-0.027045007,-1.0,-0.985180028,-0.016,-0.001954993,-0.016,0.985180028,-0.027045007
1581248846.7527618,000000000302,e78f135624ce,-63,17.867834841,8.479220212,1.929220212,0.001944947,-0.027055053,-1.0,-0.985220212,-0.016,-0.001944947,-0.016,0.985220212,-0.027055053
1581248846.7535074,000000000202,e78f135624ce,-73,17.867814508,8.479247323,1.929247323,0.001938169,-0.027061831,-1.0,-0.985247323,-0.016,-0.001938169,-0.016,0.985247323,-0.027061831
1581248846.7538664,000000000402,e78f135624ce,-77,17.867804715,8.479260379,1.929260379,0.001934905,-0.027065095,-1.0,-0.985260379,-0.016,-0.001934905,-0.016,0.985260379,-0.027065095
1581248847.2045646,b827eb4521b4,e78f135624ce,-82,17.85969899,8.48930101,1.93650505,0.00209697,-0.02650505,-1.0,-0.99539798,-0.01530101,-0.00109697,-0.01530101,0.99469899,-0.02650505
1581248847.2054803,b827ebf7d096,e78f135624ce,-75,17.859705531,8.489294469,1.936472344,0.002116593,-0.026472344,-1.0,-0.995411062,-0.015294469,-0.001116593,-0.015294469,0.994705531,-0.026472344
1581248847.2062604,b827eb917e19,e78f135624ce,-77,17.859711103,8.489288897,1.936444483,0.00213331,-0.026444483,-1.0,-0.995422207,-0.015288897,-0.00113331,-0.015288897,0.994711103,-0.026444483
1581248847.2068777,000000000102,e78f135624ce,-88,17.859715512,8.489284488,1.936422438,0.002146537,-0.026422438,-1.0,-0.995431025,-0.015284488,-0.001146537,-0.015284488,0.994715512,-0.026422438
1581248847.2075002,000000000202,e78f135624ce,-79,17.859719959,8.489280041,1.936400206,0.002159877,-0.026400206,-1.0,-0.995439918,-0.015280041,-0.001159877,-0.015280041,0.994719959,-0.026400206
1581248847.2085037,000000000101,e78f135624ce,-74,17.859727127,8.489272873,1.936364366,0.00218138,-0.026364366,-1.0,-0.995454253,-0.015272873,-0.00118138,-0.015272873,0.994727127,-0.026364366
1581248847.208712,000000000301,e78f135624ce,-72,17.859728615,8.489271385,1.936356924,0.002185845,-0.026356924,-1.0,-0.99545723,-0.015271385,-0.001185845,-0.015271385,0.994728615,-0.026356924
1581248847.2088122,000000000402,e78f135624ce,-68,17.85972933,8.48927067,1.936353348,0.002187991,-0.026353348,-1.0,-0.995458661,-0.01527067,-0.001187991,-0.01527067,0.99472933,-0.026353348
1581248847.208823,000000000401,e78f135624ce,-60,17.859729407,8.489270593,1.936352965,0.002188221,-0.026352965,-1.0,-0.995458814,-0.015270593,-0.001188221,-0.015270593,0.994729407,-0.026352965
1581248847.2088776,000000000201,e78f135624ce,-76,17.859729797,8.489270203,1.936351015,0.002189391,-0.026351015,-1.0,-0.995459594,-0.015270203,-0.001189391,-0.015270203,0.994729797,-0.026351015
1581248847.21075,000000000302,e78f135624ce,-73,17.859743172,8.489256828,1.936284139,0.002229517,-0.026284139,-1.0,-0.995486345,-0.015256828,-0.001229517,-0.015256828,0.994743172,-0.026284139
1581248847.659142,b827ebfd7811,e78f135624ce,-75,17.859374543,8.480003653,1.919003653,0.01124726,-0.011127283,-0.999,-0.998,-0.014,-0.01124726,-0.014,0.998,-0.011127283
1581248847.6598358,b827eb4521b4,e78f135624ce,-74,17.859379499,8.479964007,1.918964007,0.011276994,-0.011102505,-0.999,-0.998,-0.014,-0.011276994,-0.014,0.998,-0.011102505
1581248847.660105,b827ebf7d096,e78f135624ce,-72,17.859381422,8.479948626,1.918948626,0.011288531,-0.011092891,-0.999,-0.998,-0.014,-0.011288531,-0.014,0.998,-0.011092891
1581248847.6604745,000000000202,e78f135624ce,-78,17.859384061,8.479927509,1.918927509,0.011304368,-0.011079693,-0.999,-0.998,-0.014,-0.011304368,-0.014,0.998,-0.011079693
1581248847.6615906,b827eb917e19,e78f135624ce,-82,17.859392033,8.479863735,1.918863735,0.011352198,-0.011039835,-0.999,-0.998,-0.014,-0.011352198,-0.014,0.998,-0.011039835
1581248847.6619565,000000000402,e78f135624ce,-68,17.859394647,8.479842823,1.918842823,0.011367883,-0.011026764,-0.999,-0.998,-0.014,-0.011367883,-0.014,0.998,-0.011026764
1581248847.6619594,000000000401,e78f135624ce,-60,17.859394668,8.479842659,1.918842659,0.011368006,-0.011026662,-0.999,-0.998,-0.014,-0.011368006,-0.014,0.998,-0.011026662
1581248847.6624906,000000000101,e78f135624ce,-75,17.859398462,8.479812305,1.918812305,0.011390771,-0.011007691,-0.999,-0.998,-0.014,-0.011390771,-0.014,0.998,-0.011007691
1581248847.6625583,000000000201,e78f135624ce,-75,17.859398946,8.479808436,1.918808436,0.011393673,-0.011005272,-0.999,-0.998,-0.014,-0.011393673,-0.014,0.998,-0.011005272
1581248847.662724,000000000301,e78f135624ce,-72,17.859400129,8.479798967,1.918798967,0.011400775,-0.010999355,-0.999,-0.998,-0.014,-0.011400775,-0.014,0.998,-0.010999355
1581248847.663695,000000000302,e78f135624ce,-74,17.859407065,8.479743477,1.918743477,0.011442392,-0.010964673,-0.999,-0.998,-0.014,-0.011442392,-0.014,0.998,-0.010964673
1581248848.112969,b827ebfd7811,e78f135624ce,-76,17.866044736,8.454955264,1.884642114,0.024955264,0.006134207,-0.999,-0.999,-0.013,-0.024955264,-0.014,0.999,0.005134207
1581248848.1131556,b827eb4521b4,e78f135624ce,-73,17.866046069,8.454953931,1.884631446,0.024953931,0.006138208,-0.999,-0.999,-0.013,-0.024953931,-0.014,0.999,0.005138208
1581248848.113428,b827ebf7d096,e78f135624ce,-72,17.866048016,8.454951984,1.884615874,0.024951984,0.006144047,-0.999,-0.999,-0.013,-0.024951984,-0.014,0.999,0.005144047
1581248848.114536,000000000202,e78f135624ce,-79,17.86605593,8.45494407,1.884552564,0.02494407,0.006167789,-0.999,-0.999,-0.013,-0.02494407,-0.014,0.999,0.005167789
1581248848.115724,000000000301,e78f135624ce,-72,17.866064416,8.454935584,1.884484676,0.024935584,0.006193247,-0.999,-0.999,-0.013,-0.024935584,-0.014,0.999,0.005193247
1581248848.1158407,000000000402,e78f135624ce,-68,17.866065248,8.454934752,1.884478014,0.024934752,0.006195745,-0.999,-0.999,-0.013,-0.024934752,-0.014,0.999,0.005195745
1581248848.1158416,000000000401,e78f135624ce,-67,17.866065255,8.454934745,1.884477959,0.024934745,0.006195765,-0.999,-0.999,-0.013,-0.024934745,-0.014,0.999,0.005195765
1581248848.1161244,b827eb917e19,e78f135624ce,-81,17.866067275,8.454932725,1.884461801,0.024932725,0.006201825,-0.999,-0.999,-0.013,-0.024932725,-0.014,0.999,0.005201825
1581248848.1175265,000000000201,e78f135624ce,-77,17.86607729,8.45492271,1.884381679,0.02492271,0.00623187,-0.999,-0.999,-0.013,-0.02492271,-0.014,0.999,0.00523187
1581248848.1188123,000000000402,e78f135624ce,-80,17.866086474,8.454913526,1.884308205,0.024913526,0.006259423,-0.999,-0.999,-0.013,-0.024913526,-0.014,0.999,0.005259423
1581248848.5700052,b827ebfd7811,e78f135624ce,-72,17.872666357,8.432668216,1.86100186,0.033666357,0.012666357,-0.999,-0.999,-0.013,-0.034332713,-0.014,1.0,0.012332713
1581248848.5708184,000000000302,e78f135624ce,-82,17.87267375,8.432631251,1.860957501,0.03367375,0.01267375,-0.999,-0.999,-0.013,-0.0343475,-0.014,1.0,0.0123475
1581248848.5715013,000000000102,e78f135624ce,-82,17.872679957,8.432600213,1.860920255,0.033679957,0.012679957,-0.999,-0.999,-0.013,-0.034359915,-0.014,1.0,0.012359915
1581248848.5715165,000000000202,e78f135624ce,-84,17.872680096,8.432599519,1.860919423,0.033680096,0.012680096,-0.999,-0.999,-0.013,-0.034360192,-0.014,1.0,0.012360192
1581248848.5717964,000000000402,e78f135624ce,-77,17.872682641,8.432586796,1.860904156,0.033682641,0.012682641,-0.999,-0.999,-0.013,-0.034365281,-0.014,1.0,0.012365281
1581248848.572256,b827ebf7d096,e78f135624ce,-75,17.87268682,8.432565902,1.860879083,0.03368682,0.01268682,-0.999,-0.999,-0.013,-0.034373639,-0.014,1.0,0.012373639
1581248848.572835,000000000401,e78f135624ce,-70,17.872692082,8.432539589,1.860847507,0.033692082,0.012692082,-0.999,-0.999,-0.013,-0.034384164,-0.014,1.0,0.012384164
1581248848.573511,000000000201,e78f135624ce,-76,17.872698227,8.432508866,1.860810639,0.033698227,0.012698227,-0.999,-0.999,-0.013,-0.034396454,-0.014,1.0,0.012396454
1581248848.573788,000000000301,e78f135624ce,-82,17.872700745,8.432496273,1.860795528,0.033700745,0.012700745,-0.999,-0.999,-0.013,-0.034401491,-0.014,1.0,0.012401491
1581248849.0205941,b827eb4521b4,e78f135624ce,-80,17.877199068,8.415601864,1.849203729,0.039,0.014199068,-0.999,-0.999,-0.013,-0.039,-0.014,1.0,0.013199068
1581248849.0220718,b827eb917e19,e78f135624ce,-80,17.877211382,8.415577236,1.849154472,0.039,0.014211382,-0.999,-0.999,-0.013,-0.039,-0.014,1.0,0.013211382
1581248849.022626,000000000101,e78f135624ce,-85,17.877215999,8.415568001,1.849136002,0.039,0.014215999,-0.999,-0.999,-0.013,-0.039,-0.014,1.0,0.013215999
1581248849.0245223,b827ebfd7811,e78f135624ce,-70,17.877231803,8.415536395,1.849072789,0.039,0.014231803,-0.999,-0.999,-0.013,-0.039,-0.014,1.0,0.013231803
1581248849.0247355,000000000302,e78f135624ce,-80,17.877233579,8.415532842,1.849065684,0.039,0.014233579,-0.999,-0.999,-0.013,-0.039,-0.014,1.0,0.013233579
1581248849.025145,b827ebf7d096,e78f135624ce,-73,17.877236992,8.415526015,1.849052031,0.039,0.014236992,-0.999,-0.999,-0.013,-0.039,-0.014,1.0,0.013236992
1581248849.0275133,000000000202,e78f135624ce,-76,17.877256727,8.415486545,1.84897309,0.039,0.014256727,-0.999,-0.999,-0.013,-0.039,-0.014,1.0,0.013256727
1581248849.027929,000000000401,e78f135624ce,-62,17.877260192,8.415479615,1.84895923,0.039,0.014260192,-0.999,-0.999,-0.013,-0.039,-0.014,1.0,0.013260192
1581248849.0279393,000000000402,e78f135624ce,-73,17.877260278,8.415479444,1.848958889,0.039,0.014260278,-0.999,-0.999,-0.013,-0.039,-0.014,1.0,0.013260278
1581248849.4783535,b827eb4521b4,e78f135624ce,-77,17.879,8.408282346,1.838282346,0.038,0.016,-0.999,-0.999,-0.013141173,-0.039,-0.014,1.0,0.015858827
1581248849.4794843,000000000102,e78f135624ce,-78,17.879,8.408264949,1.838264949,0.038,0.016,-0.999,-0.999,-0.013132474,-0.039,-0.014,1.0,0.015867526
1581248849.480145,b827eb917e19,e78f135624ce,-81,17.879,8.408254785,1.838254785,0.038,0.016,-0.999,-0.999,-0.013127392,-0.039,-0.014,1.0,0.015872608
1581248849.4805121,000000000101,e78f135624ce,-85,17.879,8.408249136,1.838249136,0.038,0.016,-0.999,-0.999,-0.013124568,-0.039,-0.014,1.0,0.015875432
1581248849.4814944,000000000201,e78f135624ce,-78,17.879,8.408234024,1.838234024,0.038,0.016,-0.999,-0.999,-0.013117012,-0.039,-0.014,1.0,0.015882988
1581248849.481695,000000000301,e78f135624ce,-71,17.879,8.408230939,1.838230939,0.038,0.016,-0.999,-0.999,-0.01311547,-0.039,-0.014,1.0,0.01588453
1581248849.4826288,b827ebfd7811,e78f135624ce,-70,17.879,8.408216572,1.838216572,0.038,0.016,-0.999,-0.999,-0.013108286,-0.039,-0.014,1.0,0.015891714
1581248849.4826987,000000000302,e78f135624ce,-69,17.879,8.408215497,1.838215497,0.038,0.016,-0.999,-0.999,-0.013107749,-0.039,-0.014,1.0,0.015892251
1581248849.4845006,000000000202,e78f135624ce,-74,17.879,8.408187775,1.838187775,0.038,0.016,-0.999,-0.999,-0.013093887,-0.039,-0.014,1.0,0.015906113
1581248849.4848163,000000000402,e78f135624ce,-92,17.879,8.408182918,1.838182918,0.038,0.016,-0.999,-0.999,-0.013091459,-0.039,-0.014,1.0,0.015908541
1581248849.9384098,b827ebf7d096,e78f135624ce,-95,17.865690592,8.423103136,1.842035887,0.023896864,0.011309408,-0.999,-0.999,-0.013448432,-0.024448432,-0.013448432,1.0,0.010860976
1581248849.9388738,b827ebfd7811,e78f135624ce,-76,17.865669178,8.423110274,1.842003767,0.023889726,0.011330822,-0.999,-0.999,-0.013444863,-0.024444863,-0.013444863,1.0,0.010885959
1581248849.9395187,b827eb4521b4,e78f135624ce,-71,17.865639412,8.423120196,1.841959119,0.023879804,0.011360588,-0.999,-0.999,-0.013439902,-0.024439902,-0.013439902,1.0,0.010920686
1581248849.9404943,000000000102,e78f135624ce,-78,17.865594384,8.423135205,1.841891576,0.023864795,0.011405616,-0.999,-0.999,-0.013432397,-0.024432397,-0.013432397,1.0,0.010973218
1581248849.9405,000000000202,e78f135624ce,-77,17.86559412,8.423135293,1.84189118,0.023864707,0.01140588,-0.999,-0.999,-0.013432353,-0.024432353,-0.013432353,1.0,0.010973526
1581248849.940858,000000000402,e78f135624ce,-75,17.865577603,8.423140799,1.841866405,0.023859201,0.011422397,-0.999,-0.999,-0.013429601,-0.024429601,-0.013429601,1.0,0.010992796
1581248849.9408824,000000000401,e78f135624ce,-65,17.86557647,8.423141177,1.841864705,0.023858823,0.01142353,-0.999,-0.999,-0.013429412,-0.024429412,-0.013429412,1.0,0.010994118
1581248849.9411893,b827eb917e19,e78f135624ce,-78,17.865562308,8.423145897,1.841843462,0.023854103,0.011437692,-0.999,-0.999,-0.013427051,-0.024427051,-0.013427051,1.0,0.011010641
1581248849.9414866,000000000201,e78f135624ce,-84,17.865548586,8.423150471,1.841822879,0.023849529,0.011451414,-0.999,-0.999,-0.013424764,-0.024424764,-0.013424764,1.0,0.01102665
1581248849.9417052,000000000301,e78f135624ce,-84,17.865538495,8.423153835,1.841807743,0.023846165,0.011461505,-0.999,-0.999,-0.013423083,-0.024423083,-0.013423083,1.0,0.011038422
1581248849.9422712,000000000101,e78f135624ce,-72,17.865512372,8.423162543,1.841768558,0.023837457,0.011487628,-0.999,-0.999,-0.013418729,-0.024418729,-0.013418729,1.0,0.011068899
1581248849.9437113,000000000302,e78f135624ce,-74,17.865445908,8.423184697,1.841668863,0.023815303,0.011554092,-0.999,-0.999,-0.013407651,-0.024407651,-0.013407651,1.0,0.01114644
1581248850.389265,b827ebfd7811,e78f135624ce,-78,17.830264681,8.411744085,1.842214723,0.032041191,0.009132341,-0.999,-0.999,-0.013173532,-0.032867659,-0.013173532,1.0,0.008305872
1581248850.3894188,b827eb4521b4,e78f135624ce,-71,17.830252852,8.411728707,1.842223004,0.032048289,0.009126426,-0.999,-0.999,-0.013174715,-0.032873574,-0.013174715,1.0,0.008301141
1581248850.38974,b827ebf7d096,e78f135624ce,-79,17.830228148,8.411696592,1.842240296,0.032063111,0.009114074,-0.999,-0.999,-0.013177185,-0.032885926,-0.013177185,1.0,0.008291259
1581248850.3904934,000000000102,e78f135624ce,-72,17.830170194,8.411621252,1.842280864,0.032097884,0.009085097,-0.999,-0.999,-0.013182981,-0.032914903,-0.013182981,1.0,0.008268078
1581248850.3905444,000000000202,e78f135624ce,-73,17.830166269,8.41161615,1.842283611,0.032100238,0.009083135,-0.999,-0.999,-0.013183373,-0.032916865,-0.013183373,1.0,0.008266508
1581248850.3909252,b827eb917e19,e78f135624ce,-79,17.830136981,8.411578075,1.842304114,0.032117812,0.00906849,-0.999,-0.999,-0.013186302,-0.03293151,-0.013186302,1.0,0.008254792
1581248850.3914807,000000000201,e78f135624ce,-85,17.830094249,8.411522523,1.842334026,0.032143451,0.009047124,-0.999,-0.999,-0.013190575,-0.032952876,-0.013190575,1.0,0.008237699
1581248850.3916612,000000000101,e78f135624ce,-74,17.830080365,8.411504475,1.842343744,0.032151781,0.009040183,-0.999,-0.999,-0.013191963,-0.032959817,-0.013191963,1.0,0.008232146
1581248850.391813,000000000402,e78f135624ce,-76,17.830068683,8.411489288,1.842351922,0.03215879,0.009034341,-0.999,-0.999,-0.013193132,-0.032965659,-0.013193132,1.0,0.008227473
1581248850.3918247,000000000401,e78f135624ce,-57,17.830067784,8.411488119,1.842352551,0.032159329,0.009033892,-0.999,-0.999,-0.013193222,-0.032966108,-0.013193222,1.0,0.008227114
1581248850.3918357,000000000301,e78f135624ce,-75,17.830066941,8.411487023,1.842353142,0.032159836,0.00903347,-0.999,-0.999,-0.013193306,-0.03296653,-0.013193306,1.0,0.008226776
1581248850.3937502,000000000302,e78f135624ce,-75,17.829919671,8.411295573,1.84245623,0.032248197,0.008959836,-0.999,-0.999,-0.013208033,-0.033040164,-0.013208033,1.0,0.008167869
1581248850.8441117,b827ebfd7811,e78f135624ce,-88,17.782824279,8.393,1.842435144,0.031564856,0.009376571,-0.999,-0.999,-0.014,-0.032376571,-0.014811715,1.0,0.009376571
1581248850.8443139,b827eb4521b4,e78f135624ce,-71,17.782799007,8.393,1.842440199,0.031559801,0.009373201,-0.999,-0.999,-0.014,-0.032373201,-0.0148134,1.0,0.009373201
1581248850.8451843,b827ebf7d096,e78f135624ce,-72,17.782690199,8.393,1.84246196,0.03153804,0.009358693,-0.999,-0.999,-0.014,-0.032358693,-0.014820653,1.0,0.009358693
1581248850.8457873,b827eb917e19,e78f135624ce,-74,17.782614828,8.393,1.842477034,0.031522966,0.009348644,-0.999,-0.999,-0.014,-0.032348644,-0.014825678,1.0,0.009348644
1581248850.8465598,000000000102,e78f135624ce,-87,17.782518269,8.393,1.842496346,0.031503654,0.009335769,-0.999,-0.999,-0.014,-0.032335769,-0.014832115,1.0,0.009335769
1581248850.8475344,000000000202,e78f135624ce,-79,17.782396437,8.393,1.842520713,0.031479287,0.009319525,-0.999,-0.999,-0.014,-0.032319525,-0.014840238,1.0,0.009319525
1581248850.8478196,000000000402,e78f135624ce,-80,17.782360793,8.393,1.842527841,0.031472159,0.009314772,-0.999,-0.999,-0.014,-0.032314772,-0.014842614,1.0,0.009314772
1581248850.847827,000000000401,e78f135624ce,-65,17.782359869,8.393,1.842528026,0.031471974,0.009314649,-0.999,-0.999,-0.014,-0.032314649,-0.014842675,1.0,0.009314649
1581248850.8485441,000000000201,e78f135624ce,-85,17.782270224,8.393,1.842545955,0.031454045,0.009302697,-0.999,-0.999,-0.014,-0.032302697,-0.014848652,1.0,0.009302697
1581248850.848698,000000000301,e78f135624ce,-82,17.782251001,8.393,1.8425498,0.0314502,0.009300134,-0.999,-0.999,-0.014,-0.032300134,-0.014849933,1.0,0.009300134
1581248851.294431,b827ebfd7811,e78f135624ce,-74,17.71044354,8.403818333,1.851011458,0.021783959,0.005590834,-0.999,-0.999,-0.015,-0.021783959,-0.015,1.0,0.004988542
1581248851.2946022,b827eb4521b4,e78f135624ce,-69,17.710416436,8.403806921,1.851004325,0.021793945,0.00559654,-0.999,-0.999,-0.015,-0.021793945,-0.015,1.0,0.004995675
1581248851.2964272,b827eb917e19,e78f135624ce,-75,17.710127463,8.403685247,1.85092828,0.021900408,0.005657376,-0.999,-0.999,-0.015,-0.021900408,-0.015,1.0,0.00507172
1581248851.2974901,000000000102,e78f135624ce,-78,17.709959175,8.403614389,1.850883993,0.021962409,0.005692805,-0.999,-0.999,-0.015,-0.021962409,-0.015,1.0,0.005116007
1581248851.297511,000000000202,e78f135624ce,-78,17.709955853,8.403612991,1.850883119,0.021963633,0.005693505,-0.999,-0.999,-0.015,-0.021963633,-0.015,1.0,0.005116881
1581248851.2978315,000000000402,e78f135624ce,-74,17.709905117,8.403591628,1.850869768,0.021982325,0.005704186,-0.999,-0.999,-0.015,-0.021982325,-0.015,1.0,0.005130232
1581248851.297846,000000000401,e78f135624ce,-81,17.709902815,8.403590659,1.850869162,0.021983174,0.005704671,-0.999,-0.999,-0.015,-0.021983174,-0.015,1.0,0.005130838
1581248851.2986846,000000000201,e78f135624ce,-77,17.709770049,8.403534757,1.850834223,0.022032087,0.005732621,-0.999,-0.999,-0.015,-0.022032087,-0.015,1.0,0.005165777
1581248851.2987232,000000000301,e78f135624ce,-77,17.709763934,8.403532183,1.850832614,0.02203434,0.005733909,-0.999,-0.999,-0.015,-0.02203434,-0.015,1.0,0.005167386
1581248851.3995721,b827ebf7d096,e78f135624ce,42,17.694196477,8.395966196,1.848,0.028275353,0.008,-0.999,-0.999,-0.015252817,-0.028275353,-0.015252817,1.0,0.008
1581248851.7444437,000000000101,e78f135624ce,-83,17.632417665,8.403947792,1.831069611,0.027982597,0.018965195,-0.999,-0.999,-0.015,-0.027982597,-0.015,1.0,0.017965195
1581248851.7450893,b827ebfd7811,e78f135624ce,-72,17.63229847,8.403962691,1.831049745,0.027987564,0.018975127,-0.999,-0.999,-0.015,-0.027987564,-0.015,1.0,0.017975127
1581248851.7451038,b827eb4521b4,e78f135624ce,-71,17.632295785,8.403963027,1.831049298,0.027987676,0.018975351,-0.999,-0.999,-0.015,-0.027987676,-0.015,1.0,0.017975351
1581248851.7454026,b827ebf7d096,e78f135624ce,-70,17.632240634,8.403969921,1.831040106,0.027989974,0.018979947,-0.999,-0.999,-0.015,-0.027989974,-0.015,1.0,0.017979947
1581248851.7469082,b827eb917e19,e78f135624ce,-80,17.631961249,8.404001685,1.830979782,0.028005054,0.019010109,-0.999,-0.999,-0.014998315,-0.028005054,-0.015,0.999998315,0.018011794
1581248851.7474926,000000000202,e78f135624ce,-76,17.631849246,8.404006555,1.830921346,0.028019664,0.019039327,-0.999,-0.999,-0.014993445,-0.028019664,-0.015,0.999993445,0.018045882
1581248851.7475185,000000000102,e78f135624ce,-78,17.631844265,8.404006771,1.830918747,0.028020313,0.019040627,-0.999,-0.999,-0.014993229,-0.028020313,-0.015,0.999993229,0.018047398
1581248851.748814,000000000401,e78f135624ce,-60,17.631595948,8.404017567,1.83078919,0.028052702,0.019105405,-0.999,-0.999,-0.014982433,-0.028052702,-0.015,0.999982433,0.018122972
1581248851.7488143,000000000402,e78f135624ce,-72,17.631595902,8.404017569,1.830789166,0.028052708,0.019105417,-0.999,-0.999,-0.014982431,-0.028052708,-0.015,0.999982431,0.018122986
1581248851.7495327,000000000201,e78f135624ce,-76,17.631458217,8.404023556,1.830717331,0.028070667,0.019141335,-0.999,-0.999,-0.014976444,-0.028070667,-0.015,0.999976444,0.01816489
1581248851.7496939,000000000301,e78f135624ce,-81,17.631427326,8.404024899,1.830701214,0.028074697,0.019149393,-0.999,-0.999,-0.014975101,-0.028074697,-0.015,0.999975101,0.018174292
1581248852.1984901,000000000101,e78f135624ce,-82,17.547530492,8.409046928,1.832854455,0.039065745,0.016516436,-0.998370891,-0.86742258,-0.013629109,-0.042436636,-0.014629109,0.86842258,0.014516436
1581248852.1997626,000000000302,e78f135624ce,-74,17.547305368,8.408860956,1.832805515,0.039222353,0.016555588,-0.998361103,-0.867833676,-0.013638897,-0.042583456,-0.014638897,0.868833676,0.014555588
1581248852.1999059,b827ebfd7811,e78f135624ce,-75,17.547280017,8.408840014,1.832800004,0.039239988,0.016559997,-0.998360001,-0.867879969,-0.013639999,-0.042599989,-0.014639999,0.868879969,0.014559997
1581248852.2002392,b827ebf7d096,e78f135624ce,-70,17.547221047,8.4087913,1.832787184,0.039281011,0.016570253,-0.998357437,-0.867987654,-0.013642563,-0.042638448,-0.014642563,0.868987654,0.014570253
1581248852.200619,000000000102,e78f135624ce,-71,17.547153851,8.40873579,1.832772576,0.039327756,0.016581939,-0.998354515,-0.868110358,-0.013645485,-0.042682271,-0.014645485,0.869110358,0.014581939
1581248852.2015188,000000000202,e78f135624ce,-87,17.546994658,8.408604282,1.832737969,0.039438499,0.016609625,-0.998347594,-0.86840106,-0.013652406,-0.042786093,-0.014652406,0.86940106,0.014609625
1581248852.2018247,000000000401,e78f135624ce,-54,17.546940538,8.408559575,1.832726204,0.039476147,0.016619037,-0.998345241,-0.868499886,-0.013654759,-0.042821388,-0.014654759,0.869499886,0.014619037
1581248852.2018318,000000000402,e78f135624ce,-74,17.546939273,8.40855853,1.832725929,0.039477027,0.016619257,-0.998345186,-0.868502197,-0.013654814,-0.042822213,-0.014654814,0.869502197,0.014619257
1581248852.2025003,000000000201,e78f135624ce,-75,17.546820995,8.408460822,1.832700216,0.039559307,0.016639827,-0.998340043,-0.868718182,-0.013659957,-0.042899351,-0.014659957,0.869718182,0.014639827
1581248852.2027147,000000000301,e78f135624ce,-80,17.546783074,8.408429496,1.832691973,0.039585688,0.016646422,-0.998338395,-0.86878743,-0.013661605,-0.042924082,-0.014661605,0.86978743,0.014646422
1581248852.6539667,b827eb4521b4,e78f135624ce,-77,17.444547852,8.421267579,1.81557959,0.039012695,0.027280274,-0.998,-0.957152832,-0.013573242,-0.040299316,-0.014286621,0.957726074,0.026280274
1581248852.655633,b827eb917e19,e78f135624ce,-89,17.444214591,8.421011224,1.815694949,0.039192143,0.027203367,-0.998,-0.957293827,-0.013598878,-0.040491582,-0.014299439,0.957892704,0.026203367
1581248852.6565223,000000000102,e78f135624ce,-80,17.444036731,8.420874409,1.815756516,0.039287914,0.027162323,-0.998,-0.957369075,-0.013612559,-0.040594194,-0.01430628,0.957981634,0.026162323
1581248852.6574671,000000000101,e78f135624ce,-73,17.443847761,8.420729047,1.815821929,0.039389667,0.027118714,-0.998,-0.957449024,-0.013627095,-0.040703215,-0.014313548,0.95807612,0.026118714
1581248852.6575384,000000000201,e78f135624ce,-82,17.443833503,8.420718079,1.815826864,0.039397344,0.027115424,-0.998,-0.957455056,-0.013628192,-0.04071144,-0.014314096,0.958083248,0.026115424
1581248852.6578784,b827ebf7d096,e78f135624ce,-99,17.443765506,8.420665774,1.815850402,0.039433958,0.027099732,-0.998,-0.957483824,-0.013633423,-0.040750669,-0.014316711,0.958117247,0.026099732
1581248852.657883,000000000301,e78f135624ce,-66,17.4437646,8.420665077,1.815850715,0.039434446,0.027099523,-0.998,-0.957484208,-0.013633492,-0.040751192,-0.014316746,0.9581177,0.026099523
1581248852.658671,000000000302,e78f135624ce,-76,17.443607006,8.420543851,1.815905267,0.039519305,0.027063155,-0.998,-0.957550882,-0.013645615,-0.040842112,-0.014322807,0.958196497,0.026063155
1581248852.6595623,000000000202,e78f135624ce,-82,17.443428717,8.420406705,1.815966983,0.039615306,0.027022012,-0.998,-0.957626312,-0.013659329,-0.040944971,-0.014329665,0.958285642,0.026022012
1581248852.6608348,000000000402,e78f135624ce,-70,17.443174229,8.420210945,1.816055075,0.039752338,0.026963284,-0.998,-0.95773398,-0.013678905,-0.041091791,-0.014339453,0.958412886,0.025963284
1581248852.6608512,000000000401,e78f135624ce,-67,17.443170939,8.420208414,1.816056214,0.03975411,0.026962524,-0.998,-0.957735372,-0.013679159,-0.041093689,-0.014339579,0.958414531,0.025962524
1581248853.1100757,b827eb4521b4,e78f135624ce,-75,17.327602296,8.436055252,1.825386761,0.037723742,0.020723742,-0.998,-0.985723742,-0.014,-0.037778994,-0.015,0.986723742,0.020723742
1581248853.110275,b827ebf7d096,e78f135624ce,-72,17.327554127,8.436053591,1.825375134,0.037732047,0.020732047,-0.998,-0.985732047,-0.014,-0.037785638,-0.015,0.986732047,0.020732047
1581248853.1118443,b827eb917e19,e78f135624ce,-85,17.327174886,8.436040513,1.825283593,0.037797433,0.020797433,-0.998,-0.985797433,-0.014,-0.037837947,-0.015,0.986797433,0.020797433
1581248853.1124756,000000000101,e78f135624ce,-79,17.327022314,8.436035252,1.825246765,0.037823739,0.020823739,-0.998,-0.985823739,-0.014,-0.037858991,-0.015,0.986823739,0.020823739
1581248853.1124792,000000000201,e78f135624ce,-82,17.32702145,8.436035222,1.825246557,0.037823888,0.020823888,-0.998,-0.985823888,-0.014,-0.03785911,-0.015,0.986823888,0.020823888
1581248853.1129005,000000000301,e78f135624ce,-72,17.326919639,8.436031712,1.825221982,0.037841442,0.020841442,-0.998,-0.985841442,-0.014,-0.037873153,-0.015,0.986841442,0.020841442
1581248853.1136048,b827ebfd7811,e78f135624ce,-74,17.326749436,8.436025843,1.825180898,0.037870787,0.020870787,-0.998,-0.985870787,-0.014,-0.03789663,-0.015,0.986870787,0.020870787
1581248853.1146996,000000000302,e78f135624ce,-68,17.326484854,8.436016719,1.825117034,0.037916404,0.020916404,-0.998,-0.985916404,-0.014,-0.037933124,-0.015,0.986916404,0.020916404
1581248853.5617943,b827eb4521b4,e78f135624ce,-73,17.235270319,8.433220847,1.829220847,0.038033569,0.018033569,-0.997542403,-0.600114846,-0.008457597,-0.051915194,-0.009915194,0.601114846,0.012491167
1581248853.562714,b827ebf7d096,e78f135624ce,-70,17.235048029,8.433351155,1.829351155,0.037949253,0.017949253,-0.997550068,-0.59914137,-0.008449932,-0.051899864,-0.009899864,0.60014137,0.012399185
1581248853.5633178,b827eb917e19,e78f135624ce,-81,17.234902141,8.433436676,1.829436676,0.037893916,0.017893916,-0.997555099,-0.59850248,-0.008444901,-0.051889803,-0.009889803,0.59950248,0.012338817
1581248853.563492,000000000102,e78f135624ce,-85,17.234860022,8.433461366,1.829461366,0.03787794,0.01787794,-0.997556551,-0.598318029,-0.008443449,-0.051886898,-0.009886898,0.599318029,0.012321389
1581248853.5644758,000000000101,e78f135624ce,-81,17.234622291,8.433600726,1.829600726,0.037787766,0.017787766,-0.997564749,-0.597276929,-0.008435251,-0.051870503,-0.009870503,0.598276929,0.012223017
1581248853.5646954,000000000301,e78f135624ce,-73,17.234569225,8.433631834,1.829631834,0.037767637,0.017767637,-0.997566578,-0.597044537,-0.008433422,-0.051866843,-0.009866843,0.598044537,0.012201059
1581248853.5653255,b827ebfd7811,e78f135624ce,-75,17.234416941,8.433721104,1.829721104,0.037709874,0.017709874,-0.99757183,-0.596377638,-0.00842817,-0.051856341,-0.009856341,0.597377638,0.012138044
1581248853.5655298,000000000201,e78f135624ce,-88,17.234367562,8.43375005,1.82975005,0.037691144,0.017691144,-0.997573532,-0.596161394,-0.008426468,-0.051852935,-0.009852935,0.597161394,0.012117612
1581248853.5656583,000000000302,e78f135624ce,-66,17.234336506,8.433768255,1.829768255,0.037679364,0.017679364,-0.997574603,-0.59602539,-0.008425397,-0.051850794,-0.009850794,0.59702539,0.012104761
1581248853.5657723,000000000401,e78f135624ce,-51,17.234308965,8.4337844,1.8297844,0.037668918,0.017668918,-0.997575553,-0.595904778,-0.008424447,-0.051848894,-0.009848894,0.596904778,0.012093365
1581248853.5674615,000000000101,e78f135624ce,-73,17.233900742,8.434023703,1.830023703,0.037514075,0.017514075,-0.99758963,-0.594117044,-0.00841037,-0.051820741,-0.009820741,0.595117044,0.011924445
1581248854.0204573,b827ebfd7811,e78f135624ce,-74,17.121666325,8.459822799,1.858812436,0.024781346,0.007791709,-0.998,-0.524720192,-0.006395855,-0.046593782,-0.007395855,0.524720192,0.000187564
