1581249601.4086823,b827eb4521b4,e78f135624ce,-87,18.031,8.465,1.816,0.062,-0.0,-0.998,0.998,0.017,0.062,0.017,-1.0,0.002
1581249601.4099905,b827ebfd7811,e78f135624ce,-77,18.031,8.465,1.816,0.062,-0.0,-0.998,0.998,0.017,0.062,0.017,-1.0,0.002
1581249601.411019,000000000202,e78f135624ce,-77,18.031,8.465,1.816,0.062,-0.0,-0.998,0.998,0.017,0.062,0.017,-1.0,0.002
1581249601.4121366,000000000101,e78f135624ce,-85,18.031,8.465,1.816,0.062,-0.0,-0.998,0.998,0.017,0.062,0.017,-1.0,0.002
1581249601.4125385,000000000402,e78f135624ce,-76,18.031,8.465,1.816,0.062,-0.0,-0.998,0.998,0.017,0.062,0.017,-1.0,0.002
1581249601.4127088,000000000301,e78f135624ce,-74,18.031,8.465,1.816,0.062,-0.0,-0.998,0.998,0.017,0.062,0.017,-1.0,0.002
1581249601.413565,000000000201,e78f135624ce,-86,18.031,8.465,1.816,0.062,-0.0,-0.998,0.998,0.017,0.062,0.017,-1.0,0.002
1581249601.4137018,000000000302,e78f135624ce,-74,18.031,8.465,1.816,0.062,-0.0,-0.998,0.998,0.017,0.062,0.017,-1.0,0.002
1581249601.4138405,000000000401,e78f135624ce,-69,18.031,8.465,1.816,0.062,-0.0,-0.998,0.998,0.017,0.062,0.017,-1.0,0.002
1581249601.8643436,b827ebfd7811,e78f135624ce,-77,18.029671865,8.465114577,1.821885423,0.061442712,0.002442712,-0.997442712,0.998557288,0.019,0.061442712,0.019,-0.999,0.000114577
1581249601.8649704,b827eb4521b4,e78f135624ce,-72,18.0296574,8.465104933,1.821895067,0.061447533,0.002447533,-0.997447533,0.998552467,0.019,0.061447533,0.019,-0.999,0.000104933
1581249601.8656125,b827ebf7d096,e78f135624ce,-78,18.029642583,8.465095056,1.821904944,0.061452472,0.002452472,-0.997452472,0.998547528,0.019,0.061452472,0.019,-0.999,9.5056e-05
1581249601.8660204,000000000202,e78f135624ce,-74,18.029633169,8.46508878,1.82191122,0.06145561,0.00245561,-0.99745561,0.99854439,0.019,0.06145561,0.019,-0.999,8.878e-05
1581249601.8661535,000000000102,e78f135624ce,-89,18.029630099,8.465086733,1.821913267,0.061456634,0.002456634,-0.997456634,0.998543366,0.019,0.061456634,0.019,-0.999,8.6733e-05
1581249601.867156,000000000101,e78f135624ce,-78,18.029606964,8.465071309,1.821928691,0.061464345,0.002464345,-0.997464345,0.998535655,0.019,0.061464345,0.019,-0.999,7.1309e-05
1581249601.8675563,b827eb917e19,e78f135624ce,-76,18.029597726,8.465065151,1.821934849,0.061467425,0.002467425,-0.997467425,0.998532575,0.019,0.061467425,0.019,-0.999,6.5151e-05
1581249601.8687396,000000000301,e78f135624ce,-68,18.02957042,8.465046946,1.821953054,0.061476527,0.002476527,-0.997476527,0.998523473,0.019,0.061476527,0.019,-0.999,4.6946e-05
1581249601.868774,000000000402,e78f135624ce,-74,18.029569627,8.465046418,1.821953582,0.061476791,0.002476791,-0.997476791,0.998523209,0.019,0.061476791,0.019,-0.999,4.6418e-05
1581249601.8687818,000000000401,e78f135624ce,-64,18.029569446,8.465046297,1.821953703,0.061476851,0.002476851,-0.997476851,0.998523149,0.019,0.061476851,0.019,-0.999,4.6297e-05
1581249602.319176,000000000101,e78f135624ce,-82,18.024095268,8.465190537,1.828047951,0.060904732,0.002381073,-0.998,0.998,0.019095268,0.060904732,0.019095268,-1.0,-0.001285805
1581249602.319176,b827eb4521b4,e78f135624ce,-73,18.024095268,8.465190537,1.828047951,0.060904732,0.002381073,-0.998,0.998,0.019095268,0.060904732,0.019095268,-1.0,-0.001285805
1581249602.3192475,b827ebf7d096,e78f135624ce,-77,18.024095819,8.465191637,1.828054004,0.060904181,0.002383274,-0.998,0.998,0.019095819,0.060904181,0.019095819,-1.0,-0.001287456
1581249602.3197443,b827ebfd7811,e78f135624ce,-74,18.024099641,8.465199281,1.828096046,0.060900359,0.002398562,-0.998,0.998,0.019099641,0.060900359,0.019099641,-1.0,-0.001298922
1581249602.3200514,000000000201,e78f135624ce,-85,18.024102003,8.465204005,1.82812203,0.060897997,0.002408011,-0.998,0.998,0.019102003,0.060897997,0.019102003,-1.0,-0.001306008
1581249602.3204577,b827eb917e19,e78f135624ce,-76,18.024105128,8.465210256,1.828156406,0.060894872,0.002420511,-0.998,0.998,0.019105128,0.060894872,0.019105128,-1.0,-0.001315383
1581249602.3217485,000000000102,e78f135624ce,-81,18.024115057,8.465230114,1.828265627,0.060884943,0.002460228,-0.998,0.998,0.019115057,0.060884943,0.019115057,-1.0,-0.001345171
1581249602.3218439,000000000402,e78f135624ce,-74,18.024115791,8.465231581,1.828273697,0.060884209,0.002463163,-0.998,0.998,0.019115791,0.060884209,0.019115791,-1.0,-0.001347372
1581249602.322714,000000000301,e78f135624ce,-69,18.024122485,8.465244969,1.828347332,0.060877515,0.002489939,-0.998,0.998,0.019122485,0.060877515,0.019122485,-1.0,-0.001367454
1581249602.3230214,000000000202,e78f135624ce,-82,18.024124849,8.465249697,1.828373336,0.060875151,0.002499395,-0.998,0.998,0.019124849,0.060875151,0.019124849,-1.0,-0.001374546
1581249602.3246217,000000000401,e78f135624ce,-66,18.024137158,8.465274317,1.828508743,0.060862842,0.002548634,-0.998,0.998,0.019137158,0.060862842,0.019137158,-1.0,-0.001411475
1581249602.7724986,b827eb4521b4,e78f135624ce,-76,18.015000395,8.456428854,1.843428458,0.058857312,0.005,-0.998,0.920863243,0.017571542,0.058857312,0.017571542,-0.922863243,-0.003
1581249602.7738266,b827eb917e19,e78f135624ce,-74,18.014922929,8.456373521,1.843450592,0.058824112,0.005,-0.998,0.919668049,0.017549408,0.058824112,0.017549408,-0.921668049,-0.003
1581249602.7751598,000000000101,e78f135624ce,-84,18.014845157,8.456317969,1.843472812,0.058790782,0.005,-0.998,0.918468135,0.017527188,0.058790782,0.017527188,-0.920468135,-0.003
1581249602.775541,b827ebfd7811,e78f135624ce,-74,18.014822918,8.456302085,1.843479166,0.058781251,0.005,-0.998,0.918125027,0.017520834,0.058781251,0.017520834,-0.920125027,-0.003
1581249602.7760077,000000000201,e78f135624ce,-84,18.014795701,8.456282644,1.843486943,0.058769586,0.005,-0.998,0.9177051,0.017513057,0.058769586,0.017513057,-0.9197051,-0.003
1581249602.776769,b827ebf7d096,e78f135624ce,-82,18.014751293,8.456250924,1.84349963,0.058750554,0.005,-0.998,0.917019956,0.01750037,0.058750554,0.01750037,-0.919019956,-0.003
1581249602.7768414,000000000302,e78f135624ce,-80,18.014747065,8.456247904,1.843500838,0.058748742,0.005,-0.998,0.916954724,0.017499162,0.058748742,0.017499162,-0.918954724,-0.003
1581249602.7770061,000000000202,e78f135624ce,-80,18.014737455,8.456241039,1.843503584,0.058744624,0.005,-0.998,0.916806452,0.017496416,0.058744624,0.017496416,-0.918806452,-0.003
1581249602.77714,000000000102,e78f135624ce,-79,18.014729653,8.456235466,1.843505813,0.05874128,0.005,-0.998,0.916686074,0.017494187,0.05874128,0.017494187,-0.918686074,-0.003
1581249602.779757,000000000402,e78f135624ce,-76,18.014576987,8.45612642,1.843549432,0.058675852,0.005,-0.998,0.914330663,0.017450568,0.058675852,0.017450568,-0.916330663,-0.003
1581249602.7826169,000000000401,e78f135624ce,-62,18.014410164,8.45600726,1.843597096,0.058604356,0.005,-0.998,0.911756813,0.017402904,0.058604356,0.017402904,-0.913756813,-0.003
1581249603.2278662,b827eb4521b4,e78f135624ce,-75,17.964609997,8.446152499,1.858847501,0.009022498,-0.0032825,-0.999,-0.320217555,-0.006130001,0.032587499,-0.006130001,0.320217555,-0.006
1581249603.2289903,b827eb917e19,e78f135624ce,-73,17.964487363,8.446121841,1.858878159,0.008950962,-0.00329272,-0.999,-0.322251235,-0.006170879,0.032536401,-0.006170879,0.322251235,-0.006
1581249603.2311225,000000000101,e78f135624ce,-86,17.964254761,8.44606369,1.85893631,0.008815277,-0.003312103,-0.999,-0.326108541,-0.006248413,0.032439484,-0.006248413,0.326108541,-0.006
1581249603.23173,000000000301,e78f135624ce,-79,17.96418849,8.446047122,1.858952878,0.008776619,-0.003317626,-0.999,-0.327207548,-0.006270503,0.032411871,-0.006270503,0.327207548,-0.006
1581249603.2320242,000000000201,e78f135624ce,-76,17.964156394,8.446039099,1.858960901,0.008757897,-0.0033203,-0.999,-0.327739798,-0.006281202,0.032398498,-0.006281202,0.327739798,-0.006
1581249603.2327142,000000000302,e78f135624ce,-63,17.964081123,8.446020281,1.858979719,0.008713988,-0.003326573,-0.999,-0.328988042,-0.006306292,0.032367135,-0.006306292,0.328988042,-0.006
1581249603.2327383,000000000401,e78f135624ce,-61,17.964078496,8.446019624,1.858980376,0.008712456,-0.003326792,-0.999,-0.329031606,-0.006307168,0.03236604,-0.006307168,0.329031606,-0.006
1581249603.2340016,000000000202,e78f135624ce,-77,17.963940673,8.445985168,1.859014832,0.008632059,-0.003338277,-0.999,-0.331317177,-0.006353109,0.032308614,-0.006353109,0.331317177,-0.006
1581249603.2348602,b827ebfd7811,e78f135624ce,-72,17.963847013,8.445961753,1.859038247,0.008577424,-0.003346082,-0.999,-0.332870365,-0.006384329,0.032269589,-0.006384329,0.332870365,-0.006
1581249603.686966,b827eb4521b4,e78f135624ce,-81,17.928561441,8.44492982,1.827701802,-0.01178946,0.019578919,-0.999,-0.785596128,-0.01192982,0.02507018,-0.01192982,0.785525948,0.018578919
1581249603.6871302,b827ebf7d096,e78f135624ce,-77,17.928552054,8.444930993,1.827690068,-0.01179298,0.019585959,-0.999,-0.785686476,-0.011930993,0.025069007,-0.011930993,0.78561747,0.018585959
1581249603.6876817,b827ebfd7811,e78f135624ce,-77,17.928520542,8.444934932,1.827650678,-0.011804797,0.019609593,-0.999,-0.78598978,-0.011934932,0.025065068,-0.011934932,0.785924713,0.018609593
1581249603.6881382,000000000102,e78f135624ce,-86,17.928494453,8.444938193,1.827618066,-0.01181458,0.019629161,-0.999,-0.786240895,-0.011938193,0.025061807,-0.011938193,0.786179088,0.018629161
1581249603.6883686,b827eb917e19,e78f135624ce,-79,17.928481292,8.444939839,1.827601615,-0.011819516,0.019639031,-0.999,-0.786367566,-0.011939839,0.025060161,-0.011939839,0.786307405,0.018639031
1581249603.6897404,000000000401,e78f135624ce,-60,17.9284029,8.444949638,1.827503625,-0.011848913,0.019697825,-0.999,-0.787122089,-0.011949638,0.025050362,-0.011949638,0.787071726,0.018697825
1581249603.6897473,000000000402,e78f135624ce,-68,17.928402505,8.444949687,1.827503131,-0.011849061,0.019698121,-0.999,-0.787125892,-0.011949687,0.025050313,-0.011949687,0.787075579,0.018698121
1581249603.6907642,000000000302,e78f135624ce,-65,17.928344399,8.44495695,1.827430498,-0.01187085,0.019741701,-0.999,-0.787685162,-0.01195695,0.02504305,-0.01195695,0.787642112,0.018741701
1581249603.6911373,000000000101,e78f135624ce,-77,17.928323077,8.444959615,1.827403847,-0.011878846,0.019757692,-0.999,-0.78789038,-0.011959615,0.025040385,-0.011959615,0.787849996,0.018757692
1581249603.6920192,000000000201,e78f135624ce,-74,17.928272683,8.444965915,1.827340853,-0.011897744,0.019795488,-0.999,-0.788375431,-0.011965915,0.025034085,-0.011965915,0.788341345,0.018795488
1581249603.6927402,000000000301,e78f135624ce,-72,17.928231484,8.444971065,1.827289355,-0.011913194,0.019826387,-0.999,-0.788771968,-0.011971065,0.025028935,-0.011971065,0.788743033,0.018826387
1581249603.6937237,000000000302,e78f135624ce,-77,17.928175285,8.444978089,1.827219107,-0.011934268,0.019868536,-0.999,-0.78931288,-0.011978089,0.025021911,-0.011978089,0.789290969,0.018868536
1581249604.1454616,b827ebfd7811,e78f135624ce,-77,17.904466559,8.44163336,1.815566479,-0.01726672,0.021533441,-0.999,-0.932300564,-0.014,0.021,-0.014,0.931933924,0.021533441
1581249604.146011,b827eb4521b4,e78f135624ce,-74,17.904450858,8.441637286,1.815539001,-0.017274571,0.021549142,-0.999,-0.932382997,-0.014,0.021,-0.014,0.932020283,0.021549142
1581249604.1465213,b827ebf7d096,e78f135624ce,-80,17.90443628,8.44164093,1.81551349,-0.01728186,0.02156372,-0.999,-0.932459529,-0.014,0.021,-0.014,0.932100459,0.02156372
1581249604.1470408,000000000202,e78f135624ce,-76,17.904421437,8.441644641,1.815487515,-0.017289282,0.021578563,-0.999,-0.932537456,-0.014,0.021,-0.014,0.932182097,0.021578563
1581249604.1471193,000000000102,e78f135624ce,-84,17.904419196,8.441645201,1.815483593,-0.017290402,0.021580804,-0.999,-0.932549222,-0.014,0.021,-0.014,0.932194423,0.021580804
1581249604.147387,b827eb917e19,e78f135624ce,-75,17.904411546,8.441647114,1.815470205,-0.017294227,0.021588454,-0.999,-0.932589384,-0.014,0.021,-0.014,0.932236497,0.021588454
1581249604.149707,000000000301,e78f135624ce,-72,17.904345259,8.441663685,1.815354203,-0.017327371,0.021654741,-0.999,-0.932937391,-0.014,0.021,-0.014,0.932601077,0.021654741
1581249604.1497202,000000000402,e78f135624ce,-75,17.904344884,8.441663779,1.815353547,-0.017327558,0.021655116,-0.999,-0.932939358,-0.014,0.021,-0.014,0.932603137,0.021655116
1581249604.1497266,000000000401,e78f135624ce,-64,17.9043447,8.441663825,1.815353225,-0.01732765,0.0216553,-0.999,-0.932940324,-0.014,0.021,-0.014,0.932604149,0.0216553
1581249604.1497467,000000000302,e78f135624ce,-78,17.904344128,8.441663968,1.815352224,-0.017327936,0.021655872,-0.999,-0.932943328,-0.014,0.021,-0.014,0.932607296,0.021655872
1581249604.59914,000000000101,e78f135624ce,-82,17.891092525,8.443907475,1.793790033,-0.021604983,0.030604983,-0.999,-0.97881495,-0.014,0.022604983,-0.013697508,0.978117441,0.031302492
1581249604.6004336,b827ebfd7811,e78f135624ce,-73,17.891064804,8.443935196,1.793753072,-0.021623464,0.030623464,-0.999,-0.978870392,-0.014,0.022623464,-0.013688268,0.978182124,0.031311732
1581249604.601597,b827ebf7d096,e78f135624ce,-85,17.891039872,8.443960128,1.793719829,-0.021640085,0.030640085,-0.999,-0.978920256,-0.014,0.022640085,-0.013679957,0.978240298,0.031320043
1581249604.6019948,000000000202,e78f135624ce,-82,17.89103135,8.44396865,1.793708467,-0.021645766,0.030645766,-0.999,-0.978937299,-0.014,0.022645766,-0.013677117,0.978260183,0.031322883
1581249604.6021464,000000000102,e78f135624ce,-80,17.891028101,8.443971899,1.793704135,-0.021647933,0.030647933,-0.999,-0.978943798,-0.014,0.022647933,-0.013676034,0.978267764,0.031323966
1581249604.602887,000000000402,e78f135624ce,-75,17.891012233,8.443987767,1.793682977,-0.021658512,0.030658512,-0.999,-0.978975535,-0.014,0.022658512,-0.013670744,0.978304791,0.031329256
1581249604.60372,000000000301,e78f135624ce,-71,17.890994382,8.444005618,1.793659176,-0.021670412,0.030670412,-0.999,-0.979011236,-0.014,0.022670412,-0.013664794,0.978346442,0.031335206
1581249604.6047254,000000000401,e78f135624ce,-64,17.890972837,8.444027163,1.79363045,-0.021684775,0.030684775,-0.999,-0.979054325,-0.014,0.022684775,-0.013657612,0.978396713,0.031342388
1581249605.0501342,000000000101,e78f135624ce,-83,17.883121034,8.447878966,1.783060517,-0.024878966,0.033,-0.999,-0.992878966,-0.014,0.024878966,-0.013,0.992818448,0.033060517
1581249605.0513623,b827ebfd7811,e78f135624ce,-72,17.883098705,8.447901295,1.783049353,-0.024901295,0.033,-0.999,-0.992901295,-0.014,0.024901295,-0.013,0.992851942,0.033049353
1581249605.0517485,b827ebf7d096,e78f135624ce,-83,17.883091683,8.447908317,1.783045841,-0.024908317,0.033,-0.999,-0.992908317,-0.014,0.024908317,-0.013,0.992862476,0.033045841
1581249605.0521295,000000000102,e78f135624ce,-82,17.883084756,8.447915244,1.783042378,-0.024915244,0.033,-0.999,-0.992915244,-0.014,0.024915244,-0.013,0.992872866,0.033042378
1581249605.0529842,000000000202,e78f135624ce,-82,17.883069215,8.447930785,1.783034608,-0.024930785,0.033,-0.999,-0.992930785,-0.014,0.024930785,-0.013,0.992896177,0.033034608
1581249605.0537114,000000000301,e78f135624ce,-72,17.883055994,8.447944006,1.783027997,-0.024944006,0.033,-0.999,-0.992944006,-0.014,0.024944006,-0.013,0.992916009,0.033027997
1581249605.0544388,000000000402,e78f135624ce,-74,17.883042768,8.447957232,1.783021384,-0.024957232,0.033,-0.999,-0.992957232,-0.014,0.024957232,-0.013,0.992935848,0.033021384
1581249605.0547671,000000000401,e78f135624ce,-63,17.883036799,8.447963201,1.783018399,-0.024963201,0.033,-0.999,-0.992963201,-0.014,0.024963201,-0.013,0.992944802,0.033018399
1581249605.506884,b827eb4521b4,e78f135624ce,-74,17.879,8.4613611,1.822462998,-0.0239074,0.004268501,-0.999,-0.899481595,-0.0155463,0.0259074,-0.0150926,0.899481595,0.004814801
1581249605.5083458,b827eb917e19,e78f135624ce,-74,17.879,8.461321235,1.822595884,-0.023880823,0.004202058,-0.999,-0.89990683,-0.015559588,0.025880823,-0.015119177,0.89990683,0.004761646
1581249605.5101228,000000000101,e78f135624ce,-83,17.879,8.461272773,1.822757424,-0.023848515,0.004121288,-0.999,-0.900423757,-0.015575742,0.025848515,-0.015151485,0.900423757,0.00469703
1581249605.5107024,000000000301,e78f135624ce,-77,17.879,8.461256966,1.822810115,-0.023837977,0.004094943,-0.999,-0.900592367,-0.015581011,0.025837977,-0.015162023,0.900592367,0.004675954
1581249605.5117013,b827ebfd7811,e78f135624ce,-71,17.879,8.461229721,1.82290093,-0.023819814,0.004049535,-0.999,-0.900882978,-0.015590093,0.025819814,-0.015180186,0.900882978,0.004639628
1581249605.5120237,000000000201,e78f135624ce,-78,17.879,8.46122093,1.822930234,-0.023813953,0.004034883,-0.999,-0.90097675,-0.015593023,0.025813953,-0.015186047,0.90097675,0.004627906
1581249605.5129945,000000000202,e78f135624ce,-75,17.879,8.461194452,1.823018493,-0.023796301,0.003990754,-0.999,-0.901259176,-0.015601849,0.025796301,-0.015203699,0.901259176,0.004592603
1581249605.963325,b827eb4521b4,e78f135624ce,-86,17.878601232,8.447196305,1.862,-0.016797537,-0.012398768,-0.999150308,-0.967352771,-0.017849692,0.017797537,-0.017849692,0.967352771,-0.011549076
1581249605.963897,b827ebf7d096,e78f135624ce,-81,17.87862203,8.447133909,1.862,-0.016755939,-0.01237797,-0.999155508,-0.967399568,-0.017844492,0.017755939,-0.017844492,0.967399568,-0.011533477
1581249605.9646912,b827eb917e19,e78f135624ce,-73,17.878650909,8.447047272,1.862,-0.016698181,-0.012349091,-0.999162727,-0.967464546,-0.017837273,0.017698181,-0.017837273,0.967464546,-0.011511818
1581249605.9648018,000000000102,e78f135624ce,-79,17.878654932,8.447035204,1.862,-0.016690136,-0.012345068,-0.999163733,-0.967473597,-0.017836267,0.017690136,-0.017836267,0.967473597,-0.011508801
1581249605.9661477,000000000101,e78f135624ce,-79,17.878703873,8.446888381,1.862,-0.016592254,-0.012296127,-0.999175968,-0.967583714,-0.017824032,0.017592254,-0.017824032,0.967583714,-0.011472095
1581249605.9667242,000000000401,e78f135624ce,-66,17.878724837,8.44682549,1.862,-0.016550327,-0.012275163,-0.999181209,-0.967630882,-0.017818791,0.017550327,-0.017818791,0.967630882,-0.011456373
1581249605.966787,000000000402,e78f135624ce,-69,17.878727125,8.446818624,1.862,-0.016545749,-0.012272875,-0.999181781,-0.967636032,-0.017818219,0.017545749,-0.017818219,0.967636032,-0.011454656
1581249605.9668224,000000000301,e78f135624ce,-82,17.878728408,8.446814775,1.862,-0.016543183,-0.012271592,-0.999182102,-0.967638919,-0.017817898,0.017543183,-0.017817898,0.967638919,-0.011453694
1581249605.9670439,000000000201,e78f135624ce,-78,17.878736463,8.446790612,1.862,-0.016527075,-0.012263537,-0.999184116,-0.967657041,-0.017815884,0.017527075,-0.017815884,0.967657041,-0.011447653
1581249605.9676938,000000000302,e78f135624ce,-63,17.878760096,8.446719711,1.862,-0.016479807,-0.012239904,-0.999190024,-0.967710217,-0.017809976,0.017479807,-0.017809976,0.967710217,-0.011429928
1581249605.969046,000000000202,e78f135624ce,-79,17.878809271,8.446572186,1.862,-0.016381457,-0.012190729,-0.999202318,-0.967820861,-0.017797682,0.017381457,-0.017797682,0.967820861,-0.011393046
1581249606.4155807,b827eb4521b4,e78f135624ce,-76,17.878,8.443445863,1.859554137,-0.019222931,-0.002,-0.999,-0.989108274,-0.015222931,0.019445863,-0.015222931,0.989331206,-0.001777069
1581249606.41576,b827ebf7d096,e78f135624ce,-78,17.878,8.443443302,1.859556698,-0.019221651,-0.002,-0.999,-0.989113397,-0.015221651,0.019443302,-0.015221651,0.989335048,-0.001778349
1581249606.417005,b827eb917e19,e78f135624ce,-77,17.878,8.443425516,1.859574484,-0.019212758,-0.002,-0.999,-0.989148969,-0.015212758,0.019425516,-0.015212758,0.989361727,-0.001787242
1581249606.418153,000000000101,e78f135624ce,-86,17.878,8.443409116,1.859590884,-0.019204558,-0.002,-0.999,-0.989181768,-0.015204558,0.019409116,-0.015204558,0.989386326,-0.001795442
1581249606.4187398,000000000401,e78f135624ce,-62,17.878,8.443400734,1.859599266,-0.019200367,-0.002,-0.999,-0.989198533,-0.015200367,0.019400734,-0.015200367,0.9893989,-0.001799633
1581249606.4187474,000000000402,e78f135624ce,-68,17.878,8.443400625,1.859599375,-0.019200312,-0.002,-0.999,-0.989198751,-0.015200312,0.019400625,-0.015200312,0.989399063,-0.001799688
1581249606.41974,000000000302,e78f135624ce,-68,17.878,8.443386446,1.859613554,-0.019193223,-0.002,-0.999,-0.989227109,-0.015193223,0.019386446,-0.015193223,0.989420332,-0.001806777
1581249606.4199994,000000000201,e78f135624ce,-73,17.878,8.44338274,1.85961726,-0.01919137,-0.002,-0.999,-0.98923452,-0.01519137,0.01938274,-0.01519137,0.98942589,-0.00180863
1581249606.4222112,000000000301,e78f135624ce,-72,17.878,8.443351143,1.859648857,-0.019175571,-0.002,-0.999,-0.989297715,-0.015175571,0.019351143,-0.015175571,0.989473286,-0.001824429
1581249606.8679278,b827eb4521b4,e78f135624ce,-79,17.876,8.460099613,1.854,-0.02427969,0.002,-0.999,-0.892587492,-0.013786718,0.025886331,-0.013786718,0.893587492,0.003
1581249606.8687057,b827ebf7d096,e78f135624ce,-91,17.876,8.460009849,1.854,-0.024207879,0.002,-0.999,-0.89277899,-0.013798687,0.025808535,-0.013798687,0.89377899,0.003
1581249606.8690832,b827ebfd7811,e78f135624ce,-70,17.876,8.4599663,1.854,-0.02417304,0.002,-0.999,-0.892871892,-0.013804493,0.025770794,-0.013804493,0.893871892,0.003
1581249606.8691125,000000000102,e78f135624ce,-85,17.876,8.459962917,1.854,-0.024170333,0.002,-0.999,-0.892879111,-0.013804944,0.025767861,-0.013804944,0.893879111,0.003
1581249606.8692565,b827eb917e19,e78f135624ce,-80,17.876,8.459946301,1.854,-0.024157041,0.002,-0.999,-0.892914558,-0.01380716,0.025753461,-0.01380716,0.893914558,0.003
1581249606.8711407,000000000202,e78f135624ce,-85,17.876,8.459728891,1.854,-0.023983113,0.002,-0.999,-0.893378366,-0.013836148,0.025565039,-0.013836148,0.894378366,0.003
1581249606.8711762,000000000101,e78f135624ce,-77,17.876,8.459724792,1.854,-0.023979833,0.002,-0.999,-0.893387111,-0.013836694,0.025561486,-0.013836694,0.894387111,0.003
1581249606.8717022,000000000301,e78f135624ce,-72,17.876,8.459664105,1.854,-0.023931284,0.002,-0.999,-0.893516576,-0.013844786,0.025508891,-0.013844786,0.894516576,0.003
1581249606.8717177,000000000402,e78f135624ce,-78,17.876,8.459662317,1.854,-0.023929854,0.002,-0.999,-0.89352039,-0.013845024,0.025507341,-0.013845024,0.89452039,0.003
1581249606.8721106,000000000102,e78f135624ce,-74,17.876,8.459616981,1.854,-0.023893585,0.002,-0.999,-0.893617107,-0.013851069,0.02546805,-0.013851069,0.894617107,0.003
1581249606.8726866,000000000302,e78f135624ce,-68,17.876,8.459550517,1.854,-0.023840414,0.002,-0.999,-0.893758897,-0.013859931,0.025410448,-0.013859931,0.894758897,0.003
1581249606.8726962,000000000401,e78f135624ce,-70,17.876,8.459549417,1.854,-0.023839533,0.002,-0.999,-0.893761244,-0.013860078,0.025409495,-0.013860078,0.894761244,0.003
1581249606.8731213,000000000201,e78f135624ce,-76,17.876,8.459500367,1.854,-0.023800293,0.002,-0.999,-0.893865884,-0.013866618,0.025366985,-0.013866618,0.894865884,0.003
1581249607.3255498,b827ebfd7811,e78f135624ce,-76,17.860124122,8.437539002,1.841663124,0.0,0.010202126,-0.999,-0.966606377,-0.014,6.7375e-05,-0.014,0.966606377,0.010202126
1581249607.3260972,b827eb4521b4,e78f135624ce,-71,17.860069382,8.437572688,1.84164207,0.0,0.010214758,-0.999,-0.966644274,-0.014,7.1586e-05,-0.014,0.966644274,0.010214758
1581249607.3266373,b827ebf7d096,e78f135624ce,-76,17.86001538,8.43760592,1.8416213,0.0,0.01022722,-0.999,-0.96668166,-0.014,7.574e-05,-0.014,0.96668166,0.01022722
1581249607.327024,000000000202,e78f135624ce,-75,17.859976708,8.437629718,1.841606426,0.0,0.010236144,-0.999,-0.966708433,-0.014,7.8715e-05,-0.014,0.966708433,0.010236144
1581249607.327118,000000000102,e78f135624ce,-78,17.859967315,8.437635499,1.841602813,0.0,0.010238312,-0.999,-0.966714936,-0.014,7.9437e-05,-0.014,0.966714936,0.010238312
1581249607.3275774,b827eb917e19,e78f135624ce,-79,17.859921371,8.437663771,1.841585143,0.0,0.010248914,-0.999,-0.966746743,-0.014,8.2971e-05,-0.014,0.966746743,0.010248914
1581249607.3297307,000000000401,e78f135624ce,-67,17.859706032,8.437796288,1.84150232,0.0,0.010298608,-0.999,-0.966895824,-0.014,9.9536e-05,-0.014,0.966895824,0.010298608
1581249607.3297358,000000000402,e78f135624ce,-82,17.859705531,8.437796596,1.841502127,0.0,0.010298724,-0.999,-0.966896171,-0.014,9.9575e-05,-0.014,0.966896171,0.010298724
1581249607.329739,000000000301,e78f135624ce,-68,17.859705198,8.437796802,1.841501999,0.0,0.010298801,-0.999,-0.966896402,-0.014,9.96e-05,-0.014,0.966896402,0.010298801
1581249607.3310812,000000000302,e78f135624ce,-74,17.859570992,8.43787939,1.841450381,0.0,0.010329771,-0.999,-0.966989313,-0.014,0.000109924,-0.014,0.966989313,0.010329771
1581249607.7832136,b827eb4521b4,e78f135624ce,-80,17.810476997,8.444839437,1.842440375,0.017041314,0.006559625,-0.999,-0.988880751,-0.014720188,-0.017041314,-0.014720188,0.989160563,0.006559625
1581249607.7846437,b827eb917e19,e78f135624ce,-86,17.810286325,8.444803686,1.842464209,0.017124733,0.006535791,-0.999,-0.988928419,-0.014732105,-0.017124733,-0.014732105,0.989196314,0.006535791
1581249607.7851272,000000000101,e78f135624ce,-79,17.810221857,8.444791598,1.842472268,0.017152938,0.006527732,-0.999,-0.988944536,-0.014736134,-0.017152938,-0.014736134,0.989208402,0.006527732
1581249607.7870395,b827ebf7d096,e78f135624ce,-76,17.809966876,8.444743789,1.842504141,0.017264492,0.006495859,-0.999,-0.989008281,-0.01475207,-0.017264492,-0.01475207,0.989256211,0.006495859
1581249607.7876682,000000000302,e78f135624ce,-77,17.809883048,8.444728071,1.842514619,0.017301167,0.006485381,-0.999,-0.989029238,-0.01475731,-0.017301167,-0.01475731,0.989271929,0.006485381
1581249607.787701,b827ebfd7811,e78f135624ce,-73,17.809878693,8.444727255,1.842515163,0.017303072,0.006484837,-0.999,-0.989030327,-0.014757582,-0.017303072,-0.014757582,0.989272745,0.006484837
1581249607.7880125,000000000202,e78f135624ce,-77,17.809837144,8.444719465,1.842520357,0.017321249,0.006479643,-0.999,-0.989040714,-0.014760178,-0.017321249,-0.014760178,0.989280535,0.006479643
1581249607.7881472,000000000102,e78f135624ce,-72,17.809819183,8.444716097,1.842522602,0.017329107,0.006477398,-0.999,-0.989045204,-0.014761301,-0.017329107,-0.014761301,0.989283903,0.006477398
1581249607.789748,000000000402,e78f135624ce,-70,17.809605751,8.444676078,1.842549281,0.017422484,0.006450719,-0.999,-0.989098562,-0.014774641,-0.017422484,-0.014774641,0.989323922,0.006450719
1581249607.790051,000000000401,e78f135624ce,-62,17.809565347,8.444668502,1.842554332,0.017440161,0.006445668,-0.999,-0.989108663,-0.014777166,-0.017440161,-0.014777166,0.989331498,0.006445668
1581249608.2415133,b827ebf7d096,e78f135624ce,-77,17.735937522,8.431118053,1.851863422,0.016645841,0.001881947,-0.999372684,-0.996372684,-0.015372684,-0.016645841,-0.015372684,0.996372684,0.001254631
1581249608.2416623,b827eb4521b4,e78f135624ce,-74,17.735903995,8.431121778,1.851869631,0.016634665,0.001878222,-0.999373926,-0.996373926,-0.015373926,-0.016634665,-0.015373926,0.996373926,0.001252148
1581249608.2428155,b827eb917e19,e78f135624ce,-75,17.735644518,8.431150609,1.851917682,0.016548173,0.001849391,-0.999383536,-0.996383536,-0.015383536,-0.016548173,-0.015383536,0.996383536,0.001232927
1581249608.2436998,000000000301,e78f135624ce,-72,17.735445551,8.431172717,1.851954528,0.01648185,0.001827283,-0.999390906,-0.996390906,-0.015390906,-0.01648185,-0.015390906,0.996390906,0.001218189
1581249608.24412,000000000101,e78f135624ce,-87,17.73535103,8.431183219,1.851972031,0.016450343,0.001816781,-0.999394406,-0.996394406,-0.015394406,-0.016450343,-0.015394406,0.996394406,0.001211187
1581249608.2446232,000000000401,e78f135624ce,-65,17.735237787,8.431195801,1.851993002,0.016412596,0.001804199,-0.9993986,-0.9963986,-0.0153986,-0.016412596,-0.0153986,0.9963986,0.001202799
1581249608.245078,000000000201,e78f135624ce,-89,17.735135434,8.431207174,1.852011957,0.016378478,0.001792826,-0.999402391,-0.996402391,-0.015402391,-0.016378478,-0.015402391,0.996402391,0.001195217
1581249608.2456906,000000000302,e78f135624ce,-70,17.734997622,8.431222486,1.852037477,0.016332541,0.001777514,-0.999407495,-0.996407495,-0.015407495,-0.016332541,-0.015407495,0.996407495,0.001185009
1581249608.2460399,b827ebfd7811,e78f135624ce,-78,17.734919033,8.431231219,1.852052031,0.016306344,0.001768781,-0.999410406,-0.996410406,-0.015410406,-0.016306344,-0.015410406,0.996410406,0.001179188
1581249608.2471166,000000000202,e78f135624ce,-86,17.734676776,8.431258136,1.852096893,0.016225592,0.001741864,-0.999419379,-0.996419379,-0.015419379,-0.016225592,-0.015419379,0.996419379,0.001161243
1581249608.6937542,b827eb4521b4,e78f135624ce,-73,17.641584033,8.432186891,1.858883193,-0.007953277,0.001046723,-0.999,-0.998,-0.016976639,0.007953277,-0.016976639,0.998976639,0.001046723
1581249608.6943622,b827ebf7d096,e78f135624ce,-80,17.641467117,8.432149477,1.858906577,-0.007962631,0.001037369,-0.999,-0.998,-0.016981315,0.007962631,-0.016981315,0.998981315,0.001037369
1581249608.6950645,b827eb917e19,e78f135624ce,-79,17.641332043,8.432106254,1.858933591,-0.007973437,0.001026563,-0.999,-0.998,-0.016986718,0.007973437,-0.016986718,0.998986718,0.001026563
1581249608.6951332,000000000102,e78f135624ce,-75,17.641318839,8.432102028,1.858936232,-0.007974493,0.001025507,-0.999,-0.998,-0.016987246,0.007974493,-0.016987246,0.998987246,0.001025507
1581249608.696146,000000000101,e78f135624ce,-71,17.641124069,8.432039702,1.858975186,-0.007990074,0.001009926,-0.999,-0.998,-0.016995037,0.007990074,-0.016995037,0.998995037,0.001009926
1581249608.6966503,000000000401,e78f135624ce,-61,17.641027097,8.432008671,1.858994581,-0.007997832,0.001002168,-0.999,-0.998,-0.016998916,0.007997832,-0.016998916,0.998998916,0.001002168
1581249608.6971524,000000000201,e78f135624ce,-81,17.640921739,8.432,1.85900301,-0.00801505,0.001,-0.999,-0.99800301,-0.01699699,0.00801505,-0.01699699,0.999,0.001
1581249608.697679,000000000302,e78f135624ce,-69,17.640807628,8.432,1.859007399,-0.008036995,0.001,-0.999,-0.998007399,-0.016992601,0.008036995,-0.016992601,0.999,0.001
1581249608.6981106,000000000402,e78f135624ce,-73,17.640714128,8.432,1.859010995,-0.008054975,0.001,-0.999,-0.998010995,-0.016989005,0.008054975,-0.016989005,0.999,0.001
1581249608.699161,000000000202,e78f135624ce,-78,17.640486525,8.432,1.859019749,-0.008098745,0.001,-0.999,-0.998019749,-0.016980251,0.008098745,-0.016980251,0.999,0.001
1581249608.6999757,000000000201,e78f135624ce,-86,17.640310012,8.432,1.859026538,-0.00813269,0.001,-0.999,-0.998026538,-0.016973462,0.00813269,-0.016973462,0.999,0.001
1581249609.1528003,b827ebfd7811,e78f135624ce,-76,17.541798162,8.430722299,1.848030345,-0.023691954,0.009646437,-0.999,-0.999,-0.015,0.023691954,-0.015,0.999,0.010308046
1581249609.1531918,b827eb4521b4,e78f135624ce,-71,17.541719866,8.430689174,1.848012277,-0.023676897,0.009658482,-0.999,-0.999,-0.015,0.023676897,-0.015,0.999,0.010323103
1581249609.1537116,b827ebf7d096,e78f135624ce,-73,17.541615915,8.430645195,1.847988288,-0.023656907,0.009674475,-0.999,-0.999,-0.015,0.023656907,-0.015,0.999,0.010343093
1581249609.1540704,000000000202,e78f135624ce,-79,17.541544151,8.430614833,1.847971727,-0.023643106,0.009685515,-0.999,-0.999,-0.015,0.023643106,-0.015,0.999,0.010356894
1581249609.1551113,000000000101,e78f135624ce,-82,17.541335964,8.430526754,1.847923684,-0.02360307,0.009717544,-0.999,-0.999,-0.015,0.02360307,-0.015,0.999,0.01039693
1581249609.156745,000000000401,e78f135624ce,-61,17.541009236,8.430388523,1.847848285,-0.023540238,0.00976781,-0.999,-0.999,-0.015,0.023540238,-0.015,0.999,0.010459762
1581249609.1567595,000000000301,e78f135624ce,-76,17.541006327,8.430387292,1.847847614,-0.023539678,0.009768257,-0.999,-0.999,-0.015,0.023539678,-0.015,0.999,0.010460322
1581249609.1567624,000000000402,e78f135624ce,-74,17.541005755,8.43038705,1.847847482,-0.023539568,0.009768345,-0.999,-0.999,-0.015,0.023539568,-0.015,0.999,0.010460432
1581249609.1567717,000000000302,e78f135624ce,-60,17.541003895,8.430386263,1.847847053,-0.023539211,0.009768631,-0.999,-0.999,-0.015,0.023539211,-0.015,0.999,0.010460789
1581249609.1570437,b827eb917e19,e78f135624ce,-76,17.540949488,8.430363245,1.847834497,-0.023528748,0.009777002,-0.999,-0.999,-0.015,0.023528748,-0.015,0.999,0.010471252
1581249609.6121147,000000000101,e78f135624ce,-81,17.441283929,8.415972857,1.849394571,-0.016605429,0.011697286,-0.999,-0.886039717,-0.014908143,0.0204405,-0.0145595,0.886039717,0.009605429
1581249609.6127574,b827ebfd7811,e78f135624ce,-72,17.441160318,8.416071746,1.849414349,-0.016585651,0.011707175,-0.999,-0.884437721,-0.014878476,0.020475111,-0.014524889,0.884437721,0.009585651
1581249609.6129804,000000000201,e78f135624ce,-81,17.441117449,8.416106041,1.849421208,-0.016578792,0.011710604,-0.999,-0.883882133,-0.014868188,0.020487114,-0.014512886,0.883882133,0.009578792
1581249609.6136916,000000000302,e78f135624ce,-74,17.440980679,8.416215457,1.849443091,-0.016556909,0.011721546,-0.999,-0.882109599,-0.014835363,0.02052541,-0.01447459,0.882109599,0.009556909
1581249609.613706,b827ebf7d096,e78f135624ce,-71,17.440977882,8.416217694,1.849443539,-0.016556461,0.011721769,-0.999,-0.882073352,-0.014834692,0.020526193,-0.014473807,0.882073352,0.009556461
1581249609.6139958,000000000202,e78f135624ce,-76,17.440922175,8.41626226,1.849452452,-0.016547548,0.011726226,-0.999,-0.881351385,-0.014821322,0.020541791,-0.014458209,0.881351385,0.009547548
1581249609.6141582,000000000102,e78f135624ce,-72,17.440890951,8.416287239,1.849457448,-0.016542552,0.011728724,-0.999,-0.880946726,-0.014813828,0.020550534,-0.014449466,0.880946726,0.009542552
1581249609.615722,000000000301,e78f135624ce,-86,17.440590223,8.416527822,1.849505564,-0.016494436,0.011752782,-0.999,-0.87704929,-0.014741654,0.020634738,-0.014365262,0.87704929,0.009494436
1581249609.6167264,000000000402,e78f135624ce,-73,17.440397058,8.416682353,1.849536471,-0.016463529,0.011768235,-0.999,-0.874545875,-0.014695294,0.020688824,-0.014311176,0.874545875,0.009463529
1581249609.6195035,000000000401,e78f135624ce,-69,17.439863001,8.417109599,1.84962192,-0.01637808,0.01181096,-0.999,-0.867624495,-0.01456712,0.02083836,-0.01416164,0.867624495,0.00937808
1581249610.063171,b827eb4521b4,e78f135624ce,-78,17.332995542,8.469396641,1.83315084,-0.02084916,0.02,-0.999,-0.422503938,-0.006030168,0.03484916,-0.006030168,0.42347377,0.013969832
1581249610.064601,b827eb917e19,e78f135624ce,-87,17.332602282,8.469634981,1.833091255,-0.020908745,0.02,-0.999,-0.42151483,-0.006018251,0.034908745,-0.006018251,0.422496579,0.013981749
1581249610.0652084,000000000101,e78f135624ce,-78,17.332435222,8.469736229,1.833065943,-0.020934057,0.02,-0.999,-0.421094648,-0.006013189,0.034934057,-0.006013189,0.42208146,0.013986811
1581249610.0670211,000000000201,e78f135624ce,-78,17.331950446,8.470010619,1.833012389,-0.020992921,0.019992921,-0.999,-0.419895582,-0.006,0.035,-0.00599823,0.420893812,0.013992921
1581249610.0671406,b827ebf7d096,e78f135624ce,-74,17.331924718,8.470016132,1.83301882,-0.020989245,0.019989245,-0.999,-0.419841371,-0.006,0.035,-0.005997311,0.420838682,0.013989245
1581249610.0677187,b827ebfd7811,e78f135624ce,-73,17.331800191,8.470042816,1.833049952,-0.020971456,0.019971456,-0.999,-0.419578973,-0.006,0.035,-0.005992864,0.420571837,0.013971456
1581249610.0680096,000000000202,e78f135624ce,-77,17.331737542,8.470056241,1.833065615,-0.020962506,0.019962506,-0.999,-0.419446963,-0.006,0.035,-0.005990626,0.420437589,0.013962506
1581249610.0681555,000000000102,e78f135624ce,-78,17.331706115,8.470062975,1.833073471,-0.020958016,0.019958016,-0.999,-0.419380741,-0.006,0.035,-0.005989504,0.420370245,0.013958016
1581249610.068667,000000000302,e78f135624ce,-67,17.331595965,8.470086579,1.833101009,-0.020942281,0.019942281,-0.999,-0.419148641,-0.006,0.035,-0.00598557,0.420134211,0.013942281
1581249610.0697916,000000000402,e78f135624ce,-74,17.33135374,8.470138484,1.833161565,-0.020907677,0.019907677,-0.999,-0.418638237,-0.006,0.035,-0.005976919,0.419615156,0.013907677
1581249610.0717158,000000000401,e78f135624ce,-65,17.33093928,8.470227297,1.83326518,-0.020848469,0.019848469,-0.999,-0.417764912,-0.006,0.035,-0.005962117,0.418727029,0.013848469
1581249610.5160499,b827eb4521b4,e78f135624ce,-78,17.226108155,8.423342656,1.832885781,-0.003845687,0.018691375,-0.999,-0.71209838,-0.011154313,0.012114219,-0.010577156,0.71209838,0.015268531
1581249610.517408,b827eb917e19,e78f135624ce,-82,17.225757329,8.423172901,1.832942366,-0.003823054,0.018646107,-0.999,-0.713139539,-0.011176946,0.012057634,-0.010588473,0.713139539,0.01523458
1581249610.518172,000000000101,e78f135624ce,-78,17.225559929,8.423077385,1.832974205,-0.003810318,0.018620636,-0.999,-0.713725373,-0.011189682,0.012025795,-0.010594841,0.713725373,0.015215477
1581249610.5196881,000000000301,e78f135624ce,-79,17.225168268,8.422887872,1.833037376,-0.00378505,0.018570099,-0.999,-0.714887721,-0.01121495,0.011962624,-0.010607475,0.714887721,0.015177574
1581249610.5196884,000000000302,e78f135624ce,-74,17.225168206,8.422887842,1.833037386,-0.003785046,0.018570091,-0.999,-0.714887903,-0.011214954,0.011962614,-0.010607477,0.714887903,0.015177568
1581249610.5208657,b827ebfd7811,e78f135624ce,-73,17.224864068,8.422740678,1.833086441,-0.003765424,0.018530847,-0.999,-0.715790509,-0.011234576,0.011913559,-0.010617288,0.715790509,0.015148136
1581249610.5210218,000000000201,e78f135624ce,-80,17.224823725,8.422721157,1.833092948,-0.003762821,0.018525642,-0.999,-0.715910235,-0.011237179,0.011907052,-0.01061859,0.715910235,0.015144231
1581249610.522019,000000000202,e78f135624ce,-84,17.224566149,8.422596524,1.833134492,-0.003746203,0.018492406,-0.999,-0.716674654,-0.011253797,0.011865508,-0.010626898,0.716674654,0.015119305
1581249610.5237162,000000000402,e78f135624ce,-79,17.224127679,8.422384361,1.833205213,-0.003717915,0.01843583,-0.999,-0.71797592,-0.011282085,0.011794787,-0.010641043,0.71797592,0.015076872
1581249610.9687827,b827eb4521b4,e78f135624ce,-70,17.112219284,8.421900424,1.824115464,-0.007549788,0.018350637,-0.999,-0.695760584,-0.012183263,0.019816737,-0.011366525,0.695760584,0.016350637
1581249610.9700806,b827eb917e19,e78f135624ce,-77,17.111819082,8.421835527,1.824299341,-0.007582237,0.01825329,-0.999,-0.696690783,-0.012194079,0.019805921,-0.011388158,0.696690783,0.01625329
1581249610.9704616,b827ebf7d096,e78f135624ce,-79,17.111701609,8.421816477,1.824353315,-0.007591761,0.018224716,-0.999,-0.696963828,-0.012197254,0.019802746,-0.011394508,0.696963828,0.016224716
1581249610.971158,000000000102,e78f135624ce,-80,17.111486879,8.421781656,1.824451975,-0.007609172,0.018172484,-0.999,-0.69746293,-0.012203057,0.019796943,-0.011406115,0.69746293,0.016172484
1581249610.9721599,000000000101,e78f135624ce,-78,17.11117798,8.421731564,1.824593901,-0.007634218,0.018097346,-0.999,-0.698180912,-0.012211406,0.019788594,-0.011422812,0.698180912,0.016097346
1581249610.9726849,000000000301,e78f135624ce,-73,17.111016105,8.421705314,1.824668276,-0.007647343,0.018057972,-0.999,-0.698557161,-0.012215781,0.019784219,-0.011431562,0.698557161,0.016057972
1581249610.973007,000000000201,e78f135624ce,-85,17.11091679,8.421689209,1.824713907,-0.007655395,0.018033814,-0.999,-0.698788002,-0.012218465,0.019781535,-0.01143693,0.698788002,0.016033814
1581249610.9736822,000000000302,e78f135624ce,-68,17.110708603,8.421655449,1.824809561,-0.007672275,0.017983174,-0.999,-0.699271897,-0.012224092,0.019775908,-0.011448184,0.699271897,0.015983174
1581249610.973721,000000000401,e78f135624ce,-59,17.11069662,8.421653506,1.824815066,-0.007673247,0.017980259,-0.999,-0.699299748,-0.012224416,0.019775584,-0.011448831,0.699299748,0.015980259
1581249610.973782,b827ebfd7811,e78f135624ce,-74,17.110677801,8.421650454,1.824823713,-0.007674773,0.017975681,-0.999,-0.69934349,-0.012224924,0.019775076,-0.011449849,0.69934349,0.015975681
1581249610.9750197,000000000202,e78f135624ce,-81,17.110296198,8.421588573,1.824999044,-0.007705714,0.017882859,-0.999,-0.70023046,-0.012235238,0.019764762,-0.011470476,0.70023046,0.015882859
1581249611.4285874,b827eb4521b4,e78f135624ce,-79,16.985480916,8.461159828,1.822680343,-0.028859971,0.020299857,-0.998,-0.628540315,-0.01,0.050439886,-0.009,0.629540315,0.016299857
1581249611.4286191,b827ebf7d096,e78f135624ce,-75,16.98547311,8.461161292,1.822677416,-0.028860215,0.020301077,-0.998,-0.628537632,-0.01,0.050440861,-0.009,0.629537632,0.016301077
