1581251522.9723413,b827eb4521b4,e78f135624ce,-88,17.755321593,4.614392034,1.78703522,-0.00903522,-0.005,-1.002,0.997321593,0.021678407,-0.00903522,0.021678407,-1.002,0.000321593
1581251522.9745386,000000000101,e78f135624ce,-78,17.755339904,4.614300481,1.786980289,-0.008980289,-0.005,-1.002,0.997339904,0.021660096,-0.008980289,0.021660096,-1.002,0.000339904
1581251522.974932,b827eb917e19,e78f135624ce,-83,17.755343182,4.61428409,1.786970454,-0.008970454,-0.005,-1.002,0.997343182,0.021656818,-0.008970454,0.021656818,-1.002,0.000343182
1581251522.9755228,b827ebf7d096,e78f135624ce,-82,17.755348105,4.614259473,1.786955684,-0.008955684,-0.005,-1.002,0.997348105,0.021651895,-0.008955684,0.021651895,-1.002,0.000348105
1581251522.9762073,b827ebfd7811,e78f135624ce,-80,17.75535381,4.614230952,1.786938571,-0.008938571,-0.005,-1.002,0.99735381,0.02164619,-0.008938571,0.02164619,-1.002,0.00035381
1581251522.9770627,000000000201,e78f135624ce,-83,17.755360938,4.614195309,1.786917185,-0.008917185,-0.005,-1.002,0.997360938,0.021639062,-0.008917185,0.021639062,-1.002,0.000360938
1581251522.977791,000000000302,e78f135624ce,-85,17.755367008,4.61416496,1.786898976,-0.008898976,-0.005,-1.002,0.997367008,0.021632992,-0.008898976,0.021632992,-1.002,0.000367008
1581251522.977807,000000000301,e78f135624ce,-85,17.755367141,4.614164294,1.786898577,-0.008898577,-0.005,-1.002,0.997367141,0.021632859,-0.008898577,0.021632859,-1.002,0.000367141
1581251522.9780524,000000000202,e78f135624ce,-74,17.755369186,4.614154072,1.786892443,-0.008892443,-0.005,-1.002,0.997369186,0.021630814,-0.008892443,0.021630814,-1.002,0.000369186
1581251522.9786925,000000000402,e78f135624ce,-78,17.75537452,4.614127399,1.786876439,-0.008876439,-0.005,-1.002,0.99737452,0.02162548,-0.008876439,0.02162548,-1.002,0.00037452
1581251522.9793286,000000000401,e78f135624ce,-63,17.755379821,4.614100895,1.786860537,-0.008860537,-0.005,-1.002,0.997379821,0.021620179,-0.008860537,0.021620179,-1.002,0.000379821
1581251523.424727,b827eb4521b4,e78f135624ce,-83,17.786097682,4.547429318,1.794722364,0.009514136,0.001791773,-1.000069409,0.999,0.02,0.009514136,0.02,-1.000069409,-0.002791773
1581251523.4263213,000000000102,e78f135624ce,-77,17.786257112,4.547000083,1.794771419,0.009599983,0.001828564,-1.000057145,0.999,0.02,0.009599983,0.02,-1.000057145,-0.002828564
1581251523.4273205,000000000101,e78f135624ce,-73,17.786357033,4.546731064,1.794802164,0.009653787,0.001851623,-1.000049459,0.999,0.02,0.009653787,0.02,-1.000049459,-0.002851623
1581251523.4278827,b827ebf7d096,e78f135624ce,-81,17.786413252,4.546579705,1.794819462,0.009684059,0.001864597,-1.000045134,0.999,0.02,0.009684059,0.02,-1.000045134,-0.002864597
1581251523.4282916,b827eb917e19,e78f135624ce,-78,17.786454141,4.54646962,1.794832043,0.009706076,0.001874033,-1.000041989,0.999,0.02,0.009706076,0.02,-1.000041989,-0.002874033
1581251523.4284065,b827ebfd7811,e78f135624ce,-71,17.786465633,4.546438681,1.794835579,0.009712264,0.001876685,-1.000041105,0.999,0.02,0.009712264,0.02,-1.000041105,-0.002876685
1581251523.4297738,000000000302,e78f135624ce,-86,17.786602366,4.546070553,1.794877651,0.009785889,0.001908238,-1.000030587,0.999,0.02,0.009785889,0.02,-1.000030587,-0.002908238
1581251523.4300995,000000000201,e78f135624ce,-83,17.786634934,4.545982871,1.794887672,0.009803426,0.001915754,-1.000028082,0.999,0.02,0.009803426,0.02,-1.000028082,-0.002915754
1581251523.4302106,000000000202,e78f135624ce,-78,17.786646044,4.545952958,1.79489109,0.009809408,0.001918318,-1.000027227,0.999,0.02,0.009809408,0.02,-1.000027227,-0.002918318
1581251523.4303148,000000000101,e78f135624ce,-75,17.786656463,4.545924907,1.794894296,0.009815019,0.001920722,-1.000026426,0.999,0.02,0.009815019,0.02,-1.000026426,-0.002920722
1581251523.4307852,000000000301,e78f135624ce,-81,17.786703503,4.545798261,1.79490877,0.009840348,0.001931578,-1.000022807,0.999,0.02,0.009840348,0.02,-1.000022807,-0.002931578
1581251523.4310484,000000000402,e78f135624ce,-67,17.786729824,4.545727396,1.794916869,0.009854521,0.001937652,-1.000020783,0.999,0.02,0.009854521,0.02,-1.000020783,-0.002937652
1581251523.4313536,000000000401,e78f135624ce,-64,17.786760342,4.545645233,1.794926259,0.009870953,0.001944694,-1.000018435,0.999,0.02,0.009870953,0.02,-1.000018435,-0.002944694
1581251523.8816912,b827eb4521b4,e78f135624ce,-82,17.83299547,4.416414043,1.806997735,0.028798641,0.006199094,-1.0,0.999,0.018,0.028798641,0.018599547,-1.0,-0.006599547
1581251523.882312,000000000102,e78f135624ce,-77,17.833043227,4.416265996,1.807021614,0.028812968,0.006208645,-1.0,0.999,0.018,0.028812968,0.018604323,-1.0,-0.006604323
1581251523.8830523,000000000202,e78f135624ce,-74,17.833100172,4.416089466,1.807050086,0.028830052,0.006220034,-1.0,0.999,0.018,0.028830052,0.018610017,-1.0,-0.006610017
1581251523.884337,000000000101,e78f135624ce,-74,17.833198988,4.415783138,1.807099494,0.028859696,0.006239798,-1.0,0.999,0.018,0.028859696,0.018619899,-1.0,-0.006619899
1581251523.884444,b827eb917e19,e78f135624ce,-79,17.833207222,4.415757611,1.807103611,0.028862167,0.006241444,-1.0,0.999,0.018,0.028862167,0.018620722,-1.0,-0.006620722
1581251523.8848257,b827ebf7d096,e78f135624ce,-91,17.833236584,4.415666588,1.807118292,0.028870975,0.006247317,-1.0,0.999,0.018,0.028870975,0.018623658,-1.0,-0.006623658
1581251523.8855371,b827ebfd7811,e78f135624ce,-84,17.833291311,4.415496937,1.807145655,0.028887393,0.006258262,-1.0,0.999,0.018,0.028887393,0.018629131,-1.0,-0.006629131
1581251523.8860679,000000000201,e78f135624ce,-77,17.833332135,4.415370381,1.807166068,0.028899641,0.006266427,-1.0,0.999,0.018,0.028899641,0.018633214,-1.0,-0.006633214
1581251523.8868308,000000000302,e78f135624ce,-82,17.833390823,4.41518845,1.807195411,0.028917247,0.006278165,-1.0,0.999,0.018,0.028917247,0.018639082,-1.0,-0.006639082
1581251523.8879561,000000000402,e78f135624ce,-68,17.833477387,4.414920101,1.807238693,0.028943216,0.006295477,-1.0,0.999,0.018,0.028943216,0.018647739,-1.0,-0.006647739
1581251524.3355885,b827eb4521b4,e78f135624ce,-82,17.86459192,4.314996824,1.818454834,0.037454834,0.009,-0.999,0.999,0.016772583,0.037454834,0.016772583,-1.0,-0.008
1581251524.3373432,000000000102,e78f135624ce,-78,17.864679658,4.314721076,1.818479902,0.037479902,0.009,-0.999,0.999,0.016760049,0.037479902,0.016760049,-1.0,-0.008
1581251524.3380558,000000000202,e78f135624ce,-74,17.864715289,4.314609091,1.818490083,0.037490083,0.009,-0.999,0.999,0.016754959,0.037490083,0.016754959,-1.0,-0.008
1581251524.338872,b827ebf7d096,e78f135624ce,-81,17.864756095,4.314480846,1.818501741,0.037501741,0.009,-0.999,0.999,0.016749129,0.037501741,0.016749129,-1.0,-0.008
1581251524.3393586,000000000401,e78f135624ce,-78,17.864780425,4.314404378,1.818508693,0.037508693,0.009,-0.999,0.999,0.016745654,0.037508693,0.016745654,-1.0,-0.008
1581251524.3407595,000000000302,e78f135624ce,-88,17.864850472,4.314184229,1.818528706,0.037528706,0.009,-0.999,0.999,0.016735647,0.037528706,0.016735647,-1.0,-0.008
1581251524.341949,b827ebfd7811,e78f135624ce,-79,17.864909946,4.313997313,1.818545699,0.037545699,0.009,-0.999,0.999,0.016727151,0.037545699,0.016727151,-1.0,-0.008
1581251524.3444073,000000000402,e78f135624ce,-69,17.865032863,4.313611003,1.818580818,0.037580818,0.009,-0.999,0.999,0.016709591,0.037580818,0.016709591,-1.0,-0.008
1581251524.7874014,b827eb917e19,e78f135624ce,-85,17.884959634,4.246675228,1.827445871,0.040851376,0.009297248,-0.999,0.999,0.015,0.041702752,0.016,-1.0,-0.009297248
1581251524.7900677,000000000202,e78f135624ce,-76,17.885129303,4.246238935,1.827373156,0.040875615,0.009248771,-0.999,0.999,0.015,0.041751229,0.016,-1.0,-0.009248771
1581251524.790314,000000000102,e78f135624ce,-74,17.885144976,4.246198633,1.827366439,0.040877854,0.009244293,-0.999,0.999,0.015,0.041755707,0.016,-1.0,-0.009244293
1581251524.7906368,b827ebf7d096,e78f135624ce,-81,17.885165519,4.246145808,1.827357635,0.040880788,0.009238423,-0.999,0.999,0.015,0.041761577,0.016,-1.0,-0.009238423
1581251524.790712,000000000301,e78f135624ce,-82,17.885170313,4.24613348,1.82735558,0.040881473,0.009237053,-0.999,0.999,0.015,0.041762947,0.016,-1.0,-0.009237053
1581251524.791362,000000000401,e78f135624ce,-73,17.885211673,4.246027128,1.827337855,0.040887382,0.009225236,-0.999,0.999,0.015,0.041774764,0.016,-1.0,-0.009225236
1581251524.7914324,b827ebfd7811,e78f135624ce,-78,17.885216148,4.246015619,1.827335936,0.040888021,0.009223958,-0.999,0.999,0.015,0.041776042,0.016,-1.0,-0.009223958
1581251525.2428482,b827eb4521b4,e78f135624ce,-76,17.902678076,4.202090194,1.825214616,0.043446346,0.007553654,-0.999,0.999,0.015446346,0.043446346,0.016,-1.0,-0.006553654
1581251525.2453349,000000000101,e78f135624ce,-80,17.902813715,4.201841523,1.82512419,0.043468952,0.007531048,-0.999,0.999,0.015468952,0.043468952,0.016,-1.0,-0.006531048
1581251525.2453701,b827eb917e19,e78f135624ce,-85,17.902815639,4.201837994,1.825122907,0.043469273,0.007530727,-0.999,0.999,0.015469273,0.043469273,0.016,-1.0,-0.006530727
1581251525.2460248,b827ebf7d096,e78f135624ce,-85,17.90285135,4.201772525,1.8250991,0.043475225,0.007524775,-0.999,0.999,0.015475225,0.043475225,0.016,-1.0,-0.006524775
1581251525.2466974,b827ebfd7811,e78f135624ce,-71,17.902888036,4.201705267,1.825074642,0.043481339,0.007518661,-0.999,0.999,0.015481339,0.043481339,0.016,-1.0,-0.006518661
1581251525.248053,000000000201,e78f135624ce,-83,17.902961981,4.201569702,1.825025346,0.043493663,0.007506337,-0.999,0.999,0.015493663,0.043493663,0.016,-1.0,-0.006506337
1581251525.2488003,000000000302,e78f135624ce,-77,17.903002737,4.201494981,1.824998175,0.043500456,0.007499544,-0.999,0.999,0.015500456,0.043500456,0.016,-1.0,-0.006499544
1581251525.2488053,000000000301,e78f135624ce,-79,17.903003011,4.201494481,1.824997993,0.043500502,0.007499498,-0.999,0.999,0.015500502,0.043500502,0.016,-1.0,-0.006499498
1581251525.2493458,000000000402,e78f135624ce,-66,17.903032492,4.201440431,1.824978339,0.043505415,0.007494585,-0.999,0.999,0.015505415,0.043505415,0.016,-1.0,-0.006494585
1581251525.2503426,000000000401,e78f135624ce,-64,17.903086865,4.201340748,1.82494209,0.043514477,0.007485523,-0.999,0.999,0.015514477,0.043514477,0.016,-1.0,-0.006485523
1581251525.7014415,b827eb4521b4,e78f135624ce,-79,17.908069922,4.178650391,1.830139843,0.043,0.009,-0.999,0.999,0.015,0.043,0.015930078,-1.0,-0.009
1581251525.702317,000000000102,e78f135624ce,-77,17.908077881,4.178610597,1.830155761,0.043,0.009,-0.999,0.999,0.015,0.043,0.015922119,-1.0,-0.009
1581251525.703316,000000000101,e78f135624ce,-73,17.908086962,4.178565189,1.830173924,0.043,0.009,-0.999,0.999,0.015,0.043,0.015913038,-1.0,-0.009
1581251525.7039533,b827eb917e19,e78f135624ce,-90,17.908092756,4.178536221,1.830185512,0.043,0.009,-0.999,0.999,0.015,0.043,0.015907244,-1.0,-0.009
1581251525.7045228,b827ebf7d096,e78f135624ce,-80,17.908097934,4.178510331,1.830195868,0.043,0.009,-0.999,0.999,0.015,0.043,0.015902066,-1.0,-0.009
1581251525.7053416,b827ebfd7811,e78f135624ce,-71,17.908105377,4.178473116,1.830210754,0.043,0.009,-0.999,0.999,0.015,0.043,0.015894623,-1.0,-0.009
1581251525.7060845,000000000201,e78f135624ce,-83,17.908112131,4.178439347,1.830224261,0.043,0.009,-0.999,0.999,0.015,0.043,0.015887869,-1.0,-0.009
1581251525.7067726,000000000301,e78f135624ce,-80,17.908118386,4.178408071,1.830236772,0.043,0.009,-0.999,0.999,0.015,0.043,0.015881614,-1.0,-0.009
1581251525.707046,000000000202,e78f135624ce,-78,17.908120872,4.178395641,1.830241744,0.043,0.009,-0.999,0.999,0.015,0.043,0.015879128,-1.0,-0.009
1581251525.7073543,000000000402,e78f135624ce,-68,17.908123674,4.178381628,1.830247349,0.043,0.009,-0.999,0.999,0.015,0.043,0.015876326,-1.0,-0.009
1581251525.7083566,000000000401,e78f135624ce,-63,17.908132786,4.178336069,1.830265573,0.043,0.009,-0.999,0.999,0.015,0.043,0.015867214,-1.0,-0.009
1581251526.1623232,b827eb4521b4,e78f135624ce,-84,17.909,4.166224478,1.836775522,0.042224478,0.010775522,-0.999,0.999,0.015,0.042224478,0.015,-1.0,-0.01
1581251526.1634126,000000000102,e78f135624ce,-75,17.909,4.166216697,1.836783303,0.042216697,0.010783303,-0.999,0.999,0.015,0.042216697,0.015,-1.0,-0.01
1581251526.164766,b827eb917e19,e78f135624ce,-79,17.909,4.166207029,1.836792971,0.042207029,0.010792971,-0.999,0.999,0.015,0.042207029,0.015,-1.0,-0.01
1581251526.1650667,000000000202,e78f135624ce,-75,17.909,4.166204881,1.836795119,0.042204881,0.010795119,-0.999,0.999,0.015,0.042204881,0.015,-1.0,-0.01
1581251526.1651676,000000000101,e78f135624ce,-73,17.909,4.166204161,1.836795839,0.042204161,0.010795839,-0.999,0.999,0.015,0.042204161,0.015,-1.0,-0.01
1581251526.1654074,b827ebf7d096,e78f135624ce,-79,17.909,4.166202448,1.836797552,0.042202448,0.010797552,-0.999,0.999,0.015,0.042202448,0.015,-1.0,-0.01
1581251526.1659198,b827ebfd7811,e78f135624ce,-78,17.909,4.166198788,1.836801212,0.042198788,0.010801212,-0.999,0.999,0.015,0.042198788,0.015,-1.0,-0.01
1581251526.1663232,000000000401,e78f135624ce,-77,17.909,4.166195907,1.836804093,0.042195907,0.010804093,-0.999,0.999,0.015,0.042195907,0.015,-1.0,-0.01
1581251526.167081,000000000201,e78f135624ce,-79,17.909,4.166190493,1.836809507,0.042190493,0.010809507,-0.999,0.999,0.015,0.042190493,0.015,-1.0,-0.01
1581251526.1677756,000000000302,e78f135624ce,-89,17.909,4.166185532,1.836814468,0.042185532,0.010814468,-0.999,0.999,0.015,0.042185532,0.015,-1.0,-0.01
1581251526.1678612,000000000301,e78f135624ce,-84,17.909,4.166184921,1.836815079,0.042184921,0.010815079,-0.999,0.999,0.015,0.042184921,0.015,-1.0,-0.01
1581251526.1687808,000000000402,e78f135624ce,-69,17.909,4.166178352,1.836821648,0.042178352,0.010821648,-0.999,0.999,0.015,0.042178352,0.015,-1.0,-0.01
1581251526.6192904,b827eb917e19,e78f135624ce,-86,17.915936289,4.168531855,1.838063711,0.039,0.009531855,-0.999,0.999,0.014468145,0.039,0.015,-1.0,-0.009
1581251526.619317,000000000101,e78f135624ce,-80,17.915936671,4.168531665,1.838063329,0.039,0.009531665,-0.999,0.999,0.014468335,0.039,0.015,-1.0,-0.009
1581251526.6213148,000000000102,e78f135624ce,-74,17.91596521,4.168517395,1.83803479,0.039,0.009517395,-0.999,0.999,0.014482605,0.039,0.015,-1.0,-0.009
1581251526.6220567,000000000202,e78f135624ce,-76,17.915975809,4.168512095,1.838024191,0.039,0.009512095,-0.999,0.999,0.014487905,0.039,0.015,-1.0,-0.009
1581251526.623338,000000000401,e78f135624ce,-73,17.915994113,4.168502944,1.838005887,0.039,0.009502944,-0.999,0.999,0.014497056,0.039,0.015,-1.0,-0.009
1581251526.625044,000000000202,e78f135624ce,-77,17.916018486,4.168490757,1.837981514,0.039,0.009490757,-0.999,0.999,0.014509243,0.039,0.015,-1.0,-0.009
1581251527.0692968,000000000101,e78f135624ce,-72,17.917888952,4.170444758,1.842111048,0.036111048,0.01,-0.999,0.999,0.014111048,0.036111048,0.014111048,-1.0,-0.01
1581251527.0696328,b827eb917e19,e78f135624ce,-81,17.917886552,4.17043276,1.842113448,0.036113448,0.01,-0.999,0.999,0.014113448,0.036113448,0.014113448,-1.0,-0.01
1581251527.072081,000000000201,e78f135624ce,-83,17.917869064,4.17034532,1.842130936,0.036130936,0.01,-0.999,0.999,0.014130936,0.036130936,0.014130936,-1.0,-0.01
1581251527.0720968,000000000202,e78f135624ce,-77,17.917868952,4.170344758,1.842131048,0.036131048,0.01,-0.999,0.999,0.014131048,0.036131048,0.014131048,-1.0,-0.01
1581251527.0723097,000000000102,e78f135624ce,-71,17.917867431,4.170337154,1.842132569,0.036132569,0.01,-0.999,0.999,0.014132569,0.036132569,0.014132569,-1.0,-0.01
1581251527.0727532,000000000301,e78f135624ce,-77,17.917864263,4.170321316,1.842135737,0.036135737,0.01,-0.999,0.999,0.014135737,0.036135737,0.014135737,-1.0,-0.01
1581251527.073323,000000000402,e78f135624ce,-70,17.917860193,4.170300966,1.842139807,0.036139807,0.01,-0.999,0.999,0.014139807,0.036139807,0.014139807,-1.0,-0.01
1581251527.0733662,000000000401,e78f135624ce,-72,17.917859885,4.170299425,1.842140115,0.036140115,0.01,-0.999,0.999,0.014140115,0.036140115,0.014140115,-1.0,-0.01
1581251527.522276,b827eb4521b4,e78f135624ce,-82,17.908858386,4.163858386,1.842286129,0.035,0.009,-0.999,0.999,0.013713871,0.035,0.014,-1.0,-0.008286129
1581251527.5242856,000000000101,e78f135624ce,-77,17.908803578,4.163803578,1.842267859,0.035,0.009,-0.999,0.999,0.013732141,0.035,0.014,-1.0,-0.008267859
1581251527.524877,b827eb917e19,e78f135624ce,-84,17.908787445,4.163787445,1.842262482,0.035,0.009,-0.999,0.999,0.013737518,0.035,0.014,-1.0,-0.008262482
1581251527.525347,b827ebf7d096,e78f135624ce,-77,17.908774629,4.163774629,1.84225821,0.035,0.009,-0.999,0.999,0.01374179,0.035,0.014,-1.0,-0.00825821
1581251527.526075,b827ebfd7811,e78f135624ce,-82,17.908754778,4.163754778,1.842251593,0.035,0.009,-0.999,0.999,0.013748407,0.035,0.014,-1.0,-0.008251593
1581251527.5270898,000000000201,e78f135624ce,-81,17.908727097,4.163727097,1.842242366,0.035,0.009,-0.999,0.999,0.013757634,0.035,0.014,-1.0,-0.008242366
1581251527.5277903,000000000301,e78f135624ce,-77,17.908707993,4.163707993,1.842235998,0.035,0.009,-0.999,0.999,0.013764002,0.035,0.014,-1.0,-0.008235998
1581251527.5283852,000000000402,e78f135624ce,-72,17.90869177,4.16369177,1.84223059,0.035,0.009,-0.999,0.999,0.01376941,0.035,0.014,-1.0,-0.00823059
1581251527.5290682,000000000202,e78f135624ce,-83,17.908673141,4.163673141,1.84222438,0.035,0.009,-0.999,0.999,0.01377562,0.035,0.014,-1.0,-0.00822438
1581251527.5303054,000000000302,e78f135624ce,-83,17.9086394,4.1636394,1.842213133,0.035,0.009,-0.999,0.999,0.013786867,0.035,0.014,-1.0,-0.008213133
1581251527.5304127,000000000401,e78f135624ce,-69,17.908636474,4.163636474,1.842212158,0.035,0.009,-0.999,0.999,0.013787842,0.035,0.014,-1.0,-0.008212158
1581251527.9782796,b827eb4521b4,e78f135624ce,-77,17.874108324,4.168301965,1.840287746,0.048287746,0.009,-0.999,0.999,0.014712254,0.048287746,0.014712254,-1.0,-0.008
1581251527.9793012,000000000102,e78f135624ce,-78,17.873963593,4.168370074,1.840296259,0.048296259,0.009,-0.999,0.999,0.014703741,0.048296259,0.014703741,-1.0,-0.008
1581251527.9803593,b827ebf7d096,e78f135624ce,-75,17.873813696,4.168440614,1.840305077,0.048305077,0.009,-0.999,0.999,0.014694923,0.048305077,0.014694923,-1.0,-0.008
1581251527.9807694,b827eb917e19,e78f135624ce,-75,17.873755601,4.168467953,1.840308494,0.048308494,0.009,-0.999,0.999,0.014691506,0.048308494,0.014691506,-1.0,-0.008
1581251527.9808843,b827ebfd7811,e78f135624ce,-76,17.873739321,4.168475614,1.840309452,0.048309452,0.009,-0.999,0.999,0.014690548,0.048309452,0.014690548,-1.0,-0.008
1581251527.982172,000000000101,e78f135624ce,-74,17.873556897,4.16856146,1.840320183,0.048320183,0.009,-0.999,0.999,0.014679817,0.048320183,0.014679817,-1.0,-0.008
1581251527.983761,000000000301,e78f135624ce,-70,17.87333178,4.168667398,1.840333425,0.048333425,0.009,-0.999,0.999,0.014666575,0.048333425,0.014666575,-1.0,-0.008
1581251527.983781,000000000302,e78f135624ce,-76,17.873328942,4.168668733,1.840333592,0.048333592,0.009,-0.999,0.999,0.014666408,0.048333592,0.014666408,-1.0,-0.008
1581251527.9843266,000000000402,e78f135624ce,-68,17.873251663,4.1687051,1.840338137,0.048338137,0.009,-0.999,0.999,0.014661863,0.048338137,0.014661863,-1.0,-0.008
1581251527.9843466,000000000401,e78f135624ce,-70,17.873248826,4.168706435,1.840338304,0.048338304,0.009,-0.999,0.999,0.014661696,0.048338304,0.014661696,-1.0,-0.008
1581251527.9850714,000000000202,e78f135624ce,-79,17.873146147,4.168754754,1.840344344,0.048344344,0.009,-0.999,0.999,0.014655656,0.048344344,0.014655656,-1.0,-0.008
1581251528.439328,b827eb4521b4,e78f135624ce,-81,17.824612302,4.17210205,1.825136067,0.069591798,0.004034017,-0.997034017,0.997034017,0.016,0.069591798,0.016,-1.0,-0.002068034
1581251528.4402962,000000000102,e78f135624ce,-83,17.824478242,4.172079707,1.825106276,0.069681172,0.004026569,-0.997026569,0.997026569,0.016,0.069681172,0.016,-1.0,-0.002053138
1581251528.4407423,b827ebf7d096,e78f135624ce,-77,17.824416477,4.172069413,1.82509255,0.069722349,0.004023138,-0.997023138,0.997023138,0.016,0.069722349,0.016,-1.0,-0.002046275
1581251528.4412909,000000000101,e78f135624ce,-72,17.824340516,4.172056753,1.82507567,0.069772989,0.004018918,-0.997018918,0.997018918,0.016,0.069772989,0.016,-1.0,-0.002037835
1581251528.4415066,b827ebfd7811,e78f135624ce,-69,17.824310641,4.172051773,1.825069031,0.069792906,0.004017258,-0.997017258,0.997017258,0.016,0.069792906,0.016,-1.0,-0.002034516
1581251528.441924,b827eb917e19,e78f135624ce,-87,17.824252837,4.17204214,1.825056186,0.069831442,0.004014047,-0.997014047,0.997014047,0.016,0.069831442,0.016,-1.0,-0.002028093
1581251528.4440768,000000000201,e78f135624ce,-78,17.823967337,4.172070771,1.824926507,0.069970059,0.003967337,-0.997,0.997002722,0.016,0.069970059,0.016,-0.999997278,-0.001970059
1581251528.4447436,000000000301,e78f135624ce,-85,17.823900651,4.172215256,1.824776464,0.06990893,0.003900651,-0.997,0.997008279,0.016,0.06990893,0.016,-0.999991721,-0.00190893
1581251528.4447575,000000000302,e78f135624ce,-80,17.823899268,4.172218253,1.824773353,0.069907662,0.003899268,-0.997,0.997008394,0.016,0.069907662,0.016,-0.999991606,-0.001907662
1581251528.445372,000000000401,e78f135624ce,-69,17.823837804,4.172351425,1.824635058,0.06985132,0.003837804,-0.997,0.997013516,0.016,0.06985132,0.016,-0.999986484,-0.00185132
1581251528.445384,000000000402,e78f135624ce,-70,17.823836612,4.172354008,1.824632376,0.069850227,0.003836612,-0.997,0.997013616,0.016,0.069850227,0.016,-0.999986384,-0.001850227
1581251528.894772,b827eb4521b4,e78f135624ce,-86,17.732563152,4.186869737,1.813116229,0.042637279,0.001246492,-0.998623246,0.998623246,0.014376754,0.042260525,0.014376754,-0.999623246,-0.000246492
1581251528.8963778,000000000102,e78f135624ce,-73,17.732118483,4.186906793,1.813177988,0.042550816,0.001271195,-0.998635598,0.998635598,0.014364402,0.042186414,0.014364402,-0.999635598,-0.000271195
1581251528.8970568,000000000202,e78f135624ce,-79,17.731930448,4.186922463,1.813204104,0.042514254,0.001281642,-0.998640821,0.998640821,0.014359179,0.042155075,0.014359179,-0.999640821,-0.000281642
1581251528.8979135,b827ebf7d096,e78f135624ce,-78,17.731693225,4.186942231,1.813237052,0.042468127,0.001294821,-0.99864741,0.99864741,0.01435259,0.042115538,0.01435259,-0.99964741,-0.000294821
1581251528.89833,000000000401,e78f135624ce,-63,17.731577882,4.186951843,1.813253072,0.042445699,0.001301229,-0.998650614,0.998650614,0.014349386,0.042096314,0.014349386,-0.999650614,-0.000301229
1581251528.8984795,b827ebfd7811,e78f135624ce,-68,17.731536485,4.186955293,1.813258821,0.04243765,0.001303529,-0.998651764,0.998651764,0.014348236,0.042089414,0.014348236,-0.999651764,-0.000303529
1581251528.8997312,000000000302,e78f135624ce,-85,17.731189862,4.186984178,1.813306964,0.042370251,0.001322785,-0.998661393,0.998661393,0.014338607,0.042031644,0.014338607,-0.999661393,-0.000322785
1581251528.9000785,000000000201,e78f135624ce,-80,17.731093665,4.186992195,1.813320324,0.042351546,0.00132813,-0.998664065,0.998664065,0.014335935,0.042015611,0.014335935,-0.999664065,-0.00032813
1581251528.9013622,000000000402,e78f135624ce,-66,17.730738195,4.187021817,1.813369695,0.042282427,0.001347878,-0.998673939,0.998673939,0.014326061,0.041956366,0.014326061,-0.999673939,-0.000347878
1581251529.349725,b827eb4521b4,e78f135624ce,-79,17.598207516,4.187830191,1.82727673,0.028893079,0.006,-0.999,0.999,0.013,0.028893079,0.013,-1.0,-0.006
1581251529.3523233,000000000101,e78f135624ce,-75,17.597428031,4.187890151,1.827296717,0.028813131,0.006,-0.999,0.999,0.013,0.028813131,0.013,-1.0,-0.006
1581251529.3526077,b827eb917e19,e78f135624ce,-86,17.597342701,4.187896715,1.827298905,0.02880438,0.006,-0.999,0.999,0.013,0.02880438,0.013,-1.0,-0.006
1581251529.354299,000000000102,e78f135624ce,-80,17.596835299,4.187935746,1.827311915,0.028752338,0.006,-0.999,0.999,0.013,0.028752338,0.013,-1.0,-0.006
1581251529.3550832,000000000201,e78f135624ce,-83,17.596600051,4.187953842,1.827317947,0.02872821,0.006,-0.999,0.999,0.013,0.02872821,0.013,-1.0,-0.006
1581251529.355739,000000000301,e78f135624ce,-78,17.596403285,4.187968978,1.827322993,0.028708029,0.006,-0.999,0.999,0.013,0.028708029,0.013,-1.0,-0.006
1581251529.3557446,000000000302,e78f135624ce,-78,17.59640164,4.187969105,1.827323035,0.02870786,0.006,-0.999,0.999,0.013,0.02870786,0.013,-1.0,-0.006
1581251529.356325,000000000402,e78f135624ce,-68,17.596227546,4.187982496,1.827327499,0.028690005,0.006,-0.999,0.999,0.013,0.028690005,0.013,-1.0,-0.006
1581251529.3573267,000000000401,e78f135624ce,-66,17.595926996,4.188005616,1.827335205,0.028659179,0.006,-0.999,0.999,0.013,0.028659179,0.013,-1.0,-0.006
1581251529.8034089,b827eb4521b4,e78f135624ce,-83,17.447705589,4.186344706,1.833913824,0.024913824,0.007,-1.0,0.999086176,0.013913824,0.024913824,0.013913824,-1.0,-0.007
1581251529.8053775,000000000101,e78f135624ce,-82,17.447000165,4.186279085,1.833930229,0.024930229,0.007,-1.0,0.999069771,0.013930229,0.024930229,0.013930229,-1.0,-0.007
1581251529.8065894,b827ebf7d096,e78f135624ce,-79,17.446565907,4.186238689,1.833940328,0.024940328,0.007,-1.0,0.999059672,0.013940328,0.024940328,0.013940328,-1.0,-0.007
1581251529.8071237,b827ebfd7811,e78f135624ce,-70,17.446374451,4.186220879,1.83394478,0.02494478,0.007,-1.0,0.99905522,0.01394478,0.02494478,0.01394478,-1.0,-0.007
1581251529.8074744,b827eb917e19,e78f135624ce,-79,17.446248778,4.186209189,1.833947703,0.024947703,0.007,-1.0,0.999052297,0.013947703,0.024947703,0.013947703,-1.0,-0.007
1581251529.8080487,000000000201,e78f135624ce,-80,17.446042969,4.186190044,1.833952489,0.024952489,0.007,-1.0,0.999047511,0.013952489,0.024952489,0.013952489,-1.0,-0.007
1581251529.8087454,000000000301,e78f135624ce,-74,17.445793333,4.186166822,1.833958295,0.024958295,0.007,-1.0,0.999041705,0.013958295,0.024958295,0.013958295,-1.0,-0.007
1581251529.8087523,000000000302,e78f135624ce,-72,17.445790855,4.186166591,1.833958352,0.024958352,0.007,-1.0,0.999041648,0.013958352,0.024958352,0.013958352,-1.0,-0.007
1581251529.8093476,000000000402,e78f135624ce,-74,17.445577528,4.186146747,1.833963313,0.024963313,0.007,-1.0,0.999036687,0.013963313,0.024963313,0.013963313,-1.0,-0.007
1581251529.8100963,000000000202,e78f135624ce,-82,17.445309267,4.186121792,1.833969552,0.024969552,0.007,-1.0,0.999030448,0.013969552,0.024969552,0.013969552,-1.0,-0.007
1581251529.811366,000000000401,e78f135624ce,-68,17.444854249,4.186079465,1.833980134,0.024980134,0.007,-1.0,0.999019866,0.013980134,0.024980134,0.013980134,-1.0,-0.007
1581251529.8117251,000000000301,e78f135624ce,-85,17.444725586,4.186067496,1.833983126,0.024983126,0.007,-1.0,0.999016874,0.013983126,0.024983126,0.013983126,-1.0,-0.007
1581251530.2627842,b827eb4521b4,e78f135624ce,-74,17.275085195,4.171,1.834575285,0.026849431,0.006575285,-1.0,0.999575285,0.013424715,0.027274146,0.013849431,-1.0,-0.006575285
1581251530.2643807,000000000102,e78f135624ce,-74,17.274393399,4.171,1.834588588,0.026822823,0.006588588,-1.0,0.999588588,0.013411412,0.027234235,0.013822823,-1.0,-0.006588588
1581251530.2652884,000000000101,e78f135624ce,-78,17.274000079,4.171,1.834596152,0.026807695,0.006596152,-1.0,0.999596152,0.013403848,0.027211543,0.013807695,-1.0,-0.006596152
1581251530.2654183,b827eb917e19,e78f135624ce,-76,17.273943773,4.171,1.834597235,0.02680553,0.006597235,-1.0,0.999597235,0.013402765,0.027208295,0.01380553,-1.0,-0.006597235
1581251530.266054,b827ebf7d096,e78f135624ce,-81,17.273668336,4.171,1.834602532,0.026794936,0.006602532,-1.0,0.999602532,0.013397468,0.027192404,0.013794936,-1.0,-0.006602532
1581251530.2667155,b827ebfd7811,e78f135624ce,-71,17.273381637,4.171,1.834608045,0.026783909,0.006608045,-1.0,0.999608045,0.013391955,0.027175864,0.013783909,-1.0,-0.006608045
1581251530.2680795,000000000201,e78f135624ce,-81,17.272790573,4.171,1.834619412,0.026761176,0.006619412,-1.0,0.999619412,0.013380588,0.027141764,0.013761176,-1.0,-0.006619412
1581251530.2687998,000000000301,e78f135624ce,-77,17.272478459,4.171,1.834625414,0.026749171,0.006625414,-1.0,0.999625414,0.013374586,0.027123757,0.013749171,-1.0,-0.006625414
1581251530.2688227,000000000302,e78f135624ce,-76,17.272468541,4.171,1.834625605,0.02674879,0.006625605,-1.0,0.999625605,0.013374395,0.027123185,0.01374879,-1.0,-0.006625605
1581251530.269051,000000000202,e78f135624ce,-91,17.272369565,4.171,1.834627508,0.026744983,0.006627508,-1.0,0.999627508,0.013372492,0.027117475,0.013744983,-1.0,-0.006627508
1581251530.2693138,000000000402,e78f135624ce,-73,17.272255712,4.171,1.834629698,0.026740604,0.006629698,-1.0,0.999629698,0.013370302,0.027110906,0.013740604,-1.0,-0.006629698
1581251530.2703214,000000000401,e78f135624ce,-68,17.271819104,4.171,1.834638094,0.026723812,0.006638094,-1.0,0.999638094,0.013361906,0.027085718,0.013723812,-1.0,-0.006638094
1581251530.7156355,b827eb4521b4,e78f135624ce,-81,17.092881077,4.167182378,1.836182378,0.020452865,0.01,-1.0,1.0,0.013635243,0.021270486,0.013635243,-1.0,-0.009182378
1581251530.7162569,000000000102,e78f135624ce,-75,17.092622194,4.167187556,1.836187556,0.020437332,0.01,-1.0,1.0,0.013624888,0.021249775,0.013624888,-1.0,-0.009187556
1581251530.7189493,b827ebf7d096,e78f135624ce,-76,17.091500334,4.167209993,1.836209993,0.02037002,0.01,-1.0,1.0,0.013580013,0.021160027,0.013580013,-1.0,-0.009209993
1581251530.71928,000000000102,e78f135624ce,-70,17.091362548,4.167212749,1.836212749,0.020361753,0.01,-1.0,1.0,0.013574502,0.021149004,0.013574502,-1.0,-0.009212749
1581251530.7196312,b827ebfd7811,e78f135624ce,-71,17.091216218,4.167215676,1.836215676,0.020352973,0.01,-1.0,1.0,0.013568649,0.021137297,0.013568649,-1.0,-0.009215676
1581251530.7198327,b827eb917e19,e78f135624ce,-84,17.091132275,4.167217355,1.836217355,0.020347936,0.01,-1.0,1.0,0.013565291,0.021130582,0.013565291,-1.0,-0.009217355
1581251530.721729,000000000302,e78f135624ce,-74,17.090342115,4.167233158,1.836233158,0.020300527,0.01,-1.0,1.0,0.013533685,0.021067369,0.013533685,-1.0,-0.009233158
1581251530.7220922,000000000201,e78f135624ce,-86,17.090190818,4.167236184,1.836236184,0.020291449,0.01,-1.0,1.0,0.013527633,0.021055265,0.013527633,-1.0,-0.009236184
1581251530.722207,000000000202,e78f135624ce,-82,17.090142936,4.167237141,1.836237141,0.020288576,0.01,-1.0,1.0,0.013525717,0.021051435,0.013525717,-1.0,-0.009237141
1581251530.7223582,000000000402,e78f135624ce,-78,17.090079954,4.167238401,1.836238401,0.020284797,0.01,-1.0,1.0,0.013523198,0.021046396,0.013523198,-1.0,-0.009238401
1581251530.7227013,000000000301,e78f135624ce,-75,17.089937002,4.16724126,1.83624126,0.02027622,0.01,-1.0,1.0,0.01351748,0.02103496,0.01351748,-1.0,-0.00924126
1581251530.7233162,000000000401,e78f135624ce,-59,17.089680801,4.167246384,1.836246384,0.020260848,0.01,-1.0,1.0,0.013507232,0.021014464,0.013507232,-1.0,-0.009246384
1581251531.164974,b827eb4521b4,e78f135624ce,-74,16.897395877,4.15832813,1.83744271,0.018778645,0.012221355,-1.0,1.0,0.013778645,0.01955729,0.013778645,-1.0,-0.012
1581251531.1681418,b827ebf7d096,e78f135624ce,-73,16.896031258,4.158181921,1.837393974,0.018803013,0.012196987,-1.0,1.0,0.013803013,0.019606026,0.013803013,-1.0,-0.012
1581251531.1682763,000000000101,e78f135624ce,-78,16.895973334,4.158175714,1.837391905,0.018804048,0.012195952,-1.0,1.0,0.013804048,0.019608095,0.013804048,-1.0,-0.012
1581251531.168557,b827eb917e19,e78f135624ce,-82,16.895852452,4.158162763,1.837387588,0.018806206,0.012193794,-1.0,1.0,0.013806206,0.019612412,0.013806206,-1.0,-0.012
1581251531.1688986,b827ebfd7811,e78f135624ce,-71,16.895705278,4.158146994,1.837382331,0.018808834,0.012191166,-1.0,1.0,0.013808834,0.019617669,0.013808834,-1.0,-0.012
1581251531.1707327,000000000302,e78f135624ce,-72,16.894915182,4.158062341,1.837354114,0.018822943,0.012177057,-1.0,1.0,0.013822943,0.019645886,0.013822943,-1.0,-0.012
1581251531.1711218,000000000201,e78f135624ce,-80,16.89474757,4.158044382,1.837348127,0.018825936,0.012174064,-1.0,1.0,0.013825936,0.019651873,0.013825936,-1.0,-0.012
1581251531.1711233,000000000202,e78f135624ce,-76,16.894746954,4.158044316,1.837348105,0.018825947,0.012174053,-1.0,1.0,0.013825947,0.019651895,0.013825947,-1.0,-0.012
1581251531.1713681,000000000402,e78f135624ce,-68,16.894641477,4.158033015,1.837344338,0.018827831,0.012172169,-1.0,1.0,0.013827831,0.019655662,0.013827831,-1.0,-0.012
1581251531.1716955,000000000301,e78f135624ce,-75,16.894500466,4.158017907,1.837339302,0.018830349,0.012169651,-1.0,1.0,0.013830349,0.019660698,0.013830349,-1.0,-0.012
1581251531.1723287,000000000401,e78f135624ce,-62,16.894227686,4.157988681,1.83732956,0.01883522,0.01216478,-1.0,1.0,0.01383522,0.01967044,0.01383522,-1.0,-0.012
1581251531.6190224,b827eb4521b4,e78f135624ce,-75,16.695190397,4.151299314,1.837,0.020700686,0.010574829,-1.0,1.0,0.013,0.020700686,0.013,-1.0,-0.010574829
1581251531.6192684,000000000102,e78f135624ce,-70,16.695084407,4.151291743,1.837,0.020708257,0.010572936,-1.0,1.0,0.013,0.020708257,0.013,-1.0,-0.010572936
1581251531.6204805,b827ebf7d096,e78f135624ce,-81,16.694562264,4.151254447,1.837,0.020745553,0.010563612,-1.0,1.0,0.013,0.020745553,0.013,-1.0,-0.010563612
1581251531.62122,b827ebfd7811,e78f135624ce,-76,16.694243678,4.151231691,1.837,0.020768309,0.010557923,-1.0,1.0,0.013,0.020768309,0.013,-1.0,-0.010557923
1581251531.6213148,000000000101,e78f135624ce,-73,16.694202905,4.151228779,1.837,0.020771221,0.010557195,-1.0,1.0,0.013,0.020771221,0.013,-1.0,-0.010557195
1581251531.6215563,b827eb917e19,e78f135624ce,-74,16.694098867,4.151221348,1.837,0.020778652,0.010555337,-1.0,1.0,0.013,0.020778652,0.013,-1.0,-0.010555337
1581251531.6240997,000000000201,e78f135624ce,-85,16.693003228,4.151143088,1.837,0.020856912,0.010535772,-1.0,1.0,0.013,0.020856912,0.013,-1.0,-0.010535772
1581251531.6247017,000000000301,e78f135624ce,-74,16.692743902,4.151124564,1.837,0.020875436,0.010531141,-1.0,1.0,0.013,0.020875436,0.013,-1.0,-0.010531141
1581251531.6253655,000000000401,e78f135624ce,-65,16.692457976,4.151104141,1.837,0.020895859,0.010526035,-1.0,1.0,0.013,0.020895859,0.013,-1.0,-0.010526035
1581251531.6254241,000000000402,e78f135624ce,-79,16.692432711,4.151102337,1.837,0.020897663,0.010525584,-1.0,1.0,0.013,0.020897663,0.013,-1.0,-0.010525584
1581251532.0783103,b827eb917e19,e78f135624ce,-80,16.486615908,4.134663995,1.837112002,0.034336005,0.008112002,-0.999,0.999,0.013112002,0.034336005,0.013112002,-1.0,-0.008
1581251532.0802157,000000000202,e78f135624ce,-82,16.485780446,4.134620023,1.837126659,0.034379977,0.008126659,-0.999,0.999,0.013126659,0.034379977,0.013126659,-1.0,-0.008
1581251532.0802948,000000000102,e78f135624ce,-68,16.48574574,4.134618197,1.837127268,0.034381803,0.008127268,-0.999,0.999,0.013127268,0.034381803,0.013127268,-1.0,-0.008
1581251532.0806887,000000000301,e78f135624ce,-81,16.485573044,4.134609108,1.837130297,0.034390892,0.008130297,-0.999,0.999,0.013130297,0.034390892,0.013130297,-1.0,-0.008
1581251532.0808418,b827ebf7d096,e78f135624ce,-92,16.485505931,4.134605575,1.837131475,0.034394425,0.008131475,-0.999,0.999,0.013131475,0.034394425,0.013131475,-1.0,-0.008
1581251532.081554,b827ebfd7811,e78f135624ce,-70,16.485193678,4.134589141,1.837136953,0.034410859,0.008136953,-0.999,0.999,0.013136953,0.034410859,0.013136953,-1.0,-0.008
1581251532.0823245,000000000401,e78f135624ce,-69,16.484855814,4.134571359,1.83714288,0.034428641,0.00814288,-0.999,0.999,0.01314288,0.034428641,0.01314288,-1.0,-0.008
1581251532.5282695,000000000101,e78f135624ce,-76,16.282853253,4.121887013,1.838,0.050521644,0.009,-0.998295671,0.998295671,0.016704329,0.050817316,0.017704329,-1.0,-0.008
1581251532.5286317,b827eb917e19,e78f135624ce,-81,16.282681228,4.121877959,1.838,0.050536734,0.009,-0.998292653,0.998292653,0.016707347,0.050829388,0.017707347,-1.0,-0.008
1581251532.5310946,000000000201,e78f135624ce,-82,16.281511367,4.121816388,1.838,0.050639354,0.009,-0.998272129,0.998272129,0.016727871,0.050911483,0.017727871,-1.0,-0.008
1581251532.531128,000000000202,e78f135624ce,-82,16.281495512,4.121815553,1.838,0.050640745,0.009,-0.998271851,0.998271851,0.016728149,0.050912596,0.017728149,-1.0,-0.008
1581251532.531292,000000000102,e78f135624ce,-74,16.281417597,4.121811452,1.838,0.050647579,0.009,-0.998270484,0.998270484,0.016729516,0.050918063,0.017729516,-1.0,-0.008
1581251532.531717,000000000301,e78f135624ce,-77,16.281215674,4.121800825,1.838,0.050665292,0.009,-0.998266942,0.998266942,0.016733058,0.050932233,0.017733058,-1.0,-0.008
1581251532.5323346,000000000401,e78f135624ce,-57,16.280922359,4.121785387,1.838,0.050691021,0.009,-0.998261796,0.998261796,0.016738204,0.050952817,0.017738204,-1.0,-0.008
1581251532.5331507,b827ebf7d096,e78f135624ce,-83,16.280534708,4.121764985,1.838,0.050725026,0.009,-0.998254995,0.998254995,0.016745005,0.050980021,0.017745005,-1.0,-0.008
1581251532.5353985,b827ebfd7811,e78f135624ce,-69,16.279466997,4.121708789,1.838,0.050818684,0.009,-0.998236263,0.998236263,0.016763737,0.051054948,0.017763737,-1.0,-0.008
1581251532.986036,b827eb4521b4,e78f135624ce,-77,16.079676084,4.124057149,1.835,0.055590468,0.006,-0.998,0.998,0.018,0.055590468,0.018647617,-1.0,-0.005
1581251532.9882827,000000000102,e78f135624ce,-77,16.078702549,4.124113314,1.835,0.055515581,0.006,-0.998,0.998,0.018,0.055515581,0.018628895,-1.0,-0.005
1581251532.9891827,b827ebf7d096,e78f135624ce,-74,16.078312535,4.124135815,1.835,0.05548558,0.006,-0.998,0.998,0.018,0.05548558,0.018621395,-1.0,-0.005
1581251532.9898627,b827ebfd7811,e78f135624ce,-70,16.078017881,4.124152815,1.835,0.055462914,0.006,-0.998,0.998,0.018,0.055462914,0.018615728,-1.0,-0.005
1581251532.990243,b827eb917e19,e78f135624ce,-83,16.077853094,4.124162321,1.835,0.055450238,0.006,-0.998,0.998,0.018,0.055450238,0.01861256,-1.0,-0.005
1581251532.9902894,000000000101,e78f135624ce,-73,16.077832948,4.124163484,1.835,0.055448688,0.006,-0.998,0.998,0.018,0.055448688,0.018612172,-1.0,-0.005
1581251532.9923527,000000000402,e78f135624ce,-69,16.076938861,4.124215066,1.835,0.055379912,0.006,-0.998,0.998,0.018,0.055379912,0.018594978,-1.0,-0.005
1581251532.9927194,000000000302,e78f135624ce,-73,16.076779963,4.124224233,1.835,0.055367689,0.006,-0.998,0.998,0.018,0.055367689,0.018591922,-1.0,-0.005
1581251532.99272,000000000301,e78f135624ce,-69,16.076779757,4.124224245,1.835,0.055367674,0.006,-0.998,0.998,0.018,0.055367674,0.018591918,-1.0,-0.005
1581251532.99311,000000000201,e78f135624ce,-80,16.076610734,4.124233996,1.835,0.055354672,0.006,-0.998,0.998,0.018,0.055354672,0.018588668,-1.0,-0.005
1581251532.9943838,000000000401,e78f135624ce,-65,16.076058723,4.124265843,1.835,0.055312209,0.006,-0.998,0.998,0.018,0.055312209,0.018578052,-1.0,-0.005
1581251532.9947226,000000000202,e78f135624ce,-77,16.075911912,4.124274313,1.835,0.055300916,0.006,-0.998,0.998,0.018,0.055300916,0.018575229,-1.0,-0.005
1581251532.995289,000000000402,e78f135624ce,-68,16.075666436,4.124288475,1.835,0.055282034,0.006,-0.998,0.998,0.018,0.055282034,0.018570508,-1.0,-0.005
1581251533.439412,b827eb4521b4,e78f135624ce,-78,15.889701839,4.137833153,1.835,0.032266955,0.007,-0.999,0.999,0.018033369,0.032266955,0.018033369,-1.0,-0.006
1581251533.4402828,000000000102,e78f135624ce,-76,15.889360256,4.137866642,1.835,0.032213373,0.007,-0.999,0.999,0.018026672,0.032213373,0.018026672,-1.0,-0.006
1581251533.4412932,000000000101,e78f135624ce,-76,15.888963861,4.137905504,1.835,0.032151194,0.007,-0.999,0.999,0.018018899,0.032151194,0.018018899,-1.0,-0.006
1581251533.4415195,b827ebf7d096,e78f135624ce,-82,15.888875098,4.137914206,1.835,0.03213727,0.007,-0.999,0.999,0.018017159,0.03213727,0.018017159,-1.0,-0.006
1581251533.441953,b827eb917e19,e78f135624ce,-76,15.888705054,4.137930877,1.835,0.032110597,0.007,-0.999,0.999,0.018013825,0.032110597,0.018013825,-1.0,-0.006
1581251533.4421613,b827ebfd7811,e78f135624ce,-70,15.888623306,4.137938892,1.835,0.032097774,0.007,-0.999,0.999,0.018012222,0.032097774,0.018012222,-1.0,-0.006
1581251533.4441032,000000000201,e78f135624ce,-79,15.887849933,4.138017655,1.835002942,0.03197646,0.007005885,-0.999,0.999,0.018,0.03197646,0.018,-1.0,-0.006005885
1581251533.4447205,000000000302,e78f135624ce,-74,15.887587595,4.138048518,1.835008086,0.031935309,0.007016173,-0.999,0.999,0.018,0.031935309,0.018,-1.0,-0.006016173
1581251533.4447756,000000000301,e78f135624ce,-73,15.887564188,4.138051272,1.835008545,0.031931637,0.007017091,-0.999,0.999,0.018,0.031931637,0.018,-1.0,-0.006017091
