1581251155.3895407,b827eb4521b4,e78f135624ce,-88,17.96,4.45,1.64,0.014,-0.01,-0.997,1.002,0.002,0.014,0.001,-0.997,0.015
1581251155.3906248,000000000102,e78f135624ce,-85,17.96,4.45,1.64,0.014,-0.01,-0.997,1.002,0.002,0.014,0.001,-0.997,0.015
1581251155.391656,000000000101,e78f135624ce,-80,17.96,4.45,1.64,0.014,-0.01,-0.997,1.002,0.002,0.014,0.001,-0.997,0.015
1581251155.391821,b827ebf7d096,e78f135624ce,-78,17.96,4.45,1.64,0.014,-0.01,-0.997,1.002,0.002,0.014,0.001,-0.997,0.015
1581251155.391895,b827eb917e19,e78f135624ce,-80,17.96,4.45,1.64,0.014,-0.01,-0.997,1.002,0.002,0.014,0.001,-0.997,0.015
1581251155.392046,000000000202,e78f135624ce,-84,17.96,4.45,1.64,0.014,-0.01,-0.997,1.002,0.002,0.014,0.001,-0.997,0.015
1581251155.3922625,b827ebfd7811,e78f135624ce,-77,17.96,4.45,1.64,0.014,-0.01,-0.997,1.002,0.002,0.014,0.001,-0.997,0.015
1581251155.394072,000000000201,e78f135624ce,-88,17.96,4.45,1.64,0.014,-0.01,-0.997,1.002,0.002,0.014,0.001,-0.997,0.015
1581251155.3946576,000000000301,e78f135624ce,-80,17.96,4.45,1.64,0.014,-0.01,-0.997,1.002,0.002,0.014,0.001,-0.997,0.015
1581251155.3947206,000000000302,e78f135624ce,-91,17.96,4.45,1.64,0.014,-0.01,-0.997,1.002,0.002,0.014,0.001,-0.997,0.015
1581251155.3957465,000000000401,e78f135624ce,-62,17.96,4.45,1.64,0.014,-0.01,-0.997,1.002,0.002,0.014,0.001,-0.997,0.015
1581251155.395774,000000000402,e78f135624ce,-77,17.96,4.45,1.64,0.014,-0.01,-0.997,1.002,0.002,0.014,0.001,-0.997,0.015
1581251155.843066,b827eb4521b4,e78f135624ce,-90,17.955971767,4.401745905,1.677197629,0.014,-0.001971767,-0.999,1.001,0.008028233,0.014,0.008028233,-0.999,0.003971767
1581251155.8436162,000000000102,e78f135624ce,-73,17.955962596,4.401663365,1.677261828,0.014,-0.001962596,-0.999,1.001,0.008037404,0.014,0.008037404,-0.999,0.003962596
1581251155.845056,000000000202,e78f135624ce,-82,17.955938599,4.401447393,1.677429806,0.014,-0.001938599,-0.999,1.001,0.008061401,0.014,0.008061401,-0.999,0.003938599
1581251155.8456478,000000000101,e78f135624ce,-76,17.955928737,4.40135863,1.677498844,0.014,-0.001928737,-0.999,1.001,0.008071263,0.014,0.008071263,-0.999,0.003928737
1581251155.846052,b827ebf7d096,e78f135624ce,-98,17.955922001,4.401298012,1.677545991,0.014,-0.001922001,-0.999,1.001,0.008077999,0.014,0.008077999,-0.999,0.003922001
1581251155.8466141,b827ebfd7811,e78f135624ce,-77,17.955912631,4.401213683,1.67761158,0.014,-0.001912631,-0.999,1.001,0.008087369,0.014,0.008087369,-0.999,0.003912631
1581251155.8480525,000000000201,e78f135624ce,-84,17.955888658,4.400997926,1.677779391,0.014,-0.001888658,-0.999,1.001,0.008111342,0.014,0.008111342,-0.999,0.003888658
1581251155.848688,000000000302,e78f135624ce,-84,17.955878069,4.400902618,1.677853519,0.014,-0.001878069,-0.999,1.001,0.008121931,0.014,0.008121931,-0.999,0.003878069
1581251155.8486922,000000000301,e78f135624ce,-86,17.955877997,4.400901974,1.67785402,0.014,-0.001877997,-0.999,1.001,0.008122003,0.014,0.008122003,-0.999,0.003877997
1581251155.848747,000000000402,e78f135624ce,-70,17.955877083,4.400893749,1.677860418,0.014,-0.001877083,-0.999,1.001,0.008122917,0.014,0.008122917,-0.999,0.003877083
1581251156.2965693,b827eb917e19,e78f135624ce,-80,17.953126644,4.341467118,1.729266441,0.014253288,0.002873356,-1.0,1.0,0.012,0.014253288,0.012,-1.0,-0.002
1581251156.296629,000000000101,e78f135624ce,-76,17.953127141,4.341457184,1.729271408,0.014254282,0.002872859,-1.0,1.0,0.012,0.014254282,0.012,-1.0,-0.002
1581251156.2990897,000000000202,e78f135624ce,-85,17.953147647,4.341047064,1.729476468,0.014295294,0.002852353,-1.0,1.0,0.012,0.014295294,0.012,-1.0,-0.002
1581251156.299627,000000000102,e78f135624ce,-75,17.953152125,4.340957498,1.729521251,0.01430425,0.002847875,-1.0,1.0,0.012,0.01430425,0.012,-1.0,-0.002
1581251156.299987,b827ebf7d096,e78f135624ce,-85,17.953155125,4.340897496,1.729551252,0.01431025,0.002844875,-1.0,1.0,0.012,0.01431025,0.012,-1.0,-0.002
1581251156.3006403,b827ebfd7811,e78f135624ce,-78,17.953160569,4.340788618,1.729605691,0.014321138,0.002839431,-1.0,1.0,0.012,0.014321138,0.012,-1.0,-0.002
1581251156.3007946,000000000401,e78f135624ce,-65,17.953161855,4.340762908,1.729618546,0.014323709,0.002838145,-1.0,1.0,0.012,0.014323709,0.012,-1.0,-0.002
1581251156.3020623,000000000201,e78f135624ce,-84,17.953172419,4.34055163,1.729724185,0.014344837,0.002827581,-1.0,1.0,0.012,0.014344837,0.012,-1.0,-0.002
1581251156.3029418,000000000402,e78f135624ce,-68,17.953179748,4.340405042,1.729797479,0.014359496,0.002820252,-1.0,1.0,0.012,0.014359496,0.012,-1.0,-0.002
1581251156.748347,b827eb4521b4,e78f135624ce,-77,17.947762115,4.283810577,1.771951539,0.017491923,0.004745962,-1.0,1.0,0.011,0.017491923,0.011,-1.0,-0.004
1581251156.7506351,000000000101,e78f135624ce,-76,17.947709313,4.283546565,1.772162748,0.017527125,0.004763562,-1.0,1.0,0.011,0.017527125,0.011,-1.0,-0.004
1581251156.75075,b827eb917e19,e78f135624ce,-80,17.947706661,4.283533305,1.772173356,0.017528893,0.004764446,-1.0,1.0,0.011,0.017528893,0.011,-1.0,-0.004
1581251156.7536268,000000000102,e78f135624ce,-74,17.947640274,4.283201372,1.772438903,0.01757315,0.004786575,-1.0,1.0,0.011,0.01757315,0.011,-1.0,-0.004
1581251156.753658,000000000302,e78f135624ce,-81,17.947639554,4.283197768,1.772441786,0.017573631,0.004786815,-1.0,1.0,0.011,0.017573631,0.011,-1.0,-0.004
1581251156.7536612,000000000301,e78f135624ce,-75,17.947639482,4.28319741,1.772442072,0.017573679,0.004786839,-1.0,1.0,0.011,0.017573679,0.011,-1.0,-0.004
1581251156.7540474,000000000202,e78f135624ce,-79,17.947630569,4.283152845,1.772477724,0.017579621,0.00478981,-1.0,1.0,0.011,0.017579621,0.011,-1.0,-0.004
1581251156.754735,000000000401,e78f135624ce,-66,17.947614701,4.283073506,1.772541195,0.017590199,0.0047951,-1.0,1.0,0.011,0.017590199,0.011,-1.0,-0.004
1581251156.7557034,000000000402,e78f135624ce,-66,17.947592352,4.282961761,1.772630591,0.017605098,0.004802549,-1.0,1.0,0.011,0.017605098,0.011,-1.0,-0.004
1581251157.2021015,b827eb4521b4,e78f135624ce,-77,17.937550586,4.250188233,1.80008706,0.017,0.003637647,-1.0,1.0,0.009,0.017,0.009,-1.0,-0.003637647
1581251157.2046812,000000000101,e78f135624ce,-76,17.937476881,4.250096101,1.800142339,0.017,0.00361922,-1.0,1.0,0.009,0.017,0.009,-1.0,-0.00361922
1581251157.2051573,b827ebf7d096,e78f135624ce,-82,17.937463278,4.250079097,1.800152542,0.017,0.003615819,-1.0,1.0,0.009,0.017,0.009,-1.0,-0.003615819
1581251157.2054482,b827eb917e19,e78f135624ce,-84,17.937454967,4.250068709,1.800158775,0.017,0.003613742,-1.0,1.0,0.009,0.017,0.009,-1.0,-0.003613742
1581251157.205929,b827ebfd7811,e78f135624ce,-72,17.937441227,4.250051534,1.80016908,0.017,0.003610307,-1.0,1.0,0.009,0.017,0.009,-1.0,-0.003610307
1581251157.2076697,000000000302,e78f135624ce,-81,17.937391493,4.249989367,1.80020638,0.017,0.003597873,-1.0,1.0,0.009,0.017,0.009,-1.0,-0.003597873
1581251157.2076764,000000000301,e78f135624ce,-76,17.937391302,4.249989128,1.800206523,0.017,0.003597826,-1.0,1.0,0.009,0.017,0.009,-1.0,-0.003597826
1581251157.2080946,000000000202,e78f135624ce,-80,17.937379354,4.249974193,1.800215484,0.017,0.003594839,-1.0,1.0,0.009,0.017,0.009,-1.0,-0.003594839
1581251157.2087262,000000000401,e78f135624ce,-65,17.937361309,4.249951637,1.800229018,0.017,0.003590327,-1.0,1.0,0.009,0.017,0.009,-1.0,-0.003590327
1581251157.2088537,000000000402,e78f135624ce,-66,17.937357665,4.249947081,1.800231751,0.017,0.003589416,-1.0,1.0,0.009,0.017,0.009,-1.0,-0.003589416
1581251157.6607244,b827eb4521b4,e78f135624ce,-82,17.923066803,4.233665984,1.809400819,0.016066803,0.001066803,-1.0,1.0,0.008933197,0.016066803,0.008933197,-1.0,-0.001066803
1581251157.661676,000000000102,e78f135624ce,-77,17.9230736,4.233632001,1.809441599,0.0160736,0.0010736,-1.0,1.0,0.0089264,0.0160736,0.0089264,-1.0,-0.0010736
1581251157.6626437,000000000101,e78f135624ce,-75,17.923080512,4.233597439,1.809483073,0.016080512,0.001080512,-1.0,1.0,0.008919488,0.016080512,0.008919488,-1.0,-0.001080512
1581251157.6630967,b827eb917e19,e78f135624ce,-83,17.923083748,4.233581261,1.809502487,0.016083748,0.001083748,-1.0,1.0,0.008916252,0.016083748,0.008916252,-1.0,-0.001083748
1581251157.6637855,b827ebf7d096,e78f135624ce,-81,17.923088668,4.233556661,1.809532007,0.016088668,0.001088668,-1.0,1.0,0.008911332,0.016088668,0.008911332,-1.0,-0.001088668
1581251157.6644573,b827ebfd7811,e78f135624ce,-72,17.923093467,4.233532666,1.809560801,0.016093467,0.001093467,-1.0,1.0,0.008906533,0.016093467,0.008906533,-1.0,-0.001093467
1581251157.6660502,000000000202,e78f135624ce,-79,17.923104844,4.233475778,1.809629067,0.016104844,0.001104844,-1.0,1.0,0.008895156,0.016104844,0.008895156,-1.0,-0.001104844
1581251157.6666565,000000000302,e78f135624ce,-85,17.923109175,4.233454124,1.809655051,0.016109175,0.001109175,-1.0,1.0,0.008890825,0.016109175,0.008890825,-1.0,-0.001109175
1581251157.6667402,000000000301,e78f135624ce,-79,17.923109773,4.233451135,1.809658638,0.016109773,0.001109773,-1.0,1.0,0.008890227,0.016109773,0.008890227,-1.0,-0.001109773
1581251157.6667671,000000000402,e78f135624ce,-68,17.923109965,4.233450173,1.809659792,0.016109965,0.001109965,-1.0,1.0,0.008890035,0.016109965,0.008890035,-1.0,-0.001109965
1581251157.6677334,000000000401,e78f135624ce,-62,17.923116868,4.233415662,1.809701206,0.016116868,0.001116868,-1.0,1.0,0.008883132,0.016116868,0.008883132,-1.0,-0.001116868
1581251158.1126316,000000000102,e78f135624ce,-76,17.928,4.212521858,1.824943443,0.018943443,0.004647814,-1.0,1.0,0.010647814,0.018943443,0.011295628,-1.0,-0.004
1581251158.1166325,000000000302,e78f135624ce,-86,17.928,4.212158139,1.825052558,0.019052558,0.004684186,-1.0,1.0,0.010684186,0.019052558,0.011368372,-1.0,-0.004
1581251158.1170585,000000000202,e78f135624ce,-80,17.928,4.212119407,1.825064178,0.019064178,0.004688059,-1.0,1.0,0.010688059,0.019064178,0.011376119,-1.0,-0.004
1581251158.1187298,000000000401,e78f135624ce,-62,17.928,4.211967469,1.825109759,0.019109759,0.004703253,-1.0,1.0,0.010703253,0.019109759,0.011406506,-1.0,-0.004
1581251158.5680206,b827eb4521b4,e78f135624ce,-87,17.928484519,4.189304183,1.833515481,0.022484519,0.00575774,-1.0,1.0,0.01324226,0.022484519,0.01324226,-1.0,-0.005515481
1581251158.569657,000000000102,e78f135624ce,-73,17.928514274,4.189200042,1.833485726,0.022514274,0.005742863,-1.0,1.0,0.013257137,0.022514274,0.013257137,-1.0,-0.005485726
1581251158.5698457,b827ebf7d096,e78f135624ce,-80,17.928517703,4.189188041,1.833482297,0.022517703,0.005741149,-1.0,1.0,0.013258851,0.022517703,0.013258851,-1.0,-0.005482297
1581251158.570066,000000000202,e78f135624ce,-83,17.928521708,4.189174022,1.833478292,0.022521708,0.005739146,-1.0,1.0,0.013260854,0.022521708,0.013260854,-1.0,-0.005478292
1581251158.5700812,b827eb917e19,e78f135624ce,-79,17.928521985,4.189173051,1.833478015,0.022521985,0.005739007,-1.0,1.0,0.013260993,0.022521985,0.013260993,-1.0,-0.005478015
1581251158.5704792,b827ebfd7811,e78f135624ce,-71,17.92852922,4.189147729,1.83347078,0.02252922,0.00573539,-1.0,1.0,0.01326461,0.02252922,0.01326461,-1.0,-0.00547078
1581251158.5706382,000000000101,e78f135624ce,-75,17.928532112,4.189137609,1.833467888,0.022532112,0.005733944,-1.0,1.0,0.013266056,0.022532112,0.013266056,-1.0,-0.005467888
1581251158.5736895,000000000301,e78f135624ce,-93,17.92858759,4.188943436,1.83341241,0.02258759,0.005706205,-1.0,1.0,0.013293795,0.02258759,0.013293795,-1.0,-0.00541241
1581251158.5736914,000000000302,e78f135624ce,-87,17.928587624,4.188943315,1.833412376,0.022587624,0.005706188,-1.0,1.0,0.013293812,0.022587624,0.013293812,-1.0,-0.005412376
1581251158.5737271,000000000402,e78f135624ce,-69,17.928588275,4.188941039,1.833411725,0.022588275,0.005705863,-1.0,1.0,0.013294137,0.022588275,0.013294137,-1.0,-0.005411725
1581251158.5737362,000000000401,e78f135624ce,-62,17.928588439,4.188940462,1.833411561,0.022588439,0.00570578,-1.0,1.0,0.01329422,0.022588439,0.01329422,-1.0,-0.005411561
1581251159.0194163,b827eb4521b4,e78f135624ce,-80,17.92447048,4.178,1.835156827,0.031372694,0.005156827,-0.999156827,0.999,0.014,0.031372694,0.014,-1.0,-0.005156827
1581251159.019627,000000000102,e78f135624ce,-73,17.924465963,4.178,1.835155321,0.031378716,0.005155321,-0.999155321,0.999,0.014,0.031378716,0.014,-1.0,-0.005155321
1581251159.0206914,b827ebf7d096,e78f135624ce,-82,17.924443157,4.178,1.835147719,0.031409124,0.005147719,-0.999147719,0.999,0.014,0.031409124,0.014,-1.0,-0.005147719
1581251159.0210855,000000000202,e78f135624ce,-81,17.924434712,4.178,1.835144904,0.031420384,0.005144904,-0.999144904,0.999,0.014,0.031420384,0.014,-1.0,-0.005144904
1581251159.0214615,b827ebfd7811,e78f135624ce,-70,17.924426655,4.178,1.835142218,0.031431127,0.005142218,-0.999142218,0.999,0.014,0.031431127,0.014,-1.0,-0.005142218
1581251159.0214677,b827eb917e19,e78f135624ce,-75,17.924426522,4.178,1.835142174,0.031431304,0.005142174,-0.999142174,0.999,0.014,0.031431304,0.014,-1.0,-0.005142174
1581251159.0217617,000000000101,e78f135624ce,-82,17.924420223,4.178,1.835140074,0.031439703,0.005140074,-0.999140074,0.999,0.014,0.031439703,0.014,-1.0,-0.005140074
1581251159.0220537,000000000201,e78f135624ce,-83,17.924413964,4.178,1.835137988,0.031448048,0.005137988,-0.999137988,0.999,0.014,0.031448048,0.014,-1.0,-0.005137988
1581251159.0246453,000000000302,e78f135624ce,-77,17.92435843,4.178,1.835119477,0.031522094,0.005119477,-0.999119477,0.999,0.014,0.031522094,0.014,-1.0,-0.005119477
1581251159.0246696,000000000301,e78f135624ce,-84,17.924357909,4.178,1.835119303,0.031522789,0.005119303,-0.999119303,0.999,0.014,0.031522789,0.014,-1.0,-0.005119303
1581251159.0257864,000000000402,e78f135624ce,-68,17.924333978,4.178,1.835111326,0.031554696,0.005111326,-0.999111326,0.999,0.014,0.031554696,0.014,-1.0,-0.005111326
1581251159.0258296,000000000401,e78f135624ce,-67,17.924333053,4.178,1.835111018,0.031555929,0.005111018,-0.999111018,0.999,0.014,0.031555929,0.014,-1.0,-0.005111018
1581251159.4767458,b827eb4521b4,e78f135624ce,-71,17.895385848,4.181845461,1.838153538,0.042231308,0.005,-0.999,0.999,0.011461615,0.042231308,0.011461615,-1.0,-0.004538385
1581251159.4786234,000000000101,e78f135624ce,-73,17.895171271,4.18196616,1.838207182,0.042137431,0.005,-0.999,0.999,0.011448204,0.042137431,0.011448204,-1.0,-0.004551796
1581251159.4790752,b827eb917e19,e78f135624ce,-86,17.895119637,4.181995204,1.838220091,0.042114841,0.005,-0.999,0.999,0.011444977,0.042114841,0.011444977,-1.0,-0.004555023
1581251159.4816298,000000000102,e78f135624ce,-76,17.894827676,4.182159432,1.838293081,0.041987108,0.005,-0.999,0.999,0.01142673,0.041987108,0.01142673,-1.0,-0.00457327
1581251159.4817145,000000000301,e78f135624ce,-82,17.894818003,4.182164873,1.838295499,0.041982876,0.005,-0.999,0.999,0.011426125,0.041982876,0.011426125,-1.0,-0.004573875
1581251159.4817145,000000000302,e78f135624ce,-80,17.894818003,4.182164873,1.838295499,0.041982876,0.005,-0.999,0.999,0.011426125,0.041982876,0.011426125,-1.0,-0.004573875
1581251159.4828947,000000000401,e78f135624ce,-62,17.894683127,4.182240741,1.838329218,0.041923868,0.005,-0.999,0.999,0.011417695,0.041923868,0.011417695,-1.0,-0.004582305
1581251159.482943,b827ebfd7811,e78f135624ce,-71,17.894677595,4.182243853,1.838330601,0.041921448,0.005,-0.999,0.999,0.01141735,0.041921448,0.01141735,-1.0,-0.00458265
1581251159.483061,000000000202,e78f135624ce,-79,17.894664108,4.182251439,1.838333973,0.041915547,0.005,-0.999,0.999,0.011416507,0.041915547,0.011416507,-1.0,-0.004583493
1581251159.928149,b827eb4521b4,e78f135624ce,-79,17.825983449,4.187382529,1.839,0.024852414,0.003808736,-1.0,0.999191264,0.012,0.024852414,0.012808736,-1.0,-0.003
1581251159.930253,b827eb917e19,e78f135624ce,-74,17.825667842,4.187412586,1.839,0.024762241,0.003793707,-1.0,0.999206293,0.012,0.024762241,0.012793707,-1.0,-0.003
1581251159.9306314,000000000101,e78f135624ce,-75,17.825611087,4.187417992,1.839,0.024746025,0.003791004,-1.0,0.999208996,0.012,0.024746025,0.012791004,-1.0,-0.003
1581251159.9326289,000000000102,e78f135624ce,-77,17.825311466,4.187446527,1.839,0.024660419,0.003776736,-1.0,0.999223264,0.012,0.024660419,0.012776736,-1.0,-0.003
1581251159.9336736,000000000302,e78f135624ce,-78,17.825154754,4.187461452,1.839,0.024615644,0.003769274,-1.0,0.999230726,0.012,0.024615644,0.012769274,-1.0,-0.003
1581251159.9336739,000000000301,e78f135624ce,-77,17.825154718,4.187461455,1.839,0.024615634,0.003769272,-1.0,0.999230728,0.012,0.024615634,0.012769272,-1.0,-0.003
1581251159.9337387,000000000401,e78f135624ce,-65,17.825144991,4.187462382,1.839,0.024612854,0.003768809,-1.0,0.999231191,0.012,0.024612854,0.012768809,-1.0,-0.003
1581251159.9338012,000000000402,e78f135624ce,-68,17.825135621,4.187463274,1.839,0.024610177,0.003768363,-1.0,0.999231637,0.012,0.024610177,0.012768363,-1.0,-0.003
1581251159.9340937,000000000202,e78f135624ce,-82,17.82509174,4.187467453,1.839,0.02459764,0.003766273,-1.0,0.999233727,0.012,0.02459764,0.012766273,-1.0,-0.003
1581251160.379115,b827eb4521b4,e78f135624ce,-85,17.737257796,4.200193578,1.847462385,0.007075229,0.005,-1.0,1.0,0.012,0.007075229,0.012,-1.0,-0.005
1581251160.3812463,b827eb917e19,e78f135624ce,-77,17.736778271,4.200246859,1.847497906,0.007004188,0.005,-1.0,1.0,0.012,0.007004188,0.012,-1.0,-0.005
1581251160.3817356,000000000101,e78f135624ce,-72,17.736668193,4.20025909,1.84750606,0.00698788,0.005,-1.0,1.0,0.012,0.00698788,0.012,-1.0,-0.005
1581251160.383629,000000000102,e78f135624ce,-78,17.73624215,4.200306428,1.847537619,0.006924763,0.005,-1.0,1.0,0.012,0.006924763,0.012,-1.0,-0.005
1581251160.3846412,000000000302,e78f135624ce,-78,17.73601443,4.20033173,1.847554487,0.006891027,0.005,-1.0,1.0,0.012,0.006891027,0.012,-1.0,-0.005
1581251160.3847451,000000000402,e78f135624ce,-72,17.735991041,4.200334329,1.847556219,0.006887562,0.005,-1.0,1.0,0.012,0.006887562,0.012,-1.0,-0.005
1581251160.3847663,000000000401,e78f135624ce,-71,17.735986267,4.200334859,1.847556573,0.006886854,0.005,-1.0,1.0,0.012,0.006886854,0.012,-1.0,-0.005
1581251160.385056,000000000202,e78f135624ce,-81,17.735921089,4.200342101,1.847561401,0.006877198,0.005,-1.0,1.0,0.012,0.006877198,0.012,-1.0,-0.005
1581251160.8344808,b827eb4521b4,e78f135624ce,-72,17.624222814,4.194203802,1.85064076,-0.004077719,0.00464076,-1.0,1.0,0.012,-0.004077719,0.012,-1.0,-0.00464076
1581251160.8374195,b827ebf7d096,e78f135624ce,-79,17.623488127,4.194081354,1.850616271,-0.004151187,0.004616271,-1.0,1.0,0.012,-0.004151187,0.012,-1.0,-0.004616271
1581251160.837648,000000000101,e78f135624ce,-82,17.623431025,4.194071838,1.850614368,-0.004156897,0.004614368,-1.0,1.0,0.012,-0.004156897,0.012,-1.0,-0.004614368
1581251160.837857,b827eb917e19,e78f135624ce,-88,17.623378752,4.194063125,1.850612625,-0.004162125,0.004612625,-1.0,1.0,0.012,-0.004162125,0.012,-1.0,-0.004612625
1581251160.8380096,b827ebfd7811,e78f135624ce,-72,17.623340605,4.194056768,1.850611354,-0.004165939,0.004611354,-1.0,1.0,0.012,-0.004165939,0.012,-1.0,-0.004611354
1581251160.8396688,000000000302,e78f135624ce,-74,17.622925816,4.193987636,1.850597527,-0.004207418,0.004597527,-1.0,1.0,0.012,-0.004207418,0.012,-1.0,-0.004597527
1581251160.8406293,000000000301,e78f135624ce,-86,17.622685669,4.193947611,1.850589522,-0.004231433,0.004589522,-1.0,1.0,0.012,-0.004231433,0.012,-1.0,-0.004589522
1581251160.840928,000000000402,e78f135624ce,-69,17.622610984,4.193935164,1.850587033,-0.004238902,0.004587033,-1.0,1.0,0.012,-0.004238902,0.012,-1.0,-0.004587033
1581251160.8410606,000000000202,e78f135624ce,-83,17.622577844,4.193929641,1.850585928,-0.004242216,0.004585928,-1.0,1.0,0.012,-0.004242216,0.012,-1.0,-0.004585928
1581251160.8417487,000000000401,e78f135624ce,-61,17.622405825,4.193900971,1.850580194,-0.004259418,0.004580194,-1.0,1.0,0.012,-0.004259418,0.012,-1.0,-0.004580194
1581251161.2903652,b827eb4521b4,e78f135624ce,-90,17.498286562,4.18501549,1.84501549,-0.01598451,0.003,-1.0,1.0,0.013992255,-0.01598451,0.013992255,-1.0,-0.003007745
1581251161.292287,b827ebfd7811,e78f135624ce,-70,17.497717859,4.185,1.845007625,-0.016015251,0.003,-1.0,1.0,0.013992375,-0.016015251,0.013992375,-1.0,-0.003
1581251161.292481,b827eb917e19,e78f135624ce,-80,17.497658094,4.185,1.845009241,-0.016018481,0.003,-1.0,1.0,0.013990759,-0.016018481,0.013990759,-1.0,-0.003
1581251161.2926931,000000000101,e78f135624ce,-74,17.497592667,4.185,1.845011009,-0.016022018,0.003,-1.0,1.0,0.013988991,-0.016022018,0.013988991,-1.0,-0.003
1581251161.293446,b827ebf7d096,e78f135624ce,-83,17.497360515,4.185,1.845017283,-0.016034567,0.003,-1.0,1.0,0.013982717,-0.016034567,0.013982717,-1.0,-0.003
1581251161.2956707,000000000302,e78f135624ce,-77,17.49667457,4.185,1.845035822,-0.016071645,0.003,-1.0,1.0,0.013964178,-0.016071645,0.013964178,-1.0,-0.003
1581251161.296064,000000000202,e78f135624ce,-79,17.496553348,4.185,1.845039099,-0.016078197,0.003,-1.0,1.0,0.013960901,-0.016078197,0.013960901,-1.0,-0.003
1581251161.2967324,000000000402,e78f135624ce,-71,17.496347219,4.185,1.84504467,-0.01608934,0.003,-1.0,1.0,0.01395533,-0.01608934,0.01395533,-1.0,-0.003
1581251161.2968988,000000000301,e78f135624ce,-81,17.496295908,4.185,1.845046057,-0.016092113,0.003,-1.0,1.0,0.013953943,-0.016092113,0.013953943,-1.0,-0.003
1581251161.742391,b827eb4521b4,e78f135624ce,-73,17.359071049,4.171507105,1.843130329,-0.013753552,0.001376776,-1.0,1.0,0.014,-0.013753552,0.014,-1.0,-0.001753552
1581251161.7446742,000000000101,e78f135624ce,-73,17.358368558,4.171436856,1.843077642,-0.013718428,0.001359214,-1.0,1.0,0.014,-0.013718428,0.014,-1.0,-0.001718428
1581251161.7455392,b827ebf7d096,e78f135624ce,-87,17.35810241,4.171410241,1.843057681,-0.01370512,0.00135256,-1.0,1.0,0.014,-0.01370512,0.014,-1.0,-0.00170512
1581251161.7458506,b827eb917e19,e78f135624ce,-77,17.358006602,4.17140066,1.843050495,-0.01370033,0.001350165,-1.0,1.0,0.014,-0.01370033,0.014,-1.0,-0.00170033
1581251161.7462335,b827ebfd7811,e78f135624ce,-71,17.357888787,4.171388879,1.843041659,-0.013694439,0.00134722,-1.0,1.0,0.014,-0.013694439,0.014,-1.0,-0.001694439
1581251161.747058,000000000201,e78f135624ce,-86,17.35763511,4.171363511,1.843022633,-0.013681755,0.001340878,-1.0,1.0,0.014,-0.013681755,0.014,-1.0,-0.001681755
1581251161.747646,000000000302,e78f135624ce,-82,17.357454132,4.171345413,1.84300906,-0.013672707,0.001336353,-1.0,1.0,0.014,-0.013672707,0.014,-1.0,-0.001672707
1581251161.7480984,000000000202,e78f135624ce,-81,17.357314969,4.171331497,1.842998623,-0.013665748,0.001332874,-1.0,1.0,0.014,-0.013665748,0.014,-1.0,-0.001665748
1581251161.7482142,000000000301,e78f135624ce,-83,17.357279316,4.171327932,1.842995949,-0.013663966,0.001331983,-1.0,1.0,0.014,-0.013663966,0.014,-1.0,-0.001663966
1581251161.7487364,000000000402,e78f135624ce,-66,17.357118659,4.171311866,1.842983899,-0.013655933,0.001327966,-1.0,1.0,0.014,-0.013655933,0.014,-1.0,-0.001655933
1581251161.7497263,000000000401,e78f135624ce,-64,17.35681407,4.171281407,1.842961055,-0.013640704,0.001320352,-1.0,1.0,0.014,-0.013640704,0.014,-1.0,-0.001640704
1581251162.1926818,b827eb4521b4,e78f135624ce,-72,17.207402832,4.159277466,1.842759155,-0.000554932,0.003240845,-1.0,1.0,0.014481689,-0.000554932,0.014481689,-1.0,-0.003240845
1581251162.193629,000000000102,e78f135624ce,-78,17.207082229,4.159255606,1.842751869,-0.000511213,0.003248131,-1.0,1.0,0.014496262,-0.000511213,0.014496262,-1.0,-0.003248131
1581251162.1958847,b827ebf7d096,e78f135624ce,-83,17.206318769,4.159203552,1.842734517,-0.000407105,0.003265483,-1.0,1.0,0.014530965,-0.000407105,0.014530965,-1.0,-0.003265483
1581251162.1961226,b827eb917e19,e78f135624ce,-76,17.206238235,4.159198061,1.842732687,-0.000396123,0.003267313,-1.0,1.0,0.014534626,-0.000396123,0.014534626,-1.0,-0.003267313
1581251162.1964104,000000000101,e78f135624ce,-88,17.206140836,4.159191421,1.842730474,-0.000382841,0.003269526,-1.0,1.0,0.014539053,-0.000382841,0.014539053,-1.0,-0.003269526
1581251162.1964712,b827ebfd7811,e78f135624ce,-72,17.206120258,4.159190018,1.842730006,-0.000380035,0.003269994,-1.0,1.0,0.014539988,-0.000380035,0.014539988,-1.0,-0.003269994
1581251162.1970668,000000000201,e78f135624ce,-82,17.205918681,4.159176274,1.842725425,-0.000352547,0.003274575,-1.0,1.0,0.014549151,-0.000352547,0.014549151,-1.0,-0.003274575
1581251162.1976492,000000000302,e78f135624ce,-74,17.205721542,4.159162832,1.842720944,-0.000325665,0.003279056,-1.0,1.0,0.014558112,-0.000325665,0.014558112,-1.0,-0.003279056
1581251162.1981,000000000202,e78f135624ce,-76,17.205568947,4.159152428,1.842717476,-0.000304856,0.003282524,-1.0,1.0,0.014565048,-0.000304856,0.014565048,-1.0,-0.003282524
1581251162.1987417,000000000301,e78f135624ce,-81,17.205351795,4.159137622,1.842712541,-0.000275245,0.003287459,-1.0,1.0,0.014574918,-0.000275245,0.014574918,-1.0,-0.003287459
1581251162.19884,000000000402,e78f135624ce,-75,17.205318549,4.159135356,1.842711785,-0.000270711,0.003288215,-1.0,1.0,0.01457643,-0.000270711,0.01457643,-1.0,-0.003288215
1581251162.2004504,000000000401,e78f135624ce,-60,17.204773451,4.15909819,1.842699397,-0.00019638,0.003300603,-1.0,1.0,0.014601207,-0.00019638,0.014601207,-1.0,-0.003300603
1581251162.653573,b827eb4521b4,e78f135624ce,-82,17.041859603,4.146324955,1.835324955,0.021610054,0.005064991,-1.0,0.999064991,0.016935009,0.021675045,0.017,-1.0,-0.004064991
1581251162.6546044,000000000102,e78f135624ce,-72,17.041481423,4.14628198,1.83528198,0.021661624,0.005056396,-1.0,0.999056396,0.016943604,0.02171802,0.017,-1.0,-0.004056396
1581251162.6568289,b827ebf7d096,e78f135624ce,-70,17.040665792,4.146189295,1.835189295,0.021772846,0.005037859,-1.0,0.999037859,0.016962141,0.021810705,0.017,-1.0,-0.004037859
1581251162.6574051,b827ebfd7811,e78f135624ce,-75,17.040454498,4.146165284,1.835165284,0.021801659,0.005033057,-1.0,0.999033057,0.016966943,0.021834716,0.017,-1.0,-0.004033057
1581251162.6576977,000000000102,e78f135624ce,-71,17.040347233,4.146153095,1.835153095,0.021816286,0.005030619,-1.0,0.999030619,0.016969381,0.021846905,0.017,-1.0,-0.004030619
1581251162.6577175,000000000401,e78f135624ce,-66,17.040339977,4.14615227,1.83515227,0.021817276,0.005030454,-1.0,0.999030454,0.016969546,0.02184773,0.017,-1.0,-0.004030454
1581251162.6580853,000000000201,e78f135624ce,-84,17.040205088,4.146136942,1.835136942,0.02183567,0.005027388,-1.0,0.999027388,0.016972612,0.021863058,0.017,-1.0,-0.004027388
1581251162.6586213,000000000302,e78f135624ce,-92,17.040008567,4.14611461,1.83511461,0.021862468,0.005022922,-1.0,0.999022922,0.016977078,0.02188539,0.017,-1.0,-0.004022922
1581251162.6603146,000000000402,e78f135624ce,-83,17.039387709,4.146044058,1.835044058,0.021947131,0.005008812,-1.0,0.999008812,0.016991188,0.021955942,0.017,-1.0,-0.004008812
1581251163.1074362,b827eb4521b4,e78f135624ce,-79,16.876225932,4.150348395,1.835348395,0.026550535,0.007449465,-1.0,0.999,0.015,0.02710107,0.015,-1.0,-0.007
1581251163.1098688,b827eb917e19,e78f135624ce,-79,16.875313711,4.150287581,1.835287581,0.026570806,0.007429194,-1.0,0.999,0.015,0.027141613,0.015,-1.0,-0.007
1581251163.1099856,000000000101,e78f135624ce,-75,16.875269902,4.15028466,1.83528466,0.02657178,0.00742822,-1.0,0.999,0.015,0.02714356,0.015,-1.0,-0.007
1581251163.1126075,000000000302,e78f135624ce,-78,16.874286693,4.150219113,1.835219113,0.026593629,0.007406371,-1.0,0.999,0.015,0.027187258,0.015,-1.0,-0.007
1581251163.112648,000000000102,e78f135624ce,-84,16.874271493,4.1502181,1.8352181,0.026593967,0.007406033,-1.0,0.999,0.015,0.027187934,0.015,-1.0,-0.007
1581251163.112735,000000000301,e78f135624ce,-77,16.87423886,4.150215924,1.835215924,0.026594692,0.007405308,-1.0,0.999,0.015,0.027189384,0.015,-1.0,-0.007
1581251163.113079,000000000202,e78f135624ce,-88,16.874109846,4.150207323,1.835207323,0.026597559,0.007402441,-1.0,0.999,0.015,0.027195118,0.015,-1.0,-0.007
1581251163.11371,000000000401,e78f135624ce,-75,16.873873274,4.150191552,1.835191552,0.026602816,0.007397184,-1.0,0.999,0.015,0.027205632,0.015,-1.0,-0.007
1581251163.567427,b827eb4521b4,e78f135624ce,-72,16.710578046,4.151,1.839565752,0.021565752,0.008782876,-1.0,1.0,0.012434248,0.022348628,0.013217124,-1.0,-0.008782876
1581251163.5687964,b827ebf7d096,e78f135624ce,-74,16.710030255,4.151,1.839542927,0.021542927,0.008771464,-1.0,1.0,0.012457073,0.022314391,0.013228536,-1.0,-0.008771464
1581251163.5691967,000000000102,e78f135624ce,-77,16.709870133,4.151,1.839536256,0.021536256,0.008768128,-1.0,1.0,0.012463744,0.022304383,0.013231872,-1.0,-0.008768128
1581251163.5695224,b827ebfd7811,e78f135624ce,-67,16.709739861,4.151,1.839530828,0.021530828,0.008765414,-1.0,1.0,0.012469172,0.022296241,0.013234586,-1.0,-0.008765414
1581251163.569604,000000000101,e78f135624ce,-72,16.709707246,4.151,1.839529469,0.021529469,0.008764734,-1.0,1.0,0.012470531,0.022294203,0.013235266,-1.0,-0.008764734
1581251163.569833,b827eb917e19,e78f135624ce,-72,16.709615597,4.151,1.83952565,0.02152565,0.008762825,-1.0,1.0,0.01247435,0.022288475,0.013237175,-1.0,-0.008762825
1581251163.5700483,000000000201,e78f135624ce,-88,16.70952948,4.151,1.839522062,0.021522062,0.008761031,-1.0,1.0,0.012477938,0.022283093,0.013238969,-1.0,-0.008761031
1581251163.571895,000000000402,e78f135624ce,-64,16.708790859,4.151,1.839491286,0.021491286,0.008745643,-1.0,1.0,0.012508714,0.022236929,0.013254357,-1.0,-0.008745643
1581251163.5726128,000000000301,e78f135624ce,-72,16.708503707,4.151,1.839479321,0.021479321,0.008739661,-1.0,1.0,0.012520679,0.022218982,0.013260339,-1.0,-0.008739661
1581251163.5726273,000000000302,e78f135624ce,-77,16.70849789,4.151,1.839479079,0.021479079,0.008739539,-1.0,1.0,0.012520921,0.022218618,0.013260461,-1.0,-0.008739539
1581251163.5737174,000000000401,e78f135624ce,-64,16.70806187,4.151,1.839460911,0.021460911,0.008730456,-1.0,1.0,0.012539089,0.022191367,0.013269544,-1.0,-0.008730456
1581251164.0169764,b827eb4521b4,e78f135624ce,-75,16.546632319,4.149624682,1.838,0.016187659,0.006187659,-1.0,1.0,0.014812341,0.016187659,0.014812341,-1.0,-0.006187659
1581251164.0186102,000000000102,e78f135624ce,-78,16.546054176,4.149649818,1.838,0.016175091,0.006175091,-1.0,1.0,0.014824909,0.016175091,0.014824909,-1.0,-0.006175091
1581251164.0191305,b827ebf7d096,e78f135624ce,-79,16.545870095,4.149657822,1.838,0.016171089,0.006171089,-1.0,1.0,0.014828911,0.016171089,0.014828911,-1.0,-0.006171089
1581251164.019442,b827eb917e19,e78f135624ce,-89,16.545759832,4.149662616,1.838,0.016168692,0.006168692,-1.0,1.0,0.014831308,0.016168692,0.014831308,-1.0,-0.006168692
1581251164.0196114,000000000101,e78f135624ce,-72,16.545699934,4.14966522,1.838,0.01616739,0.00616739,-1.0,1.0,0.01483261,0.01616739,0.01483261,-1.0,-0.00616739
1581251164.0198321,b827ebfd7811,e78f135624ce,-70,16.545621813,4.149668617,1.838,0.016165692,0.006165692,-1.0,1.0,0.014834308,0.016165692,0.014834308,-1.0,-0.006165692
1581251164.0210917,000000000201,e78f135624ce,-79,16.545176121,4.149687995,1.838,0.016156003,0.006156003,-1.0,1.0,0.014843997,0.016156003,0.014843997,-1.0,-0.006156003
1581251164.0219285,000000000402,e78f135624ce,-71,16.544880006,4.149700869,1.838,0.016149565,0.006149565,-1.0,1.0,0.014850435,0.016149565,0.014850435,-1.0,-0.006149565
1581251164.022624,000000000302,e78f135624ce,-87,16.544633918,4.149711569,1.838,0.016144216,0.006144216,-1.0,1.0,0.014855784,0.016144216,0.014855784,-1.0,-0.006144216
1581251164.0226288,000000000301,e78f135624ce,-80,16.54463223,4.149711642,1.838,0.016144179,0.006144179,-1.0,1.0,0.014855821,0.016144179,0.014855821,-1.0,-0.006144179
1581251164.0227134,000000000401,e78f135624ce,-60,16.544602281,4.149712944,1.838,0.016143528,0.006143528,-1.0,1.0,0.014856472,0.016143528,0.014856472,-1.0,-0.006143528
1581251164.0231278,000000000202,e78f135624ce,-75,16.544455658,4.149719319,1.838,0.01614034,0.00614034,-1.0,1.0,0.01485966,0.01614034,0.01485966,-1.0,-0.00614034
1581251164.4680235,b827eb4521b4,e78f135624ce,-72,16.386697194,4.147,1.838307343,0.021435781,0.004435781,-1.0,1.0,0.015564219,0.021435781,0.016,-1.0,-0.004435781
1581251164.4686048,000000000102,e78f135624ce,-80,16.386509401,4.147,1.838320757,0.021440252,0.004440252,-1.0,1.0,0.015559748,0.021440252,0.016,-1.0,-0.004440252
1581251164.469454,b827ebf7d096,e78f135624ce,-79,16.386235029,4.147,1.838340355,0.021446785,0.004446785,-1.0,1.0,0.015553215,0.021446785,0.016,-1.0,-0.004446785
1581251164.470091,b827ebfd7811,e78f135624ce,-70,16.386029212,4.147,1.838355056,0.021451685,0.004451685,-1.0,1.0,0.015548315,0.021451685,0.016,-1.0,-0.004451685
1581251164.4701314,b827eb917e19,e78f135624ce,-86,16.386016194,4.147,1.838355986,0.021451995,0.004451995,-1.0,1.0,0.015548005,0.021451995,0.016,-1.0,-0.004451995
1581251164.4706316,000000000101,e78f135624ce,-70,16.38585459,4.147,1.838367529,0.021455843,0.004455843,-1.0,1.0,0.015544157,0.021455843,0.016,-1.0,-0.004455843
1581251164.4710553,000000000201,e78f135624ce,-82,16.385717713,4.147,1.838377306,0.021459102,0.004459102,-1.0,1.0,0.015540898,0.021459102,0.016,-1.0,-0.004459102
1581251164.4727674,000000000402,e78f135624ce,-73,16.385164578,4.147,1.838416816,0.021472272,0.004472272,-1.0,1.0,0.015527728,0.021472272,0.016,-1.0,-0.004472272
1581251164.473604,000000000301,e78f135624ce,-73,16.384894289,4.147,1.838436122,0.021478707,0.004478707,-1.0,1.0,0.015521293,0.021478707,0.016,-1.0,-0.004478707
1581251164.4736106,000000000302,e78f135624ce,-73,16.384892132,4.147,1.838436276,0.021478759,0.004478759,-1.0,1.0,0.015521241,0.021478759,0.016,-1.0,-0.004478759
1581251164.4737093,000000000401,e78f135624ce,-63,16.384860243,4.147,1.838438554,0.021479518,0.004479518,-1.0,1.0,0.015520482,0.021479518,0.016,-1.0,-0.004479518
1581251164.4740973,000000000202,e78f135624ce,-74,16.384734919,4.147,1.838447506,0.021482502,0.004482502,-1.0,1.0,0.015517498,0.021482502,0.016,-1.0,-0.004482502
1581251164.9182587,b827eb4521b4,e78f135624ce,-74,16.226722087,4.142,1.838,0.022841076,0.003,-1.0,1.0,0.016,0.022841076,0.016,-1.0,-0.002947025
1581251164.919611,000000000102,e78f135624ce,-78,16.226274785,4.142,1.838,0.022809869,0.003,-1.0,1.0,0.016,0.022809869,0.016,-1.0,-0.002936623
1581251164.920366,b827ebf7d096,e78f135624ce,-74,16.22602503,4.142,1.838,0.022792444,0.003,-1.0,1.0,0.016,0.022792444,0.016,-1.0,-0.002930815
1581251164.9206536,000000000101,e78f135624ce,-76,16.225929923,4.142,1.838,0.022785809,0.003,-1.0,1.0,0.016,0.022785809,0.016,-1.0,-0.002928603
1581251164.92069,b827eb917e19,e78f135624ce,-87,16.225917858,4.142,1.838,0.022784967,0.003,-1.0,1.0,0.016,0.022784967,0.016,-1.0,-0.002928322
1581251164.9210944,b827ebfd7811,e78f135624ce,-74,16.225784108,4.142,1.838,0.022775635,0.003,-1.0,1.0,0.016,0.022775635,0.016,-1.0,-0.002925212
1581251164.923607,000000000302,e78f135624ce,-73,16.224952988,4.142,1.838,0.02271765,0.003,-1.0,1.0,0.016,0.02271765,0.016,-1.0,-0.002905883
1581251164.9236155,000000000301,e78f135624ce,-76,16.224950227,4.142,1.838,0.022717458,0.003,-1.0,1.0,0.016,0.022717458,0.016,-1.0,-0.002905819
1581251164.9240625,000000000202,e78f135624ce,-78,16.224802362,4.142,1.838,0.022707142,0.003,-1.0,1.0,0.016,0.022707142,0.016,-1.0,-0.002902381
1581251164.9247499,000000000401,e78f135624ce,-79,16.224575005,4.142,1.838,0.022691279,0.003,-1.0,1.0,0.016,0.022691279,0.016,-1.0,-0.002897093
1581251164.924751,000000000402,e78f135624ce,-66,16.22457461,4.142,1.838,0.022691252,0.003,-1.0,1.0,0.016,0.022691252,0.016,-1.0,-0.002897084
1581251165.3781364,b827eb4521b4,e78f135624ce,-76,16.081801564,4.155615184,1.838723037,-0.002784295,0.002,-1.0,1.0,0.017723037,-0.002784295,0.017723037,-1.0,-0.001723037
1581251165.3786144,000000000102,e78f135624ce,-78,16.081646204,4.155635102,1.83872702,-0.002816163,0.002,-1.0,1.0,0.01772702,-0.002816163,0.01772702,-1.0,-0.00172702
1581251165.3796058,b827ebf7d096,e78f135624ce,-76,16.081324017,4.155676408,1.838735282,-0.002882253,0.002,-1.0,1.0,0.017735282,-0.002882253,0.017735282,-1.0,-0.001735282
1581251165.3802102,b827ebfd7811,e78f135624ce,-71,16.08112759,4.155701591,1.838740318,-0.002922546,0.002,-1.0,1.0,0.017740318,-0.002922546,0.017740318,-1.0,-0.001740318
1581251165.3802416,b827eb917e19,e78f135624ce,-81,16.081117362,4.155702902,1.83874058,-0.002924644,0.002,-1.0,1.0,0.01774058,-0.002924644,0.01774058,-1.0,-0.00174058
1581251165.3806295,000000000101,e78f135624ce,-69,16.080991292,4.155719065,1.838743813,-0.002950504,0.002,-1.0,1.0,0.017743813,-0.002950504,0.017743813,-1.0,-0.001743813
1581251165.381047,000000000201,e78f135624ce,-88,16.080855614,4.15573646,1.838747292,-0.002978336,0.002,-1.0,1.0,0.017747292,-0.002978336,0.017747292,-1.0,-0.001747292
1581251165.3827505,000000000402,e78f135624ce,-71,16.080301975,4.155807439,1.838761488,-0.003091903,0.002,-1.0,1.0,0.017761488,-0.003091903,0.017761488,-1.0,-0.001761488
1581251165.383604,000000000301,e78f135624ce,-69,16.080024575,4.155843003,1.838768601,-0.003148805,0.002,-1.0,1.0,0.017768601,-0.003148805,0.017768601,-1.0,-0.001768601
1581251165.3836088,000000000302,e78f135624ce,-68,16.080023025,4.155843202,1.83876864,-0.003149123,0.002,-1.0,1.0,0.01776864,-0.003149123,0.01776864,-1.0,-0.00176864
1581251165.3836975,000000000401,e78f135624ce,-61,16.0799942,4.155846897,1.838769379,-0.003155036,0.002,-1.0,1.0,0.017769379,-0.003155036,0.017769379,-1.0,-0.001769379
1581251165.8316574,b827eb4521b4,e78f135624ce,-83,15.919207287,4.159314308,1.827650019,-0.013985731,0.007678558,-1.0,0.326729645,0.014328577,-0.013992865,0.014328577,-0.327393933,0.007014269
1581251165.8326058,000000000102,e78f135624ce,-83,15.918788397,4.159251079,1.827594694,-0.013938309,0.007718076,-1.0,0.323615633,0.01431277,-0.013969155,0.01431277,-0.324272018,0.007061691
1581251165.833627,000000000101,e78f135624ce,-80,15.91833739,4.159183002,1.827535127,-0.013887252,0.007760624,-1.0,0.320262865,0.014295751,-0.013943626,0.014295751,-0.32091074,0.007112748
1581251165.833734,b827eb917e19,e78f135624ce,-80,15.91829011,4.159175866,1.827528882,-0.013881899,0.007765084,-1.0,0.319911384,0.014293966,-0.01394095,0.014293966,-0.320558367,0.007118101
1581251165.8340642,000000000202,e78f135624ce,-76,15.918144267,4.159153852,1.82750962,-0.013865389,0.007778843,-1.0,0.318827194,0.014288463,-0.013932694,0.014288463,-0.319471426,0.007134611
1581251165.8347216,b827ebf7d096,e78f135624ce,-75,15.917853951,4.15911003,1.827471276,-0.013832523,0.007806231,-1.0,0.316668991,0.014277508,-0.013916261,0.014277508,-0.317307745,0.007167477
1581251165.835342,b827ebfd7811,e78f135624ce,-71,15.917579956,4.159068673,1.827435088,-0.013801504,0.00783208,-1.0,0.314632124,0.014267168,-0.013900752,0.014267168,-0.315265708,0.007198496
1581251165.836619,000000000301,e78f135624ce,-81,15.91701596,4.158983541,1.827360599,-0.013737656,0.007885287,-1.0,0.310439402,0.014245885,-0.013868828,0.014245885,-0.311062345,0.007262344
1581251165.8366275,000000000302,e78f135624ce,-80,15.917012169,4.158982969,1.827360098,-0.013737227,0.007885644,-1.0,0.310411221,0.014245742,-0.013868613,0.014245742,-0.311034092,0.007262773
1581251165.8377302,000000000402,e78f135624ce,-76,15.916525149,4.158909456,1.827295774,-0.013682092,0.00793159,-1.0,0.306790732,0.014227364,-0.013841046,0.014227364,-0.307404414,0.007317908
1581251166.2835572,b827eb4521b4,e78f135624ce,-81,15.72624618,4.138180343,1.811240458,-0.014699428,0.017939886,-1.0,-0.576802491,0.011,0.005519084,0.011,0.576742376,0.017879771
1581251166.2845917,000000000102,e78f135624ce,-74,15.725816466,4.13815647,1.811208627,-0.014739216,0.017947843,-1.0,-0.578020014,0.011,0.005582746,0.011,0.577967858,0.017895686
1581251166.2868333,b827ebf7d096,e78f135624ce,-85,15.724885335,4.138104741,1.811139654,-0.014825432,0.017965086,-1.0,-0.580658216,0.011,0.005720691,0.011,0.580623303,0.017930173
1581251166.2873826,b827ebfd7811,e78f135624ce,-71,15.724657158,4.138092064,1.811122752,-0.014846559,0.017969312,-1.0,-0.581304719,0.011,0.005754495,0.011,0.581274031,0.017938624
1581251166.288615,000000000302,e78f135624ce,-73,15.724145244,4.138063625,1.811084833,-0.014893959,0.017978792,-1.0,-0.582755141,0.011,0.005830334,0.011,0.582733932,0.017957584
1581251166.2895672,000000000301,e78f135624ce,-74,15.723749697,4.13804165,1.811055533,-0.014930584,0.017986117,-1.0,-0.583875857,0.011,0.005888934,0.011,0.583861974,0.017972233
1581251166.2897108,000000000402,e78f135624ce,-75,15.723690078,4.138038338,1.811051117,-0.014936104,0.017987221,-1.0,-0.584044779,0.011,0.005897766,0.011,0.584031999,0.017974442
