1581252856.1303494,000000000401,e78f135624ce,-83,11.714,-0.144,1.77,1.002,0.013,0.023,-0.018,0.004,1.002,0.013,-0.997,0.004
1581252856.5893438,000000000401,e78f135624ce,-69,11.715942048,-0.144028976,1.773855121,1.002,0.014971024,0.022028976,-0.018028976,0.003028976,1.002,0.014971024,-0.998,0.003057952
1581252857.0483444,000000000401,e78f135624ce,-86,11.646636586,-0.136223828,1.798845966,0.999,0.016,0.031,-0.031,-0.008664259,0.999,0.016,-1.0,-0.008664259
1581252857.4993415,000000000401,e78f135624ce,-82,11.523253888,-0.107894979,1.824884017,0.999,0.016221004,0.044442009,-0.044442009,-0.011778996,0.999,0.016221004,-1.0,-0.011
1581252857.9543393,000000000401,e78f135624ce,-76,11.430679137,-0.087017204,1.834593119,0.998,0.016,0.050796559,-0.050796559,-0.010203441,0.999,0.017,-1.0,-0.009203441
1581252858.406336,000000000401,e78f135624ce,-78,11.439527271,-0.092629436,1.870897834,0.999,0.01845368,0.033009525,-0.033009525,-0.018361039,0.999,0.018907359,-0.99954632,-0.017814718
1581252858.859323,000000000401,e78f135624ce,-80,11.494581702,-0.112939149,1.897292766,0.999,0.021764255,0.012296596,-0.011414468,-0.021528511,0.999,0.021764255,-0.999,-0.020646383
1581252859.314326,000000000401,e78f135624ce,-71,11.481264851,-0.111409558,1.893036177,0.999,0.021481912,0.014590442,-0.014590442,-0.018518088,0.999,0.021481912,-0.999,-0.017518088
1581252859.7743304,000000000401,e78f135624ce,-86,11.485056605,-0.115226416,1.879490566,0.999,0.021622642,0.018150943,-0.017150943,-0.012622642,0.999,0.021622642,-1.0,-0.012622642
1581252860.2313228,000000000401,e78f135624ce,-76,11.450374555,-0.094160524,1.868957194,0.999,0.02,0.029860879,-0.028871581,-0.011967895,0.999,0.020989298,-1.0,-0.010978597
1581252860.6833467,000000000401,e78f135624ce,-69,11.503405967,-0.088766936,1.829887259,0.999,0.021,0.021,-0.021,-0.002060161,0.999,0.021646613,-0.999353387,-0.001706774
1581252861.1343277,000000000401,e78f135624ce,-75,11.49433658,-0.04655285,1.834477513,0.999,0.020592953,0.028703523,-0.028703523,-0.00733171,0.998,0.021296477,-0.999,-0.00633171
1581252861.59036,000000000401,e78f135624ce,-69,11.663765303,0.01705403,1.732930354,0.992896159,0.028,0.000130856,-0.001027015,0.016300126,0.989207683,0.026,-0.995311524,0.016196284
1581252862.0473294,000000000401,e78f135624ce,-80,11.567410446,0.157115546,1.708924858,0.996,0.025462429,0.037300567,-0.038762996,0.022075142,0.993537571,0.024462429,-0.997,0.023075142
1581252862.499323,000000000401,e78f135624ce,-69,11.5324379,0.294850448,1.742550064,0.998,0.023275032,0.038449936,-0.039449936,0.011862484,0.997,0.023137516,-0.999,0.011862484
1581252862.9593146,000000000401,e78f135624ce,-73,11.411657283,0.458416629,1.792427627,0.996180818,0.024180818,0.063010998,-0.063010998,-0.001649362,0.995180818,0.025,-0.998180818,0.00016982
1581252863.4143195,000000000401,e78f135624ce,-69,11.427040091,0.577330096,1.86885703,0.996053868,0.024,0.043718916,-0.04324585,-0.013676793,0.995580802,0.024473066,-0.998526934,-0.012203727
1581252863.867338,000000000401,e78f135624ce,-80,11.298775584,0.759365171,1.9368772,0.995776661,0.02611167,0.054868222,-0.054756553,-0.018573429,0.994441652,0.027441652,-0.997664991,-0.017685099
1581252864.3173208,000000000401,e78f135624ce,-72,11.487466689,0.940249958,2.023904199,0.995704166,0.026,0.036449992,-0.035449992,-0.022662506,0.993704166,0.024704166,-0.996704166,-0.021662506
1581252864.7693114,000000000401,e78f135624ce,-79,11.514293176,1.097022896,1.993830516,0.996087738,0.028,0.039426706,-0.039122619,-0.014391825,0.995391825,0.028,-0.998,-0.013087738
1581252865.2202957,000000000401,e78f135624ce,-74,11.394830622,1.323315437,1.863867137,0.995096349,0.027096349,0.062903651,-0.062903651,0.009192697,0.994903651,0.026,-0.998,0.011096349
1581252865.6783223,000000000401,e78f135624ce,-64,11.433550138,1.529523669,1.828257661,0.997,0.01983844,0.05441922,-0.05541922,0.00741922,0.997,0.01883844,-0.999,0.00883844
1581252866.1303658,000000000401,e78f135624ce,-70,11.47348319,1.756713054,1.819788116,0.485625492,0.016,0.060364347,-0.012728695,0.005,0.997211884,0.016,-0.485625492,0.007788116
1581252866.5863001,000000000401,e78f135624ce,-76,11.490724654,1.977014969,1.815275346,0.137245408,0.012275346,0.049826038,0.006586981,-0.005586981,0.998,0.013275346,-0.136383081,0.009724654
1581252867.0373142,000000000401,e78f135624ce,-65,11.493,2.187430179,1.81654589,0.149410194,0.013,0.042,0.003816441,-0.007,0.999,0.013,-0.149410194,0.00645411
1581252867.948384,000000000401,e78f135624ce,-65,11.502778155,2.594955615,1.821682594,0.215914786,0.013587032,0.016778155,0.012460749,0.002,0.999317406,0.013587032,-0.215597379,0.003634813
1581252868.4073234,000000000401,e78f135624ce,-69,11.50883209,2.800022372,1.826778606,0.425349452,0.011389303,0.020778606,0.001885574,0.001610697,1.0,0.011389303,-0.425349452,0.003
1581252868.8642995,000000000401,e78f135624ce,-66,11.50608199,3.000427481,1.83208199,0.821099519,0.01208199,0.02708199,-0.020245971,0.001,1.0,0.01208199,-0.822017529,0.00191801
1581252869.3203073,000000000401,e78f135624ce,-69,11.509,3.202447597,1.834,0.802099347,0.011,0.036113264,-0.026295579,0.000295579,0.999,0.011,-0.802803768,0.002
1581252869.7712977,000000000401,e78f135624ce,-72,11.510482241,3.402238371,1.835,0.920954228,0.012,0.037741121,-0.033741121,-0.001,0.999,0.012,-0.920954228,0.0
1581252870.2273579,000000000401,e78f135624ce,-65,11.507,3.602035661,1.835,0.975005943,0.012110451,0.027331352,-0.026220901,-0.001,1.0,0.012110451,-0.975005943,-0.0
1581252870.6805809,000000000401,e78f135624ce,-73,11.503,3.802437685,1.829666284,0.596016069,0.008889144,0.020889144,-0.01122286,-0.003889144,1.0,0.008889144,-0.596016069,0.002889144
1581252871.140363,000000000401,e78f135624ce,-81,11.494,3.991407884,1.828268158,0.169413419,0.003731842,0.009463685,-0.002463685,-0.004731842,1.0,0.003731842,-0.169413419,0.004
1581252871.5952797,000000000401,e78f135624ce,-68,11.484877059,4.170983525,1.833976764,-0.023937053,0.001,0.009,-0.000853823,0.000415294,1.0,0.001,0.023937053,0.002584706
1581252872.0492997,000000000401,e78f135624ce,-69,11.477941313,4.346003487,1.841470657,0.001348634,0.002,0.020353283,-0.00158803,0.004470657,1.0,0.002,-0.001348634,0.0
1581252872.5043712,000000000401,e78f135624ce,-65,11.468743642,4.533331325,1.830866265,-0.336386886,0.00057751,0.029540027,0.005401205,-0.002096252,0.998903748,0.00057751,0.336290635,0.005711245
1581252872.958281,000000000401,e78f135624ce,-73,11.384236439,4.707840953,1.789719682,0.082769662,0.007671542,0.046468617,-0.021811701,0.007,0.998,0.006937234,-0.082769662,0.016937234
1581252873.8682764,000000000401,e78f135624ce,-68,11.458041965,5.066888439,1.803741041,0.308357224,0.013167861,0.044125896,-0.024083931,0.003293757,0.994041965,0.012125896,-0.311273293,0.015335722
1581252874.3192647,000000000401,e78f135624ce,-78,11.420370312,5.235303436,1.780437189,0.459852347,0.014362969,0.043992657,-0.03490375,0.007274062,0.996637031,0.014362969,-0.460852347,0.016733281
1581252875.2233024,000000000401,e78f135624ce,-67,11.519104864,5.629742132,1.851849857,0.656153004,0.02,0.043498569,-0.024198283,-0.002150143,0.988549571,0.015849857,-0.663303147,-0.005150143
1581252875.6813083,000000000401,e78f135624ce,-61,11.501590166,5.826814461,1.812561099,0.635204917,0.017526826,0.047258568,-0.028258568,0.007741432,0.995,0.016053651,-0.637678091,0.010848735
1581252876.1342971,000000000401,e78f135624ce,-72,11.511017577,6.009251308,1.774982423,0.861442875,0.024,0.041660808,-0.034991212,0.01717399,0.997,0.023,-0.862442875,0.020008788
1581252876.5950906,000000000401,e78f135624ce,-64,11.800920777,6.208498907,1.845852248,0.815543865,0.024147752,-0.063955042,0.070250546,-0.005147752,0.978965735,0.018852248,-0.83457813,-0.007147752
1581252877.0509257,000000000401,e78f135624ce,-74,11.627568557,6.436894472,1.856326274,0.766295407,0.02054738,0.018842067,-0.011421034,-0.006,0.991968413,0.01954738,-0.7738112,-0.00745262
1581252877.50726,000000000401,e78f135624ce,-65,11.697954458,6.680339886,1.884871524,-0.014256952,0.005879674,0.057315436,0.031759348,0.010120326,0.986360978,0.002120326,0.020136626,-0.007556088
1581252877.960261,000000000401,e78f135624ce,-72,11.618079976,6.878104059,1.863303999,0.02336807,0.007,0.030911996,0.009127992,0.003215995,0.994696001,0.005696001,-0.021760073,0.001
1581252878.4132788,000000000401,e78f135624ce,-63,11.570756277,7.063020684,1.856360414,-0.005014765,0.006360414,0.025279173,0.006279173,-0.005360414,0.998,0.006,0.005654351,0.002639586
1581252878.867266,000000000401,e78f135624ce,-59,11.544841247,7.26080978,1.853904748,-0.028031468,0.004968249,0.015841247,0.007,-0.007968249,0.999,0.005,0.028031468,0.002031751
1581252879.3272686,000000000401,e78f135624ce,-66,11.521969608,7.471223851,1.846646405,-0.156826446,0.002292811,0.007646405,0.003,-0.008676797,1.0,0.002292811,0.156826446,0.005030392
1581252879.787256,000000000401,e78f135624ce,-68,11.510373908,7.682843625,1.838373908,-0.731730639,-0.003313046,0.007626092,0.005939138,-0.011,1.0,-0.003313046,0.731730639,0.009313046
1581252880.2392676,000000000401,e78f135624ce,-73,11.50790319,7.900191413,1.833,-0.913998896,-0.00680638,0.022515951,0.021612761,-0.011,1.0,-0.00680638,0.913998896,0.01009681
1581252881.1422627,000000000401,e78f135624ce,-60,11.516,8.348669412,1.824,-0.990630896,-0.008,0.023158805,0.023158805,-0.011789701,1.0,-0.007789701,0.991420597,0.011789701
1581252881.6002479,000000000401,e78f135624ce,-72,11.531623783,8.56877295,1.824435675,-0.25034492,0.002623783,0.004623783,0.024376217,-0.007811892,0.999811892,0.003435675,0.25034492,0.005752434
1581252882.055242,000000000401,e78f135624ce,-65,11.544436843,8.7835211,1.83,0.486557828,0.003563157,0.002184214,0.012310529,-0.001563157,1.0,0.003563157,-0.486557828,0.003436843
1581252882.5082285,000000000401,e78f135624ce,-64,11.545090126,9.004793915,1.832090126,0.783658725,0.002,-0.002180253,0.010045063,0.003045063,1.0,0.002954937,-0.783658725,0.005
1581252882.96127,000000000401,e78f135624ce,-63,11.546,9.231224581,1.835360756,0.930648698,0.003,-0.010680378,0.012680378,0.003639244,1.0,0.003,-0.930648698,0.004639244
1581252883.414299,000000000401,e78f135624ce,-73,11.543319062,9.456419998,1.838,0.977914375,0.003361875,-0.01727625,0.017595312,0.002319062,1.0,0.003361875,-0.977914375,0.002319062
1581252883.8672237,000000000401,e78f135624ce,-59,11.538186571,9.685014869,1.837139928,0.683972296,4.6643e-05,-0.027,0.021279856,0.002093285,1.0,4.6643e-05,-0.684018938,0.004953357
1581252884.3171802,000000000401,e78f135624ce,-61,11.519927346,9.915397587,1.837536327,0.131685657,0.000463673,-0.020318365,0.006,-0.000536327,1.0,0.000463673,-0.131685657,0.003
1581252884.7732008,000000000401,e78f135624ce,-64,11.508830168,10.150039059,1.834339663,-0.012001079,-0.001,-0.003320673,0.003339663,-0.004830168,1.0,-0.001,0.012001079,0.004830168
1581252885.6912549,000000000401,e78f135624ce,-70,11.50310566,10.604373576,1.803945287,-0.125305678,0.00810566,0.013420755,0.001,0.00910566,0.999473585,0.00810566,0.125779263,0.01015849
1581252886.1482282,000000000401,e78f135624ce,-65,11.559540729,10.807162917,1.782136779,0.016443157,0.008781763,0.003631915,0.015781763,0.009149848,0.998804559,0.008781763,-0.016443157,0.012954407
1581252886.6042252,000000000401,e78f135624ce,-69,11.571704607,11.013462429,1.758619857,0.01170239,0.009619857,-0.006,0.015239714,0.008239714,0.999,0.010464893,-0.010857354,0.016154964
1581252887.059291,000000000401,e78f135624ce,-65,11.510058834,11.231117318,1.747529417,-0.360823149,0.008470583,-0.019529417,-0.008529417,-0.006470583,0.999,0.007941166,0.360823149,0.016058834
1581252887.5092902,000000000401,e78f135624ce,-67,11.51305391,11.429911165,1.74494609,0.075709197,0.01305391,-0.022730448,-0.00105391,0.001161731,0.999,0.01305391,-0.075709197,0.01605391
1581252887.9672227,000000000401,e78f135624ce,-64,11.520417282,11.623737811,1.755697193,0.655870009,0.016674298,0.004,-0.012977105,0.007674298,0.999,0.016,-0.656195711,0.014
1581252888.4212368,000000000401,e78f135624ce,-74,11.518804104,11.835712173,1.783962517,0.793441311,0.014345828,0.017962517,-0.017962517,0.00738331,0.999,0.014,-0.793441311,0.008037483
1581252888.8792474,000000000401,e78f135624ce,-79,11.541367232,12.042846052,1.762275424,0.935826273,0.014954096,0.009908192,-0.009908192,0.021862288,0.999,0.014954096,-0.935780369,0.021862288
1581252889.7892675,000000000401,e78f135624ce,-73,11.577202118,12.468944574,1.789038305,0.993240424,0.018,-0.005961695,0.005961695,0.008480847,1.0,0.018,-0.993240424,0.007721271
1581252890.2472012,000000000401,e78f135624ce,-69,11.580004126,12.683971116,1.799219013,0.805987463,0.014334709,-0.014665291,0.007557848,0.003446278,1.0,0.014334709,-0.805987463,0.005223139
1581252890.7052078,000000000401,e78f135624ce,-79,11.57694239,12.908308675,1.817,0.510391033,0.008765434,-0.021176956,0.01194239,-0.004588478,1.0,0.008353912,-0.510391033,-0.001588478
1581252891.1592402,000000000401,e78f135624ce,-69,11.566601383,13.136827884,1.824780415,0.237490568,0.003040553,-0.01756083,0.008341245,-0.006520277,1.0,0.003040553,-0.237750706,-0.000300692
1581252891.6133275,000000000401,e78f135624ce,-70,11.564812223,13.357603541,1.826512666,0.298265372,0.005487334,-0.015487334,0.010324889,-0.006,1.0,0.005487334,-0.298427817,-0.000162445
1581252892.0732133,000000000401,e78f135624ce,-77,11.534980378,13.579692948,1.839006541,-0.572934951,-0.012509811,-0.00849673,-6.541e-06,-0.004,1.0,-0.012509811,0.572934951,0.002
1581252892.5281944,000000000401,e78f135624ce,-69,11.519487551,13.801071079,1.846128112,-0.864740157,-0.017128112,-0.002615663,-0.000615663,-0.002128112,1.0,-0.017128112,0.86486827,0.001128112
1581252892.9802382,000000000401,e78f135624ce,-75,11.515744272,14.033457998,1.845253182,-0.551584107,-0.013255728,0.006501273,0.006751909,-0.002250636,1.0,-0.013255728,0.551584107,0.003
1581252893.4301987,000000000401,e78f135624ce,-66,11.532915556,14.278053336,1.834813333,-0.329888897,-0.000271111,0.021093333,0.014822222,-0.003093333,1.0,-0.000271111,0.330253342,0.003093333
1581252893.887192,000000000401,e78f135624ce,-67,11.552134497,14.512118333,1.817067249,-0.790916587,0.001966376,0.018932751,0.016966376,-0.009865503,1.0,0.001966376,0.790916587,0.008899127
1581252894.343222,000000000401,e78f135624ce,-73,11.561350043,14.733210536,1.816659983,-0.714980799,0.003,0.014020051,0.019680034,-0.004,1.0,0.003,0.714980799,0.004
1581252894.7962327,000000000401,e78f135624ce,-77,11.578772548,14.952592161,1.813505883,-0.835364709,-0.000227452,0.026607843,0.03105098,-0.002607843,0.999,0.000494117,0.835364709,0.002607843
1581252895.2461853,000000000401,e78f135624ce,-72,11.549023732,15.166449978,1.832744067,-0.946696603,-0.013,0.012383899,0.013511866,0.004,1.0,-0.013,0.946696603,-0.004
1581252895.706191,000000000401,e78f135624ce,-84,11.535871228,15.393427534,1.846821929,-0.982821929,-0.019564386,0.010435614,0.011,0.005564386,1.0,-0.019564386,0.982821929,-0.005564386
1581252896.1571918,000000000401,e78f135624ce,-85,11.531250127,15.61343557,1.854562405,-0.994374937,-0.020187468,0.009625063,0.009625063,0.005187468,1.0,-0.020187468,0.994374937,-0.005187468
1581252896.613231,000000000401,e78f135624ce,-74,11.528163249,15.831531539,1.861510252,-0.998,-0.023,0.004326499,0.004326499,0.005836751,1.0,-0.023,0.998,-0.005836751
1581252897.0651808,000000000401,e78f135624ce,-83,11.535,16.04130727,1.864691003,-0.999,-0.023436332,-0.002181661,-0.002181661,0.005127336,1.0,-0.023436332,0.999,-0.005127336
1581252897.5151916,000000000401,e78f135624ce,-71,11.54703951,16.256086524,1.849098775,-0.999019755,-0.021019755,-0.00692098,-0.00692098,5.9265e-05,1.0,-0.021019755,1.0,-5.9265e-05
1581252897.9691854,000000000401,e78f135624ce,-70,11.540298667,16.458779555,1.859084444,-0.999383111,-0.021,0.010701333,0.010701333,0.005233778,1.0,-0.021,1.0,-0.005233778
1581252898.422216,000000000401,e78f135624ce,-79,11.54684418,16.664351059,1.84031164,-0.999,-0.017437213,0.028281393,0.028281393,0.0,0.999,-0.017437213,1.0,0.000281393
1581252898.8782985,000000000401,e78f135624ce,-74,11.565917776,16.860779948,1.832287785,-0.999,-0.011041112,0.024164448,0.024164448,0.001082224,0.999,-0.011041112,1.0,-0.001082224
1581252899.3341599,000000000401,e78f135624ce,-78,11.605211865,17.038784734,1.836903388,-0.999,-0.006884746,0.018211865,0.018211865,0.006230508,0.999,-0.006884746,1.0,-0.005672881
1581252899.79072,000000000401,e78f135624ce,-79,11.563556123,17.232973215,1.853674563,-0.999,-0.006162719,-0.004698251,-0.004698251,0.009674563,0.999,-0.005162719,1.0,-0.009674563
1581252900.2457368,000000000401,e78f135624ce,-77,11.929972905,17.454455146,1.848994384,-0.979,0.0,0.098773831,0.096773831,-0.00251776,0.976,-0.003580373,0.996,0.002711217
1581252900.695891,000000000401,e78f135624ce,-76,11.793846499,17.603975504,1.794559502,-0.9923515,-0.0053515,0.0187475,0.0177475,-0.010395999,0.9903515,-0.006901,0.998,0.010395999
1581252901.151824,000000000401,e78f135624ce,-75,11.714285266,17.767886521,1.831307524,-0.997135737,-0.008,-0.001271473,-0.002135737,0.001678684,0.996135737,-0.009,0.999,-0.001678684
1581252901.6018815,000000000401,e78f135624ce,-76,11.666011102,17.879541417,1.847247224,-0.998658839,-0.010317677,0.001093937,0.001093937,0.000635354,0.998,-0.009658839,0.999,-0.000976516
1581252902.0531762,000000000401,e78f135624ce,-69,11.600782564,17.93882993,1.888517762,-0.999,-0.01225296,-0.008470396,-0.009217436,0.011,0.999,-0.01225296,0.99925296,-0.011
1581252902.5101283,000000000401,e78f135624ce,-74,11.535514896,17.972804728,1.878781088,-0.999,-0.012,-0.019218912,-0.019218912,0.002292908,0.999,-0.012,1.0,-0.002292908
1581252902.9647355,000000000401,e78f135624ce,-73,11.415255247,17.958191461,1.845446811,-0.998,-0.009106379,-0.043595782,-0.043595782,-0.006446811,0.998,-0.010106379,1.0,0.005446811
