1581252856.1303382,b827ebfd7811,e78f135624ce,-67,11.714,-0.144,1.77,1.002,0.013,0.023,-0.018,0.004,1.002,0.013,-0.997,0.004
1581252856.5863476,b827ebfd7811,e78f135624ce,-70,11.715892112,-0.144053944,1.773730279,1.002,0.014946056,0.022053944,-0.018053944,0.003053944,1.002,0.014946056,-0.998,0.003107888
1581252857.045018,b827ebfd7811,e78f135624ce,-71,11.64735731,-0.136390149,1.798236122,0.999,0.016,0.031,-0.031,-0.008414777,0.999,0.016,-1.0,-0.008414777
1581252857.495657,b827ebfd7811,e78f135624ce,-71,11.524052202,-0.1080485,1.8247612,0.999,0.0161903,0.0443806,-0.0443806,-0.0118097,0.999,0.0161903,-1.0,-0.011
1581252857.9538748,b827ebfd7811,e78f135624ce,-71,11.430755437,-0.087033791,1.834586484,0.998,0.016,0.050793242,-0.050793242,-0.010206758,0.999,0.017,-1.0,-0.009206758
1581252858.4060717,b827ebfd7811,e78f135624ce,-68,11.43948761,-0.092614328,1.870873282,0.999,0.018451791,0.0330303,-0.0330303,-0.018355373,0.999,0.018903582,-0.999548209,-0.017807164
1581252858.8599765,b827ebfd7811,e78f135624ce,-70,11.494446333,-0.112897138,1.897264759,0.999,0.02175492,0.012347943,-0.011470483,-0.021509839,0.999,0.02175492,-0.999,-0.020632379
1581252859.7703319,b827ebfd7811,e78f135624ce,-71,11.486110761,-0.115589917,1.879635967,0.999,0.021658992,0.017751091,-0.016751091,-0.012658992,0.999,0.021658992,-1.0,-0.012658992
1581252860.2277522,b827ebfd7811,e78f135624ce,-66,11.451267194,-0.094543083,1.868855178,0.999,0.02,0.029529328,-0.028565534,-0.011891383,0.999,0.020963794,-1.0,-0.010927589
1581252860.6826239,b827ebfd7811,e78f135624ce,-69,11.503338842,-0.088792753,1.829944057,0.999,0.021,0.021,-0.021,-0.002075652,0.999,0.021641449,-0.999358551,-0.001717101
1581252861.1338792,b827ebfd7811,e78f135624ce,-70,11.494278921,-0.0466009,1.834547986,0.999,0.020586547,0.028706727,-0.028706727,-0.00736054,0.998,0.021293273,-0.999,-0.00636054
1581252861.5917695,b827ebfd7811,e78f135624ce,-75,11.663565619,0.017500381,1.731920189,0.992907905,0.028,0.000342286,-0.001250191,0.016605524,0.98918419,0.026,-0.995276286,0.016513429
1581252862.0438285,b827ebfd7811,e78f135624ce,-69,11.568256507,0.155861042,1.708983207,0.996,0.025491604,0.037067171,-0.038558774,0.022016793,0.993508396,0.024491604,-0.997,0.023016793
1581252862.4950001,b827ebfd7811,e78f135624ce,-63,11.531537322,0.293841801,1.742405972,0.998,0.023202986,0.038594028,-0.039594028,0.011898507,0.997,0.023101493,-0.999,0.011898507
1581252862.9555109,b827ebfd7811,e78f135624ce,-71,11.413705443,0.456865879,1.790555023,0.996210078,0.024210078,0.062689145,-0.062689145,-0.001268989,0.995210078,0.025,-0.998210078,0.000520933
1581252863.4138863,b827ebfd7811,e78f135624ce,-67,11.427539944,0.57712349,1.868653756,0.996060533,0.024,0.043622277,-0.043152544,-0.013636804,0.995590799,0.024469734,-0.998530266,-0.012167071
1581252863.8667223,b827ebfd7811,e78f135624ce,-68,11.29785219,0.759095255,1.936034307,0.995786131,0.026106934,0.055043431,-0.054936496,-0.018421898,0.994465328,0.027465328,-0.997679197,-0.017528832
1581252864.3188963,b827ebfd7811,e78f135624ce,-71,11.487046563,0.941037694,2.02328714,0.995717295,0.026,0.036607539,-0.035607539,-0.022544346,0.993717295,0.024717295,-0.996717295,-0.021544346
1581252864.7688684,b827ebfd7811,e78f135624ce,-64,11.514750924,1.096731266,1.993893272,0.996098813,0.028,0.039312269,-0.039011873,-0.014399208,0.995399208,0.028,-0.998,-0.013098813
1581252865.6748612,b827ebfd7811,e78f135624ce,-66,11.433204026,1.528032726,1.828337533,0.997,0.019891688,0.054445844,-0.055445844,0.007445844,0.997,0.018891688,-0.999,0.008891688
1581252866.1275387,b827ebfd7811,e78f135624ce,-59,11.473330958,1.755408209,1.819809863,0.487408781,0.016,0.06042959,-0.012859179,0.005,0.997190137,0.016,-0.487408781,0.007809863
1581252866.5824547,b827ebfd7811,e78f135624ce,-67,11.490660563,1.975156331,1.815339437,0.141026774,0.012339437,0.050018311,0.006490845,-0.005490845,0.998,0.013339437,-0.140196493,0.009660563
1581252867.0339823,b827ebfd7811,e78f135624ce,-69,11.493,2.185875291,1.816573656,0.15238114,0.013,0.042,0.003705378,-0.007,0.999,0.013,-0.15238114,0.006426344
1581252867.488828,b827ebfd7811,e78f135624ce,-67,11.496949942,2.388803249,1.822100116,0.382459805,0.015050058,0.030649594,0.001899884,-0.003,0.999,0.015050058,-0.381509863,0.002949942
1581252867.9483995,b827ebfd7811,e78f135624ce,-64,11.50277893,2.594962257,1.821682704,0.215870176,0.013586479,0.01677893,0.012461634,0.002,0.999317296,0.013586479,-0.21555288,0.003634591
1581252868.404353,b827ebfd7811,e78f135624ce,-59,11.508895743,2.798876625,1.826736171,0.421678818,0.011368086,0.020736171,0.002055315,0.001631914,1.0,0.011368086,-0.421678818,0.003
1581252868.8596172,b827ebfd7811,e78f135624ce,-69,11.506048545,2.998621451,1.832048545,0.81942727,0.012048545,0.027048545,-0.020145636,0.001,1.0,0.012048545,-0.820378724,0.001951455
1581252869.3167453,b827ebfd7811,e78f135624ce,-62,11.509,3.200634227,1.834,0.804301296,0.011,0.036016119,-0.02632796,0.00032796,0.999,0.011,-0.804973336,0.002
1581252869.768147,b827ebfd7811,e78f135624ce,-60,11.510539527,3.400663019,1.835,0.920295444,0.012,0.037769763,-0.033769763,-0.001,0.999,0.012,-0.920295444,0.0
1581252870.2274954,b827ebfd7811,e78f135624ce,-64,11.507,3.602088722,1.835,0.975014787,0.012109468,0.027328404,-0.026218936,-0.001,1.0,0.012109468,-0.975014787,-0.0
1581252870.6790566,b827ebfd7811,e78f135624ce,-57,11.503,3.801860663,1.829633622,0.597387857,0.008910918,0.020910918,-0.011277296,-0.003910918,1.0,0.008910918,-0.597387857,0.002910918
1581252871.1363409,b827ebfd7811,e78f135624ce,-54,11.494,3.989971414,1.828239428,0.169154854,0.003760572,0.009521143,-0.002521143,-0.004760572,1.0,0.003760572,-0.169154854,0.004
1581252871.5907285,b827ebfd7811,e78f135624ce,-61,11.485104618,4.169163055,1.833711279,-0.021585612,0.001,0.009,-0.000815897,0.000263588,1.0,0.001,0.021585612,0.002736412
1581252872.0462778,b827ebfd7811,e78f135624ce,-60,11.477890947,4.344719155,1.841445474,0.002935162,0.002,0.020227368,-0.001663579,0.004445474,1.0,0.002,-0.002935162,0.0
1581252872.5073104,b827ebfd7811,e78f135624ce,-55,11.467151561,4.534433535,1.831086707,-0.327324269,0.000724471,0.029931923,0.004739879,-0.002120745,0.998879255,0.000724471,0.327203524,0.005637764
1581252872.9608989,b827ebfd7811,e78f135624ce,-61,11.383612187,4.708686715,1.789437762,0.086273532,0.007772228,0.046508891,-0.022053347,0.007,0.998,0.007017782,-0.086273532,0.017017782
1581252873.8652844,b827ebfd7811,e78f135624ce,-62,11.458018951,5.065852777,1.804431482,0.306516047,0.013075802,0.044056852,-0.024037901,0.003132654,0.994018951,0.012056852,-0.309478146,0.015151605
1581252874.3156295,b827ebfd7811,e78f135624ce,-68,11.420067381,5.233909953,1.781224809,0.46242726,0.014393262,0.044325881,-0.035146095,0.007213476,0.996606738,0.014393262,-0.46342726,0.016460643
1581252874.766076,b827ebfd7811,e78f135624ce,-67,11.423881965,5.423883431,1.78121652,0.533550342,0.017581378,0.040434506,-0.030070381,0.007093109,0.99351173,0.013837243,-0.53648827,0.012604839
1581252875.2185822,b827ebfd7811,e78f135624ce,-72,11.520339379,5.627745122,1.851813548,0.656915499,0.02,0.043135477,-0.023762572,-0.002186452,0.988440643,0.015813548,-0.664101951,-0.005186452
1581252875.6775086,b827ebfd7811,e78f135624ce,-67,11.500947144,5.825382276,1.813584088,0.635526428,0.017497597,0.047521623,-0.028521623,0.007478377,0.995,0.015995195,-0.63802883,0.010468767
1581252876.134502,b827ebfd7811,e78f135624ce,-73,11.510998672,6.00933953,1.775001328,0.861504315,0.024,0.041667109,-0.035000664,0.017166113,0.997,0.023,-0.862504315,0.019999336
1581252877.0472937,b827ebfd7811,e78f135624ce,-68,11.628658179,6.434775763,1.855993334,0.771652713,0.020638182,0.018539395,-0.011269697,-0.006,0.991907879,0.019638182,-0.779198774,-0.007361818
1581252877.5037863,b827ebfd7811,e78f135624ce,-83,11.698446574,6.678574057,1.885624172,-0.012751655,0.005908622,0.057720708,0.031817244,0.010091378,0.986274134,0.002091378,0.018660277,-0.007903464
1581252877.956829,b827ebfd7811,e78f135624ce,-73,11.618570266,6.876902848,1.863328513,0.021946228,0.007,0.03098554,0.009299593,0.003314053,0.994671487,0.005671487,-0.020289202,0.001
1581252878.4135942,b827ebfd7811,e78f135624ce,-71,11.570735999,7.063133337,1.856362667,-0.004877329,0.006362667,0.025274667,0.006274667,-0.005362667,0.998,0.006,0.005514662,0.002637333
1581252878.8667445,b827ebfd7811,e78f135624ce,-75,11.54485987,7.260597487,1.853915922,-0.028262383,0.004971974,0.01585987,0.007,-0.007971974,0.999,0.005,0.028262383,0.002028026
1581252879.324377,b827ebfd7811,e78f135624ce,-71,11.522048468,7.46977808,1.846698979,-0.149492441,0.002397958,0.007698979,0.003,-0.008650511,1.0,0.002397958,0.149492441,0.004951532
1581252879.7837253,b827ebfd7811,e78f135624ce,-74,11.510438103,7.681014058,1.838438103,-0.729194923,-0.003280948,0.007561897,0.005842845,-0.011,1.0,-0.003280948,0.729194923,0.009280948
1581252880.236328,b827ebfd7811,e78f135624ce,-84,11.507882192,7.898931542,1.833,-0.913347963,-0.006764385,0.022410962,0.021528769,-0.011,1.0,-0.006764385,0.913347963,0.010117808
1581252880.6918836,b827ebfd7811,e78f135624ce,-79,11.511564733,8.123578188,1.828305801,-0.972082598,-0.008435267,0.032564733,0.032564733,-0.011564733,0.999,-0.008435267,0.972517865,0.011564733
1581252881.142331,b827ebfd7811,e78f135624ce,-83,11.516,8.348701071,1.824,-0.990632357,-0.008,0.023156857,0.023156857,-0.011789214,1.0,-0.007789214,0.991421571,0.011789214
1581252882.5048614,b827ebfd7811,e78f135624ce,-76,11.545034006,9.003054201,1.832034006,0.782003191,0.002,-0.002068013,0.010017003,0.003017003,1.0,0.002982997,-0.782003191,0.005
1581252882.9573302,b827ebfd7811,e78f135624ce,-71,11.546,9.229254649,1.835300143,0.929951645,0.003,-0.010650072,0.012650072,0.003699857,1.0,0.003,-0.929951645,0.004699857
1581252883.4092362,b827ebfd7811,e78f135624ce,-74,11.543280118,9.453927535,1.838,0.977680706,0.003439765,-0.017120471,0.017400589,0.002280118,1.0,0.003439765,-0.977680706,0.002280118
1581252883.8636327,b827ebfd7811,e78f135624ce,-74,11.538306273,9.683099635,1.837229705,0.693578392,7.6568e-05,-0.027,0.021459409,0.002153136,1.0,7.6568e-05,-0.69365496,0.004923432
1581252884.31415,b827ebfd7811,e78f135624ce,-76,11.519977847,9.913731052,1.837511077,0.134336963,0.000488923,-0.020444617,0.006,-0.000511077,1.0,0.000488923,-0.134336963,0.003
1581252884.7735178,b827ebfd7811,e78f135624ce,-75,11.508827526,10.15021082,1.834344948,-0.01214113,-0.001,-0.003310103,0.003344948,-0.004827526,1.0,-0.001,0.01214113,0.004827526
1581252885.6874766,b827ebfd7811,e78f135624ce,-72,11.502989407,10.60286229,1.804555614,-0.128270124,0.007989407,0.013507945,0.001,0.008989407,0.999502648,0.007989407,0.128772773,0.00998411
1581252886.144477,b827ebfd7811,e78f135624ce,-74,11.559165602,10.805662407,1.783002458,0.011653068,0.008666339,0.003833907,0.015666339,0.008832432,0.998833415,0.008666339,-0.011653068,0.012665847
1581252886.60373,b827ebfd7811,e78f135624ce,-81,11.57175,11.013181818,1.758636364,0.013159091,0.009636364,-0.006,0.015272727,0.008272727,0.999,0.010477273,-0.012318182,0.016159091
1581252887.0597186,b827ebfd7811,e78f135624ce,-84,11.510051705,11.231345437,1.747525853,-0.361086912,0.008474147,-0.019525853,-0.008525853,-0.006474147,0.999,0.007948295,0.361086912,0.016051705
1581252887.509305,b827ebfd7811,e78f135624ce,-81,11.513054034,11.429917817,1.744945966,0.075726812,0.013054034,-0.022729832,-0.001054034,0.001162101,0.999,0.013054034,-0.075726812,0.016054034
1581252887.9637706,b827ebfd7811,e78f135624ce,-76,11.520146048,11.62243096,1.755598563,0.653059046,0.016649641,0.004,-0.013051078,0.007649641,0.999,0.016,-0.653409405,0.014
1581252888.4172966,b827ebfd7811,e78f135624ce,-83,11.518494524,11.834107988,1.784046948,0.791696408,0.014317684,0.018046948,-0.018046948,0.007270736,0.999,0.014,-0.791696408,0.007953052
1581252888.8758967,b827ebfd7811,e78f135624ce,-83,11.541175762,12.041362156,1.762131822,0.935395465,0.01497803,0.009956059,-0.009956059,0.021934089,0.999,0.01497803,-0.935373494,0.021934089
1581252889.3290844,b827ebfd7811,e78f135624ce,-75,11.553602395,12.255336541,1.781,0.978614373,0.017602395,0.007397605,-0.008,0.012,1.0,0.017602395,-0.978614373,0.012
1581252889.7893476,b827ebfd7811,e78f135624ce,-75,11.57720576,12.468986813,1.789035392,0.993241152,0.018,-0.005964608,0.005964608,0.008482304,1.0,0.018,-0.993241152,0.007723456
1581252890.2436948,b827ebfd7811,e78f135624ce,-82,11.580229539,12.682393227,1.799043692,0.811372321,0.014409846,-0.014590154,0.007683077,0.003546462,1.0,0.014409846,-0.811372321,0.005273231
1581252890.7024004,b827ebfd7811,e78f135624ce,-91,11.576842126,12.907105514,1.817,0.507242761,0.008705276,-0.02113685,0.011842126,-0.004568425,1.0,0.008273701,-0.507242761,-0.001568425
1581252891.155785,b827ebfd7811,e78f135624ce,-84,11.566354586,13.135421141,1.824706376,0.232036352,0.002941834,-0.017412752,0.008119127,-0.006470917,1.0,0.002941834,-0.232271811,-0.000177293
1581252891.6133597,b827ebfd7811,e78f135624ce,-81,11.564810882,13.357620707,1.826513471,0.298218702,0.005486529,-0.015486529,0.010324353,-0.006,1.0,0.005486529,-0.298380878,-0.000162176
1581252892.52462,b827ebfd7811,e78f135624ce,-87,11.519606696,13.799194532,1.846098326,-0.863638058,-0.017098326,-0.002705022,-0.000705022,-0.002098326,1.0,-0.017098326,0.863736384,0.001098326
1581252892.976057,b827ebfd7811,e78f135624ce,-85,11.515454809,14.031335264,1.845413995,-0.568469492,-0.013545191,0.006565598,0.006848397,-0.002282799,1.0,-0.013545191,0.568469492,0.003
1581252893.4266942,b827ebfd7811,e78f135624ce,-88,11.532699894,14.276274122,1.83497508,-0.324497341,-0.000325027,0.02101246,0.014687434,-0.00301246,1.0,-0.000325027,0.324834827,0.00301246
1581252893.8835084,b827ebfd7811,e78f135624ce,-81,11.552021157,14.510333221,1.817010578,-0.789301486,0.001994711,0.018989422,0.016994711,-0.009978843,1.0,0.001994711,0.789301486,0.008984132
1581252894.7962132,b827ebfd7811,e78f135624ce,-88,11.578773852,14.952583037,1.813504417,-0.835356889,-0.000226148,0.026608657,0.03105212,-0.002608657,0.999,0.000495583,0.835356889,0.002608657
1581252895.2460935,b827ebfd7811,e78f135624ce,-79,11.54902938,15.166408319,1.832742655,-0.946683894,-0.013,0.012386018,0.01351469,0.004,1.0,-0.013,0.946683894,-0.004
1581252895.7028096,b827ebfd7811,e78f135624ce,-86,11.535923251,15.391840836,1.846691872,-0.982691872,-0.019538374,0.010461626,0.011,0.005538374,1.0,-0.019538374,0.982691872,-0.005538374
1581252896.1537912,b827ebfd7811,e78f135624ce,-98,11.531354759,15.611839922,1.854483931,-0.99432262,-0.02016131,0.00967738,0.00967738,0.00516131,1.0,-0.02016131,0.99432262,-0.00516131
1581252896.6086502,b827ebfd7811,e78f135624ce,-82,11.528201422,15.829317514,1.861395733,-0.998,-0.023,0.004402844,0.004402844,0.005798578,1.0,-0.023,0.998,-0.005798578
1581252897.059964,b827ebfd7811,e78f135624ce,-80,11.535,16.038785797,1.864821424,-0.999,-0.023392859,-0.001964293,-0.001964293,0.005214283,1.0,-0.023392859,0.999,-0.005214283
1581252897.5100527,b827ebfd7811,e78f135624ce,-81,11.546978706,16.253850101,1.849,-0.999,-0.020978706,-0.006978706,-0.006978706,-2.1294e-05,1.0,-0.020978706,0.999978706,2.1294e-05
1581252897.9658892,b827ebfd7811,e78f135624ce,-95,11.54043993,16.457414014,1.858966725,-0.999406655,-0.021,0.01056007,0.01056007,0.00518669,1.0,-0.021,1.0,-0.00518669
1581252898.426275,b827ebfd7811,e78f135624ce,-96,11.54693116,16.665829722,1.84013768,-0.999,-0.017379227,0.028310387,0.028310387,0.0,0.999,-0.017379227,1.0,0.000310387
1581252898.8783143,b827ebfd7811,e78f135624ce,-80,11.565918062,16.860787673,1.832286783,-0.999,-0.011040969,0.024163876,0.024163876,0.001081938,0.999,-0.011040969,1.0,-0.001081938
1581252899.7862859,b827ebfd7811,e78f135624ce,-92,11.562427439,17.230998019,1.853755183,-0.999,-0.006122409,-0.005020732,-0.005020732,0.009755183,0.999,-0.005122409,1.0,-0.009755183
1581252900.2394657,b827ebfd7811,e78f135624ce,-91,11.927419664,17.452708191,1.851771593,-0.979,0.0,0.098953006,0.096953006,-0.001711473,0.976,-0.003714755,0.996,0.001949724
1581252900.6905925,b827ebfd7811,e78f135624ce,-82,11.794111418,17.602045383,1.793840437,-0.992237964,-0.005237964,0.018936727,0.017936727,-0.010698763,0.990237964,-0.006825309,0.998,0.010698763
1581252901.1464758,b827ebfd7811,e78f135624ce,-85,11.715049295,17.76651127,1.830658099,-0.997097535,-0.008,-0.001195071,-0.002097535,0.001487676,0.996097535,-0.009,0.999,-0.001487676
1581252901.5968754,b827ebfd7811,e78f135624ce,-84,11.667846665,17.87887394,1.846788334,-0.998617121,-0.010234243,0.001594545,0.001594545,0.000468485,0.998,-0.009617121,0.999,-0.000851364
1581252902.053698,b827ebfd7811,e78f135624ce,-81,11.600830405,17.938947357,1.888543857,-0.999,-0.01225731,-0.008426905,-0.009169595,0.011,0.999,-0.01225731,0.99925731,-0.011
1581252902.509435,b827ebfd7811,e78f135624ce,-80,11.535706892,17.972794062,1.878823754,-0.999,-0.012,-0.019176246,-0.019176246,0.002308908,0.999,-0.012,1.0,-0.002308908
