1581252856.1314375,000000000302,e78f135624ce,-83,11.714,-0.144,1.77,1.002,0.013,0.023,-0.018,0.004,1.002,0.013,-0.997,0.004
1581252857.496401,000000000302,e78f135624ce,-84,11.523890979,-0.108017496,1.824786003,0.999,0.016196501,0.044393002,-0.044393002,-0.011803499,0.999,0.016196501,-1.0,-0.011
1581252857.9544072,000000000302,e78f135624ce,-79,11.430667973,-0.087014777,1.834594089,0.998,0.016,0.050797045,-0.050797045,-0.010202955,0.999,0.017,-1.0,-0.009202955
1581252858.4064476,000000000302,e78f135624ce,-78,11.439544008,-0.092635812,1.870908195,0.999,0.018454477,0.033000758,-0.033000758,-0.01836343,0.999,0.018908953,-0.999545523,-0.017817906
1581252858.8603852,000000000302,e78f135624ce,-77,11.494361684,-0.112870867,1.897247245,0.999,0.021749082,0.012380051,-0.01150551,-0.021498163,0.999,0.021749082,-0.999,-0.020623622
1581252859.3143914,000000000302,e78f135624ce,-79,11.481280292,-0.111415497,1.893033801,0.999,0.021483099,0.014584503,-0.014584503,-0.018516901,0.999,0.021483099,-0.999,-0.017516901
1581252859.7714508,000000000302,e78f135624ce,-85,11.485815778,-0.115488199,1.87959528,0.999,0.02164882,0.017862981,-0.016862981,-0.01264882,0.999,0.02164882,-1.0,-0.01264882
1581252860.6833777,000000000302,e78f135624ce,-75,11.503408845,-0.088765829,1.829884823,0.999,0.021,0.021,-0.021,-0.002059497,0.999,0.021646834,-0.999353166,-0.001706332
1581252861.1343834,000000000302,e78f135624ce,-81,11.494343753,-0.046546872,1.834468746,0.999,0.02059375,0.028703125,-0.028703125,-0.007328123,0.998,0.021296875,-0.999,-0.006328123
1581252861.5915,000000000302,e78f135624ce,-82,11.663603786,0.017415067,1.732113269,0.99290566,0.028,0.000301874,-0.001207534,0.016547151,0.989188681,0.026,-0.995283021,0.016452811
1581252862.0483415,000000000302,e78f135624ce,-79,11.567165858,0.157478211,1.70890799,0.996,0.025453995,0.037368039,-0.038822034,0.02209201,0.993546005,0.024453995,-0.997,0.02309201
1581252862.4993525,000000000302,e78f135624ce,-85,11.532444059,0.294857346,1.742551049,0.998,0.023275525,0.038448951,-0.039448951,0.011862238,0.997,0.023137762,-0.999,0.011862238
1581252863.4143503,000000000302,e78f135624ce,-80,11.427004603,0.577344764,1.868871461,0.996053395,0.024,0.043725777,-0.043252474,-0.013679632,0.995580092,0.024473303,-0.998526697,-0.012206329
1581252864.3173444,000000000302,e78f135624ce,-84,11.487460395,0.94026176,2.023894955,0.995704363,0.026,0.036452352,-0.035452352,-0.022660736,0.993704363,0.024704363,-0.996704363,-0.021660736
1581252864.769366,000000000302,e78f135624ce,-86,11.514236758,1.09705884,1.993822781,0.996086373,0.028,0.039440811,-0.039136268,-0.014390915,0.995390915,0.028,-0.998,-0.013086373
1581252865.2223415,000000000302,e78f135624ce,-78,11.394531611,1.324243946,1.8637255,0.995080611,0.027080611,0.062919389,-0.062919389,0.009161222,0.994919389,0.026,-0.998,0.011080611
1581252865.6783335,000000000302,e78f135624ce,-77,11.433551258,1.529528496,1.828257402,0.997,0.019838268,0.054419134,-0.055419134,0.007419134,0.997,0.018838268,-0.999,0.008838268
1581252866.5833278,000000000302,e78f135624ce,-78,11.490675115,1.975578325,1.815324885,0.140168236,0.012324885,0.049974656,0.006512672,-0.005512672,0.998,0.013324885,-0.139330679,0.009675115
1581252867.488316,000000000302,e78f135624ce,-80,11.496954208,2.388564369,1.822091585,0.3817389,0.015045792,0.030679454,0.001908415,-0.003,0.999,0.015045792,-0.380784692,0.002954208
1581252867.9483345,000000000302,e78f135624ce,-75,11.502775676,2.594934362,1.821682239,0.216057537,0.013588803,0.016775676,0.012457915,0.002,0.999317761,0.013588803,-0.215739777,0.003635521
1581252868.4083164,000000000302,e78f135624ce,-81,11.508810812,2.800405391,1.826792792,0.426576531,0.011396396,0.020792792,0.001828831,0.001603604,1.0,0.011396396,-0.426576531,0.003
1581252868.8634665,000000000302,e78f135624ce,-78,11.50607604,3.000106168,1.83207604,0.820802007,0.01207604,0.02707604,-0.02022812,0.001,1.0,0.01207604,-0.821725967,0.00192396
1581252869.3173344,000000000302,e78f135624ce,-83,11.509,3.200934149,1.834,0.803937105,0.011,0.036032187,-0.026322604,0.000322604,0.999,0.011,-0.804614501,0.002
1581252869.7682996,000000000302,e78f135624ce,-78,11.510536752,3.400739313,1.835,0.920327349,0.012,0.037768376,-0.033768376,-0.001,0.999,0.012,-0.920327349,0.0
1581252870.2273064,000000000302,e78f135624ce,-80,11.507,3.602015797,1.835,0.975002633,0.012110819,0.027332456,-0.026221637,-0.001,1.0,0.012110819,-0.975002633,-0.0
1581252870.6793168,000000000302,e78f135624ce,-76,11.503,3.801959135,1.829639196,0.597153754,0.008907202,0.020907202,-0.011268006,-0.003907202,1.0,0.008907202,-0.597153754,0.002907202
1581252871.1403039,000000000302,e78f135624ce,-74,11.494,3.991386767,1.828267735,0.169409618,0.003732265,0.009464529,-0.002464529,-0.004732265,1.0,0.003732265,-0.169409618,0.004
1581252871.5922961,000000000302,e78f135624ce,-84,11.485026238,4.169790096,1.833802722,-0.022395541,0.001,0.009,-0.00082896,0.000315841,1.0,0.001,0.022395541,0.002684159
1581252872.0462964,000000000302,e78f135624ce,-75,11.477891257,4.344727058,1.841445629,0.002925399,0.002,0.020228143,-0.001663114,0.004445629,1.0,0.002,-0.002925399,0.0
1581252872.5043082,000000000302,e78f135624ce,-78,11.468777736,4.533307721,1.830861544,-0.336580959,0.000574363,0.029531634,0.005415367,-0.002095727,0.998904273,0.000574363,0.336485232,0.005712819
1581252872.9582758,000000000302,e78f135624ce,-78,11.38423769,4.707839258,1.789720247,0.082762642,0.00767134,0.046468536,-0.021811217,0.007,0.998,0.006937072,-0.082762642,0.016937072
1581252873.41228,000000000302,e78f135624ce,-75,11.590661308,4.874588222,1.843717269,0.264665064,0.01176091,0.008989559,0.021684068,-0.001097724,0.98776091,0.008141366,-0.26704552,0.00376091
1581252873.8692796,000000000302,e78f135624ce,-80,11.458049683,5.067235722,1.803509518,0.308974618,0.013198731,0.044149048,-0.024099365,0.003347779,0.994049683,0.012149048,-0.311875252,0.015397462
1581252874.3192575,000000000302,e78f135624ce,-72,11.420369716,5.235300694,1.780438738,0.459857414,0.014363028,0.043993312,-0.034904227,0.007273943,0.996636972,0.014363028,-0.460857414,0.016732744
1581252874.7693188,000000000302,e78f135624ce,-69,11.432232005,5.425261593,1.783756662,0.533766524,0.017662447,0.038542911,-0.02715192,0.006687767,0.99302532,0.013675107,-0.53697468,0.011713087
1581252875.6782792,000000000302,e78f135624ce,-82,11.501077548,5.825672721,1.813376628,0.635461226,0.017503525,0.047468276,-0.028468276,0.007531724,0.995,0.01600705,-0.637957701,0.010545824
1581252876.1353085,000000000302,e78f135624ce,-85,11.51092422,6.009686975,1.77507578,0.861746286,0.024,0.041691927,-0.03503789,0.017135092,0.997,0.023,-0.862746286,0.01996211
1581252876.5933802,000000000302,e78f135624ce,-75,11.801106073,6.207871755,1.845837994,0.814631643,0.024162006,-0.064240112,0.070564123,-0.005162006,0.978865961,0.018837994,-0.833765682,-0.007162006
1581252877.5032449,000000000302,e78f135624ce,-76,11.69852328,6.67829882,1.885741486,-0.012517027,0.005913134,0.057783877,0.031826268,0.010086866,0.986260598,0.002086866,0.018430161,-0.007957609
1581252877.9572415,000000000302,e78f135624ce,-79,11.618511343,6.87704721,1.863325567,0.022117106,0.007,0.030976701,0.00927897,0.003302269,0.994674433,0.005674433,-0.020465972,0.001
1581252878.8672369,000000000302,e78f135624ce,-82,11.544842286,7.260797937,1.853905372,-0.028044349,0.004968457,0.015842286,0.007,-0.007968457,0.999,0.005,0.028044349,0.002031543
1581252879.3282244,000000000302,e78f135624ce,-79,11.52194354,7.471701762,1.846629027,-0.159250756,0.002258054,0.007629027,0.003,-0.008685487,1.0,0.002258054,0.159250756,0.00505646
1581252879.7832155,000000000302,e78f135624ce,-71,11.510447371,7.68074992,1.838447371,-0.728828837,-0.003276314,0.007552629,0.005828943,-0.011,1.0,-0.003276314,0.728828837,0.009276314
1581252880.23622,000000000302,e78f135624ce,-74,11.507881421,7.898885254,1.833,-0.913324048,-0.006762842,0.022407105,0.021525684,-0.011,1.0,-0.006762842,0.913324048,0.010118579
1581252880.6922607,000000000302,e78f135624ce,-75,11.511567427,8.123747919,1.828297718,-0.972106846,-0.008432573,0.032567427,0.032567427,-0.011567427,0.999,-0.008432573,0.972539418,0.011567427
1581252881.1422396,000000000302,e78f135624ce,-76,11.516,8.348658675,1.824,-0.9906304,-0.008,0.023159466,0.023159466,-0.011789867,1.0,-0.007789867,0.991420267,0.011789867
1581252881.6022444,000000000302,e78f135624ce,-75,11.531657058,8.569854398,1.824485588,-0.247749446,0.002657058,0.004657058,0.024342942,-0.007828529,0.999828529,0.003485588,0.247749446,0.005685883
1581252882.055232,000000000302,e78f135624ce,-79,11.544436759,8.783515843,1.83,0.486565172,0.003563241,0.002183797,0.012310278,-0.001563241,1.0,0.003563241,-0.486565172,0.003436759
1581252882.509215,000000000302,e78f135624ce,-69,11.545106569,9.005303646,1.832106569,0.784143792,0.002,-0.002213138,0.010053285,0.003053285,1.0,0.002946715,-0.784143792,0.005
1581252883.8632061,000000000302,e78f135624ce,-73,11.538320491,9.682872152,1.837240368,0.694719363,8.0123e-05,-0.027,0.021480736,0.002160245,1.0,8.0123e-05,-0.694799486,0.004919877
1581252884.314213,000000000302,e78f135624ce,-72,11.519976798,9.91376567,1.837511601,0.134281889,0.000488399,-0.020441995,0.006,-0.000511601,1.0,0.000488399,-0.134281889,0.003
1581252884.774193,000000000302,e78f135624ce,-73,11.508821899,10.150576554,1.834356202,-0.012439344,-0.001,-0.003287597,0.003356202,-0.004821899,1.0,-0.001,0.012439344,0.004821899
1581252885.2321947,000000000302,e78f135624ce,-66,11.512841336,10.388004183,1.842524009,0.011528192,0.000682672,0.014206681,0.004317328,0.001524009,1.0,0.000682672,-0.011369528,0.002
1581252886.1451712,000000000302,e78f135624ce,-71,11.559235029,10.805940117,1.78284224,0.012539603,0.008687701,0.003796523,0.015687701,0.008891179,0.998828075,0.008687701,-0.012539603,0.012719253
1581252886.6041868,000000000302,e78f135624ce,-73,11.571708126,11.013440677,1.758621137,0.011815307,0.009621137,-0.006,0.015242273,0.008242273,0.999,0.010465852,-0.010970591,0.016155284
1581252887.0611773,000000000302,e78f135624ce,-73,11.510027394,11.232123382,1.747513697,-0.36198641,0.008486303,-0.019513697,-0.008513697,-0.006486303,0.999,0.007972606,0.36198641,0.016027394
1581252887.510167,000000000302,e78f135624ce,-84,11.513061216,11.430305665,1.744938784,0.07675389,0.013061216,-0.02269392,-0.001061216,0.001183648,0.999,0.013061216,-0.07675389,0.016061216
1581252887.9681816,000000000302,e78f135624ce,-75,11.520492625,11.624100831,1.755724591,0.656650843,0.016681148,0.004,-0.012956557,0.007681148,0.999,0.016,-0.656969695,0.014
1581252888.876157,000000000302,e78f135624ce,-63,11.541190639,12.041477455,1.76214298,0.935428939,0.01497617,0.00995234,-0.00995234,0.02192851,0.999,0.01497617,-0.935405109,0.02192851
1581252889.3291419,000000000302,e78f135624ce,-68,11.553602918,12.255366315,1.781,0.978617507,0.017602918,0.007397082,-0.008,0.012,1.0,0.017602918,-0.978617507,0.012
1581252889.7891424,000000000302,e78f135624ce,-73,11.577196429,12.468878575,1.789042857,0.993239286,0.018,-0.005957143,0.005957143,0.008478572,1.0,0.018,-0.993239286,0.007717857
1581252890.2481778,000000000302,e78f135624ce,-70,11.579941347,12.684410568,1.799267841,0.804487743,0.014313782,-0.014686218,0.007522971,0.003418377,1.0,0.014313782,-0.804487743,0.005209188
1581252890.7021575,000000000302,e78f135624ce,-66,11.576833449,12.907001393,1.817,0.506970312,0.00870007,-0.02113338,0.011833449,-0.00456669,1.0,0.00826676,-0.506970312,-0.00156669
1581252891.1561575,000000000302,e78f135624ce,-68,11.566381187,13.135572764,1.824714356,0.232624227,0.002952475,-0.017428712,0.008143068,-0.006476237,1.0,0.002952475,-0.232862346,-0.000190593
1581252891.613119,000000000302,e78f135624ce,-78,11.564820916,13.357492279,1.826507451,0.298567866,0.005492549,-0.015492549,0.010328366,-0.006,1.0,0.005492549,-0.298732049,-0.000164183
1581252892.0731306,000000000302,e78f135624ce,-70,11.534984515,13.579652272,1.839005162,-0.572843258,-0.012507743,-0.008497419,-5.162e-06,-0.004,1.0,-0.012507743,0.572843258,0.002
1581252892.5281296,000000000302,e78f135624ce,-69,11.519489712,13.801037032,1.846127572,-0.864720162,-0.017127572,-0.002617284,-0.000617284,-0.002127572,1.0,-0.017127572,0.864847734,0.001127572
1581252892.9801311,000000000302,e78f135624ce,-67,11.515736861,14.03340365,1.845257299,-0.552016423,-0.013263139,0.00650292,0.00675438,-0.00225146,1.0,-0.013263139,0.552016423,0.003
1581252893.8831115,000000000302,e78f135624ce,-72,11.552008943,14.510140845,1.817004471,-0.789127431,0.001997764,0.018995529,0.016997764,-0.009991057,1.0,0.001997764,0.789127431,0.008993293
1581252894.3441205,000000000302,e78f135624ce,-74,11.561387484,14.733682301,1.816645006,-0.715684703,0.003,0.014064981,0.019709987,-0.004,1.0,0.003,0.715684703,0.004
1581252894.796132,000000000302,e78f135624ce,-76,11.578779256,14.952545208,1.813498337,-0.835324464,-0.000220744,0.026612035,0.031056849,-0.002612035,0.999,0.000501663,0.835324464,0.002612035
1581252895.2461174,000000000302,e78f135624ce,-85,11.549027913,15.166419139,1.832743022,-0.946687195,-0.013,0.012385467,0.013513957,0.004,1.0,-0.013,0.946687195,-0.004
1581252895.7071104,000000000302,e78f135624ce,-74,11.535857085,15.393858917,1.846857288,-0.982857288,-0.019571458,0.010428542,0.011,0.005571458,1.0,-0.019571458,0.982857288,-0.005571458
1581252896.1571372,000000000302,e78f135624ce,-81,11.531251806,15.613409951,1.854561145,-0.994374097,-0.020187048,0.009625903,0.009625903,0.005187048,1.0,-0.020187048,0.994374097,-0.005187048
1581252897.51111,000000000302,e78f135624ce,-72,11.546986839,16.254289323,1.849,-0.999,-0.020986839,-0.006986839,-0.006986839,-1.3161e-05,1.0,-0.020986839,0.999986839,1.3161e-05
1581252897.9650786,000000000302,e78f135624ce,-63,11.540474671,16.457078184,1.858937775,-0.999412445,-0.021,0.010525329,0.010525329,0.00517511,1.0,-0.021,1.0,-0.00517511
1581252898.423087,000000000302,e78f135624ce,-70,11.546862843,16.664668331,1.840274314,-0.999,-0.017424771,0.028287614,0.028287614,0.0,0.999,-0.017424771,1.0,0.000287614
1581252898.8780558,000000000302,e78f135624ce,-79,11.565913363,16.860660799,1.83230323,-0.999,-0.011043319,0.024173274,0.024173274,0.001086637,0.999,-0.011043319,1.0,-0.001086637
1581252900.2410963,000000000302,e78f135624ce,-80,11.928083528,17.453162414,1.851049496,-0.979,0.0,0.098906419,0.096906419,-0.001921114,0.976,-0.003679814,0.996,0.002147719
1581252900.6920772,000000000302,e78f135624ce,-83,11.794037186,17.602586213,1.794041922,-0.992269777,-0.005269777,0.018883705,0.017883705,-0.010613927,0.990269777,-0.006846518,0.998,0.010613927
1581252901.5970404,000000000302,e78f135624ce,-82,11.66778617,17.878895938,1.846803457,-0.998618496,-0.010236992,0.001578046,0.001578046,0.000473985,0.998,-0.009618496,0.999,-0.000855488
1581252902.0540445,000000000302,e78f135624ce,-76,11.60086216,17.939025302,1.888561178,-0.999,-0.012260196,-0.008398036,-0.00913784,0.011,0.999,-0.012260196,0.999260196,-0.011
1581252902.510052,000000000302,e78f135624ce,-80,11.535536023,17.972803554,1.878785783,-0.999,-0.012,-0.019214217,-0.019214217,0.002294669,0.999,-0.012,1.0,-0.002294669
1581252902.9640365,000000000302,e78f135624ce,-73,11.415077798,17.958121557,1.845452188,-0.998,-0.009095624,-0.043687195,-0.043687195,-0.006452188,0.998,-0.010095624,1.0,0.005452188
