1581252856.1293676,b827ebf7d096,e78f135624ce,-87,11.714,-0.144,1.77,1.002,0.013,0.023,-0.018,0.004,1.002,0.013,-0.997,0.004
1581252857.0423903,b827ebf7d096,e78f135624ce,-95,11.647926627,-0.136521529,1.797754393,0.999,0.016,0.031,-0.031,-0.008217706,0.999,0.016,-1.0,-0.008217706
1581252857.4936106,b827ebf7d096,e78f135624ce,-92,11.524495577,-0.108133765,1.824692988,0.999,0.016173247,0.044346494,-0.044346494,-0.011826753,0.999,0.016173247,-1.0,-0.011
1581252857.9520519,b827ebf7d096,e78f135624ce,-86,11.431054921,-0.087098896,1.834560442,0.998,0.016,0.050780221,-0.050780221,-0.010219779,0.999,0.017,-1.0,-0.009219779
1581252858.403919,b827ebf7d096,e78f135624ce,-85,11.439164708,-0.092491317,1.870673391,0.999,0.018436415,0.033199439,-0.033199439,-0.018309244,0.999,0.018872829,-0.999563585,-0.017745659
1581252858.8589928,b827ebf7d096,e78f135624ce,-86,11.494650102,-0.112960377,1.897306918,0.999,0.021768973,0.012270651,-0.011386165,-0.021537945,0.999,0.021768973,-0.999,-0.020653459
1581252859.3120878,b827ebf7d096,e78f135624ce,-87,11.480735804,-0.111206078,1.893117569,0.999,0.021441216,0.014793922,-0.014793922,-0.018558784,0.999,0.021441216,-0.999,-0.017558784
1581252859.7694833,b827ebf7d096,e78f135624ce,-91,11.486334465,-0.115667057,1.879666823,0.999,0.021666706,0.017666238,-0.016666238,-0.012666706,0.999,0.021666706,-1.0,-0.012666706
1581252860.6818326,b827ebf7d096,e78f135624ce,-83,11.503265363,-0.088821014,1.830006231,0.999,0.021,0.021,-0.021,-0.002092609,0.999,0.021635797,-0.999364203,-0.001728406
1581252861.1320677,b827ebf7d096,e78f135624ce,-84,11.494046013,-0.046794989,1.834832651,0.999,0.020560668,0.028719666,-0.028719666,-0.007476993,0.998,0.021280334,-0.999,-0.006476993
1581252861.5894647,b827ebf7d096,e78f135624ce,-82,11.663892131,0.01677053,1.733571959,0.992888698,0.028,-3.433e-06,-0.000885265,0.016106152,0.989222604,0.026,-0.995333906,0.01599485
1581252862.9536195,b827ebf7d096,e78f135624ce,-96,11.414723875,0.45609478,1.789623886,0.996224627,0.024224627,0.062529105,-0.062529105,-0.001079852,0.995224627,0.025,-0.998224627,0.000695521
1581252863.4120638,b827ebf7d096,e78f135624ce,-94,11.429642794,0.576254312,1.867798597,0.996088571,0.024,0.043215726,-0.042760012,-0.013468576,0.995632856,0.024455715,-0.998544285,-0.012012862
1581252863.8658485,b827ebf7d096,e78f135624ce,-88,11.296541485,0.758712126,1.934837868,0.995799575,0.026100213,0.055292129,-0.055191916,-0.018206808,0.994498936,0.027498936,-0.997699362,-0.017307021
1581252865.2199416,b827ebf7d096,e78f135624ce,-93,11.394882368,1.323154752,1.863891648,0.995099072,0.027099072,0.062900928,-0.062900928,0.009198144,0.994900928,0.026,-0.998,0.011099072
1581252866.126154,b827ebf7d096,e78f135624ce,-94,11.473256395,1.754769101,1.819820515,0.488282229,0.016,0.060461545,-0.01292309,0.005,0.997179485,0.016,-0.488282229,0.007820515
1581252866.5806377,b827ebf7d096,e78f135624ce,-86,11.49063028,1.97427812,1.81536972,0.142813481,0.01236972,0.05010916,0.00644542,-0.00544542,0.998,0.01336972,-0.141998341,0.00963028
1581252867.4879193,b827ebf7d096,e78f135624ce,-90,11.496957514,2.388379229,1.822084972,0.381180173,0.015042486,0.030702596,0.001915028,-0.003,0.999,0.015042486,-0.380222659,0.002957514
1581252867.9473982,b827ebf7d096,e78f135624ce,-86,11.502728862,2.594533104,1.821675552,0.218752655,0.013622241,0.016728862,0.012404414,0.002,0.999324448,0.013622241,-0.218428206,0.003648897
1581252868.858709,b827ebf7d096,e78f135624ce,-86,11.506042059,2.99827117,1.832042059,0.819102935,0.012042059,0.027042059,-0.020126176,0.001,1.0,0.012042059,-0.820060877,0.001957941
1581252869.315919,b827ebf7d096,e78f135624ce,-95,11.509,3.200213534,1.834,0.804812137,0.011,0.035993582,-0.026335473,0.000335473,0.999,0.011,-0.805476664,0.002
1581252869.7672958,b827ebf7d096,e78f135624ce,-84,11.510555002,3.400237441,1.835,0.920117475,0.012,0.037777501,-0.033777501,-0.001,0.999,0.012,-0.920117475,0.0
1581252870.2263608,b827ebf7d096,e78f135624ce,-89,11.507,3.601651078,1.835,0.974941846,0.012117573,0.027352718,-0.026235145,-0.001,1.0,0.012117573,-0.974941846,-0.0
1581252870.6782107,b827ebf7d096,e78f135624ce,-82,11.503,3.801540426,1.829615496,0.598149175,0.008923003,0.020923003,-0.011307507,-0.003923003,1.0,0.008923003,-0.598149175,0.002923003
1581252871.589713,b827ebf7d096,e78f135624ce,-88,11.485155389,4.168756884,1.833652046,-0.021060976,0.001,0.009,-0.000807435,0.00022974,1.0,0.001,0.021060976,0.00277026
1581252872.043728,b827ebf7d096,e78f135624ce,-90,11.477848453,4.343635553,1.841424227,0.004273729,0.002,0.020121133,-0.00172732,0.004424227,1.0,0.002,-0.004273729,0.0
1581252872.5024436,b827ebf7d096,e78f135624ce,-82,11.469787768,4.532608469,1.830721694,-0.342330369,0.000481129,0.029283011,0.005834919,-0.002080188,0.998919812,0.000481129,0.342250181,0.005759435
1581252872.957945,b827ebf7d096,e78f135624ce,-79,11.384316546,4.707732421,1.78975586,0.082320031,0.007658622,0.046463449,-0.021780692,0.007,0.998,0.006926897,-0.082320031,0.016926897
1581252873.4102743,b827ebf7d096,e78f135624ce,-85,11.591972802,4.873631603,1.843809845,0.26313756,0.011730052,0.008665543,0.022224095,-0.001174871,0.987730052,0.008095078,-0.265502586,0.003730052
1581252875.2174108,b827ebf7d096,e78f135624ce,-76,11.520645732,5.627249551,1.851804537,0.657104717,0.02,0.043045373,-0.023654447,-0.002195463,0.988413612,0.015804537,-0.66430018,-0.005195463
1581252875.6765628,b827ebf7d096,e78f135624ce,-82,11.500787085,5.82502578,1.813838728,0.635606457,0.017490322,0.047587102,-0.028587102,0.007412898,0.995,0.015980644,-0.638116135,0.010374187
1581252876.1323986,b827ebf7d096,e78f135624ce,-86,11.511192825,6.008433481,1.774807175,0.860873317,0.024,0.041602392,-0.034903587,0.017247011,0.997,0.023,-0.861873317,0.020096413
1581252876.591263,b827ebf7d096,e78f135624ce,-87,11.801335431,6.207095463,1.845820351,0.813502491,0.024179649,-0.064592971,0.070952269,-0.005179649,0.97874246,0.018820351,-0.832760031,-0.007179649
1581252877.04616,b827ebf7d096,e78f135624ce,-73,11.628998283,6.434114449,1.855889413,0.773324893,0.020666524,0.018444921,-0.011222461,-0.006,0.991888984,0.019666524,-0.780880401,-0.007333476
1581252877.5012138,b827ebf7d096,e78f135624ce,-91,11.698811017,6.67726635,1.886181556,-0.011636888,0.00593006,0.058020838,0.03186012,0.01006994,0.98620982,0.00206994,0.017566948,-0.008160718
1581252877.955865,b827ebf7d096,e78f135624ce,-80,11.618708004,6.876565391,1.8633354,0.021546789,0.007,0.031006201,0.009347801,0.003341601,0.9946646,0.0056646,-0.019875988,0.001
1581252878.4114475,b827ebf7d096,e78f135624ce,-85,11.570874003,7.062366652,1.856347333,-0.005812685,0.006347333,0.025305334,0.006305334,-0.005347333,0.998,0.006,0.006465352,0.002652667
1581252878.8658373,b827ebf7d096,e78f135624ce,-80,11.544892269,7.260228134,1.853935361,-0.028664135,0.004978454,0.015892269,0.007,-0.007978454,0.999,0.005,0.028664135,0.002021546
1581252879.7811947,b827ebf7d096,e78f135624ce,-75,11.510484114,7.679702759,1.838484114,-0.727377508,-0.003257943,0.007515886,0.005773829,-0.011,1.0,-0.003257943,0.727377508,0.009257943
1581252880.2342117,b827ebf7d096,e78f135624ce,-77,11.507867077,7.898024598,1.833,-0.912879376,-0.006734153,0.022335383,0.021468307,-0.011,1.0,-0.006734153,0.912879376,0.010132923
1581252880.6899757,b827ebf7d096,e78f135624ce,-79,11.511551106,8.122719668,1.828346682,-0.971959953,-0.008448894,0.032551106,0.032551106,-0.011551106,0.999,-0.008448894,0.972408847,0.011551106
1581252881.1401923,b827ebf7d096,e78f135624ce,-73,11.516,8.347708144,1.824,-0.99058653,-0.008,0.02321796,0.02321796,-0.01180449,1.0,-0.00780449,0.99139102,0.01180449
1581252881.599913,b827ebf7d096,e78f135624ce,-73,11.5316182,8.568591503,1.8244273,-0.250780392,0.0026182,0.0046182,0.0243818,-0.0078091,0.9998091,0.0034273,0.250780392,0.0057636
1581252882.0525289,b827ebf7d096,e78f135624ce,-85,11.544414233,8.782096667,1.83,0.488547513,0.003585767,0.002071164,0.012242698,-0.001585767,1.0,0.003585767,-0.488547513,0.003414233
1581252882.95621,b827ebf7d096,e78f135624ce,-75,11.546,9.228694485,1.835282907,0.929753433,0.003,-0.010641454,0.012641454,0.003717093,1.0,0.003,-0.929753433,0.004717093
1581252883.4083393,b827ebf7d096,e78f135624ce,-72,11.543273218,9.45348597,1.838,0.97763931,0.003453563,-0.017092873,0.017366091,0.002273218,1.0,0.003453563,-0.97763931,0.002273218
1581252883.8611434,b827ebf7d096,e78f135624ce,-77,11.53838925,9.681771992,1.837291938,0.700237352,9.7313e-05,-0.027,0.021583876,0.002194625,1.0,9.7313e-05,-0.700334665,0.004902687
1581252884.3123162,b827ebf7d096,e78f135624ce,-73,11.520008412,9.912722397,1.837495794,0.135941641,0.000504206,-0.020521031,0.006,-0.000495794,1.0,0.000504206,-0.135941641,0.003
1581252884.7713494,b827ebf7d096,e78f135624ce,-79,11.508845596,10.14903626,1.834308808,-0.011183412,-0.001,-0.003382384,0.003308808,-0.004845596,1.0,-0.001,0.011183412,0.004845596
1581252885.6864614,b827ebf7d096,e78f135624ce,-71,11.50295817,10.602456215,1.804719605,-0.129066654,0.00795817,0.013531372,0.001,0.00895817,0.999510457,0.00795817,0.129577112,0.009937256
1581252886.601558,b827ebf7d096,e78f135624ce,-73,11.5719491,11.011951021,1.758708763,0.019548377,0.009708763,-0.006,0.015417527,0.008417527,0.999,0.010531573,-0.018725568,0.016177191
1581252887.0586672,b827ebf7d096,e78f135624ce,-73,11.510069229,11.230784676,1.747534614,-0.360438532,0.008465386,-0.019534614,-0.008534614,-0.006465386,0.999,0.007930771,0.360438532,0.016069229
1581252887.508525,b827ebf7d096,e78f135624ce,-71,11.513047533,11.429566769,1.744952467,0.074797185,0.013047533,-0.022762336,-0.001047533,0.001142598,0.999,0.013047533,-0.074797185,0.016047533
1581252888.416168,b827ebf7d096,e78f135624ce,-65,11.518405843,11.833648457,1.784071134,0.791196567,0.014309622,0.018071134,-0.018071134,0.007238488,0.999,0.014,-0.791196567,0.007928866
1581252888.873819,b827ebf7d096,e78f135624ce,-70,11.541057043,12.040442086,1.762042782,0.935128347,0.01499287,0.009985739,-0.009985739,0.021978609,0.999,0.01499287,-0.935121217,0.021978609
1581252889.3282726,b827ebf7d096,e78f135624ce,-68,11.553595015,12.254915873,1.781,0.978570092,0.017595015,0.007404985,-0.008,0.012,1.0,0.017595015,-0.978570092,0.012
1581252889.7884064,b827ebf7d096,e78f135624ce,-69,11.577162974,12.468490503,1.78906962,0.993232595,0.018,-0.00593038,0.00593038,0.00846519,1.0,0.018,-0.993232595,0.007697785
1581252890.6999767,b827ebf7d096,e78f135624ce,-60,11.576755563,12.906066759,1.817,0.504524686,0.008653338,-0.021102225,0.011755563,-0.004551113,1.0,0.008204451,-0.504524686,-0.001551113
1581252891.153707,b827ebf7d096,e78f135624ce,-65,11.566206154,13.134575075,1.824661846,0.228755994,0.002882461,-0.017323692,0.007985538,-0.006441231,1.0,0.002882461,-0.228976609,-0.000103077
1581252891.6112638,b827ebf7d096,e78f135624ce,-72,11.564898213,13.356502873,1.826461072,0.301257814,0.005538928,-0.015538928,0.010359285,-0.006,1.0,0.005538928,-0.301437457,-0.000179643
1581252892.0705013,b827ebf7d096,e78f135624ce,-67,11.535115979,13.578359542,1.83896134,-0.569929136,-0.012442011,-0.00851933,3.866e-05,-0.004,1.0,-0.012442011,0.569929136,0.002
1581252893.425817,b827ebf7d096,e78f135624ce,-75,11.532645916,14.275828805,1.835015563,-0.323147893,-0.000338521,0.020992218,0.014653697,-0.002992218,1.0,-0.000338521,0.323478632,0.002992218
1581252893.8809009,b827ebf7d096,e78f135624ce,-65,11.551952,14.509024007,1.817127999,-0.787752009,0.001984,0.019048,0.017032,-0.009920001,1.0,0.001984,0.787752009,0.008936
1581252894.3412168,b827ebf7d096,e78f135624ce,-65,11.561266497,14.732157857,1.816693401,-0.713410136,0.003,0.013919796,0.019613197,-0.004,1.0,0.003,0.713410136,0.004
1581252894.7935276,b827ebf7d096,e78f135624ce,-78,11.578952888,14.951329781,1.813303001,-0.834282669,-4.7112e-05,0.026720555,0.031208777,-0.002720555,0.999,0.000696999,0.834282669,0.002720555
1581252895.2439406,b827ebf7d096,e78f135624ce,-76,11.549161868,15.165431225,1.832709533,-0.946385798,-0.013,0.0124357,0.013580934,0.004,1.0,-0.013,0.946385798,-0.004
1581252896.607656,b827ebf7d096,e78f135624ce,-71,11.528209707,15.828836981,1.861370878,-0.998,-0.023,0.004419414,0.004419414,0.005790293,1.0,-0.023,0.998,-0.005790293
1581252897.058867,b827ebf7d096,e78f135624ce,-68,11.535,16.038255597,1.864848848,-0.999,-0.023383717,-0.001918586,-0.001918586,0.005232566,1.0,-0.023383717,0.999,-0.005232566
1581252897.5091126,b827ebf7d096,e78f135624ce,-79,11.546971474,16.253459605,1.849,-0.999,-0.020971474,-0.006971474,-0.006971474,-2.8526e-05,1.0,-0.020971474,0.999971474,2.8526e-05
1581252897.9631958,b827ebf7d096,e78f135624ce,-81,11.540555362,16.456298171,1.858870532,-0.999425894,-0.021,0.010444638,0.010444638,0.005148213,1.0,-0.021,1.0,-0.005148213
1581252898.4202392,b827ebf7d096,e78f135624ce,-77,11.546801822,16.663630966,1.840396357,-0.999,-0.017465452,0.028267274,0.028267274,0.0,0.999,-0.017465452,1.0,0.000267274
1581252898.8773742,b827ebf7d096,e78f135624ce,-73,11.565900969,16.860326176,1.832346607,-0.999,-0.011049515,0.024198061,0.024198061,0.001099031,0.999,-0.011049515,1.0,-0.001099031
1581252899.3320785,b827ebf7d096,e78f135624ce,-70,11.605306474,17.037706192,1.836770936,-0.999,-0.00692259,0.018306474,0.018306474,0.006154821,0.999,-0.00692259,1.0,-0.005616115
1581252900.2387528,b827ebf7d096,e78f135624ce,-74,11.927129424,17.452509606,1.852087293,-0.979,0.0,0.098973374,0.096973374,-0.001619818,0.976,-0.00373003,0.996,0.001863161
1581252900.6895506,b827ebf7d096,e78f135624ce,-75,11.794163512,17.601665838,1.793699038,-0.992215638,-0.005215638,0.018973937,0.017973937,-0.0107583,0.990215638,-0.006810425,0.998,0.0107583
1581252901.1456535,b827ebf7d096,e78f135624ce,-72,11.715166767,17.76629982,1.830558248,-0.997091662,-0.008,-0.001183323,-0.002091662,0.001458308,0.996091662,-0.009,0.999,-0.001458308
1581252901.5959902,b827ebf7d096,e78f135624ce,-71,11.668171256,17.878755907,1.846707186,-0.998609744,-0.010219488,0.00168307,0.00168307,0.000438977,0.998,-0.009609744,0.999,-0.000829233
1581252902.0513506,b827ebf7d096,e78f135624ce,-71,11.60061522,17.938419176,1.888426484,-0.999,-0.012237747,-0.008622527,-0.00938478,0.011,0.999,-0.012237747,0.999237747,-0.011
1581252902.5086,b827ebf7d096,e78f135624ce,-76,11.535938107,17.972781216,1.878875135,-0.999,-0.012,-0.019124865,-0.019124865,0.002328176,0.999,-0.012,1.0,-0.002328176
1581252902.9619594,b827ebf7d096,e78f135624ce,-74,11.414550534,17.957913847,1.845468166,-0.998,-0.009063669,-0.043958816,-0.043958816,-0.006468166,0.998,-0.010063669,1.0,0.005468166
