1581252856.1290057,b827eb917e19,e78f135624ce,-83,11.714,-0.144,1.77,1.002,0.013,0.023,-0.018,0.004,1.002,0.013,-0.997,0.004
1581252856.5847213,b827eb917e19,e78f135624ce,-86,11.715865007,-0.144067496,1.773662518,1.002,0.014932504,0.022067496,-0.018067496,0.003067496,1.002,0.014932504,-0.998,0.003134993
1581252857.043449,b827eb917e19,e78f135624ce,-91,11.647697268,-0.1364686,1.797948466,0.999,0.016,0.031,-0.031,-0.0082971,0.999,0.016,-1.0,-0.0082971
1581252857.9525163,b827eb917e19,e78f135624ce,-80,11.430978621,-0.087082309,1.834567076,0.998,0.016,0.050783538,-0.050783538,-0.010216462,0.999,0.017,-1.0,-0.009216462
1581252858.404651,b827eb917e19,e78f135624ce,-80,11.4392745,-0.092533143,1.870741357,0.999,0.018441643,0.033141929,-0.033141929,-0.018324929,0.999,0.018883286,-0.999558357,-0.017766571
1581252858.860658,b827eb917e19,e78f135624ce,-79,11.494305186,-0.112853334,1.897235556,0.999,0.021745185,0.012401481,-0.011528889,-0.02149037,0.999,0.021745185,-0.999,-0.020617778
1581252859.7691154,b827eb917e19,e78f135624ce,-83,11.486431451,-0.1157005,1.8796802,0.999,0.02167005,0.017629449,-0.016629449,-0.01267005,0.999,0.02167005,-1.0,-0.01267005
1581252860.2263975,b827eb917e19,e78f135624ce,-85,11.451605867,-0.094688229,1.868816472,0.999,0.02,0.029403535,-0.028449417,-0.011862354,0.999,0.020954118,-1.0,-0.010908236
1581252860.6812553,b827eb917e19,e78f135624ce,-88,11.503211765,-0.088841629,1.830051584,0.999,0.021,0.021,-0.021,-0.002104977,0.999,0.021631674,-0.999368326,-0.001736652
1581252861.133207,b827eb917e19,e78f135624ce,-88,11.494192508,-0.04667291,1.834653602,0.999,0.020576945,0.028711527,-0.028711527,-0.007403746,0.998,0.021288473,-0.999,-0.006403746
1581252861.5890393,b827eb917e19,e78f135624ce,-86,11.663952388,0.016635839,1.733876785,0.992885154,0.028,-6.7234e-05,-0.00081792,0.016013995,0.989229693,0.026,-0.995344539,0.015899149
1581252862.042516,b827eb917e19,e78f135624ce,-78,11.568573693,0.155390731,1.709005082,0.996,0.025502541,0.036979671,-0.038482212,0.021994918,0.993497459,0.024502541,-0.997,0.022994918
1581252862.493624,b827eb917e19,e78f135624ce,-82,11.531250624,0.293520699,1.7423601,0.998,0.02318005,0.0386399,-0.0396399,0.011909975,0.997,0.023090025,-0.999,0.011909975
1581252862.954213,b827eb917e19,e78f135624ce,-87,11.414404339,0.456336715,1.789916033,0.996220062,0.024220062,0.062579318,-0.062579318,-0.001139194,0.995220062,0.025,-0.998220062,0.000640744
1581252863.4125109,b827eb917e19,e78f135624ce,-72,11.429126985,0.576467513,1.868008359,0.996081693,0.024,0.04331545,-0.042856296,-0.013509841,0.99562254,0.024459153,-0.998540847,-0.012050688
1581252863.8654158,b827eb917e19,e78f135624ce,-80,11.295892391,0.758522391,1.934245362,0.995806232,0.026096884,0.05541529,-0.055318406,-0.01810029,0.99451558,0.02751558,-0.997709348,-0.017197174
1581252864.767505,b827eb917e19,e78f135624ce,-76,11.516159892,1.095833617,1.994086437,0.996132901,0.028,0.038960027,-0.038670994,-0.014421934,0.995421934,0.028,-0.998,-0.013132901
1581252865.6734302,b827eb917e19,e78f135624ce,-85,11.433060927,1.5274163,1.828370555,0.997,0.019913704,0.054456852,-0.055456852,0.007456852,0.997,0.018913704,-0.999,0.008913704
1581252866.1259499,b827eb917e19,e78f135624ce,-75,11.473245406,1.754674907,1.819822085,0.48841096,0.016,0.060466255,-0.012932509,0.005,0.997177915,0.016,-0.48841096,0.007822085
1581252866.581069,b827eb917e19,e78f135624ce,-78,11.490637468,1.974486581,1.815362532,0.14238937,0.012362532,0.050087595,0.006456202,-0.005456202,0.998,0.013362532,-0.141570636,0.009637468
1581252867.0326135,b827eb917e19,e78f135624ce,-80,11.493,2.185236535,1.816585062,0.15360162,0.013,0.042,0.003659753,-0.007,0.999,0.013,-0.15360162,0.006414938
1581252867.4874387,b827eb917e19,e78f135624ce,-80,11.496961519,2.388154925,1.822076962,0.380503254,0.015038481,0.030730634,0.001923038,-0.003,0.999,0.015038481,-0.379541735,0.002961519
1581252867.9469943,b827eb917e19,e78f135624ce,-75,11.502708668,2.594360012,1.821672667,0.219915254,0.013636666,0.016708668,0.012381335,0.002,0.999327333,0.013636666,-0.219587921,0.003654666
1581252868.402996,b827eb917e19,e78f135624ce,-78,11.508924818,2.798353273,1.826716788,0.420002153,0.011358394,0.020716788,0.002132848,0.001641606,1.0,0.011358394,-0.420002153,0.003
1581252868.8582673,b827eb917e19,e78f135624ce,-72,11.506038903,2.998100766,1.832038903,0.818945154,0.012038903,0.027038903,-0.020116709,0.001,1.0,0.012038903,-0.81990625,0.001961097
1581252869.315443,b827eb917e19,e78f135624ce,-84,11.509,3.199971266,1.834,0.80510632,0.011,0.035980604,-0.026339799,0.000339799,0.999,0.011,-0.805766521,0.002
1581252869.766809,b827eb917e19,e78f135624ce,-75,11.510563854,3.399994016,1.835,0.920015679,0.012,0.037781927,-0.033781927,-0.001,0.999,0.012,-0.920015679,0.0
1581252870.2259867,b827eb917e19,e78f135624ce,-78,11.507,3.601506791,1.835,0.974917798,0.012120245,0.027360734,-0.026240489,-0.001,1.0,0.012120245,-0.974917798,-0.0
1581252870.677701,b827eb917e19,e78f135624ce,-73,11.503,3.801347454,1.829604573,0.59860794,0.008930285,0.020930285,-0.011325712,-0.003930285,1.0,0.008930285,-0.59860794,0.002930285
1581252871.134734,b827eb917e19,e78f135624ce,-86,11.494,3.989397506,1.82822795,0.169051551,0.00377205,0.0095441,-0.0025441,-0.00477205,1.0,0.00377205,-0.169051551,0.004
1581252871.590181,b827eb917e19,e78f135624ce,-78,11.485131989,4.168944091,1.833679347,-0.021302784,0.001,0.009,-0.000811335,0.000245341,1.0,0.001,0.021302784,0.002754659
1581252872.0448143,b827eb917e19,e78f135624ce,-71,11.477866557,4.344097203,1.841433278,0.003703455,0.002,0.020166392,-0.001700165,0.004433278,1.0,0.002,-0.003703455,0.0
1581252872.5030146,b827eb917e19,e78f135624ce,-71,11.469478469,4.532822599,1.83076452,-0.340569745,0.00050968,0.029359146,0.005706441,-0.002084947,0.998915053,0.00050968,0.340484799,0.00574516
1581252872.957468,b827eb917e19,e78f135624ce,-75,11.38443031,4.707578289,1.789807237,0.081681484,0.007640273,0.046456109,-0.021736654,0.007,0.998,0.006912218,-0.081681484,0.016912218
1581252873.864047,b827eb917e19,e78f135624ce,-75,11.458009432,5.065424449,1.804717034,0.305754576,0.013037729,0.044028297,-0.024018864,0.003066025,0.994009432,0.012028297,-0.308735711,0.015075458
1581252874.3142495,b827eb917e19,e78f135624ce,-77,11.419952384,5.233380965,1.781523802,0.463404738,0.014404762,0.044452378,-0.035238093,0.007190477,0.996595238,0.014404762,-0.464404738,0.016357145
1581252874.7646503,b827eb917e19,e78f135624ce,-69,11.420210673,5.42327749,1.780099687,0.533455293,0.017545735,0.041266191,-0.031353551,0.007271327,0.993725592,0.013908531,-0.536274408,0.012996918
1581252875.217123,b827eb917e19,e78f135624ce,-73,11.520720995,5.627127801,1.851802324,0.657151203,0.02,0.043023237,-0.023627884,-0.002197676,0.988406971,0.015802324,-0.664348879,-0.005197676
1581252875.676202,b827eb917e19,e78f135624ce,-71,11.500726039,5.824889814,1.813935847,0.635636981,0.017487547,0.047612075,-0.028612075,0.007387925,0.995,0.015975094,-0.638149433,0.010338114
1581252876.1332197,b827eb917e19,e78f135624ce,-74,11.51111703,6.008787191,1.77488297,0.861119651,0.024,0.041627657,-0.034941485,0.017215429,0.997,0.023,-0.862119651,0.020058515
1581252877.045883,b827eb917e19,e78f135624ce,-70,11.629081396,6.433952841,1.855864018,0.773733531,0.02067345,0.018421834,-0.011210917,-0.006,0.991884367,0.01967345,-0.781291348,-0.00732655
1581252877.5024664,b827eb917e19,e78f135624ce,-68,11.698633558,6.677903115,1.885910148,-0.012179704,0.005919621,0.057874695,0.031839242,0.010080379,0.986241137,0.002080379,0.018099325,-0.008035453
1581252877.9558337,b827eb917e19,e78f135624ce,-68,11.618712466,6.876554459,1.863335623,0.021533849,0.007,0.03100687,0.009349363,0.003342493,0.994664377,0.005664377,-0.019862603,0.001
1581252878.412362,b827eb917e19,e78f135624ce,-70,11.570815209,7.062693285,1.856353866,-0.005414192,0.006353866,0.025292269,0.006292269,-0.005353866,0.998,0.006,0.006060327,0.002646134
1581252878.8654423,b827eb917e19,e78f135624ce,-72,11.544906378,7.260067288,1.853943827,-0.02883909,0.004981276,0.015906378,0.007,-0.007981276,0.999,0.005,0.02883909,0.002018724
1581252879.3230839,b827eb917e19,e78f135624ce,-70,11.522083737,7.469131488,1.846722491,-0.146212457,0.002444983,0.007722491,0.003,-0.008638754,1.0,0.002444983,0.146212457,0.004916263
1581252879.7823856,b827eb917e19,e78f135624ce,-77,11.510462461,7.680319863,1.838462461,-0.728232792,-0.00326877,0.007537539,0.005806309,-0.011,1.0,-0.00326877,0.728232792,0.00926877
1581252880.2346961,b827eb917e19,e78f135624ce,-76,11.507870537,7.898232226,1.833,-0.91298665,-0.006741074,0.022352686,0.021482148,-0.011,1.0,-0.006741074,0.91298665,0.010129463
1581252880.6917207,b827eb917e19,e78f135624ce,-67,11.51156357,8.123504911,1.82830929,-0.97207213,-0.00843643,0.03256357,0.03256357,-0.01156357,0.999,-0.00843643,0.97250856,0.01156357
1581252881.1409342,b827eb917e19,e78f135624ce,-71,11.516,8.348052624,1.824,-0.990602429,-0.008,0.023196762,0.023196762,-0.01179919,1.0,-0.00779919,0.991401619,0.01179919
1581252882.050214,b827eb917e19,e78f135624ce,-71,11.544394943,8.780881393,1.83,0.490245039,0.003605057,0.001974714,0.012184828,-0.001605057,1.0,0.003605057,-0.490245039,0.003394943
1581252882.5035098,b827eb917e19,e78f135624ce,-71,11.54501148,9.002355876,1.83201148,0.781338656,0.002,-0.00202296,0.01000574,0.00300574,1.0,0.00299426,-0.781338656,0.005
1581252882.955966,b827eb917e19,e78f135624ce,-66,11.546,9.228572534,1.835279155,0.929710281,0.003,-0.010639577,0.012639577,0.003720845,1.0,0.003,-0.929710281,0.004720845
1581252883.4078228,b827eb917e19,e78f135624ce,-68,11.543269246,9.453231735,1.838,0.977615475,0.003461508,-0.017076983,0.017346229,0.002269246,1.0,0.003461508,-0.977615475,0.002269246
1581252883.8621824,b827eb917e19,e78f135624ce,-73,11.538354616,9.682326141,1.837265962,0.697457949,8.8654e-05,-0.027,0.021531924,0.002177308,1.0,8.8654e-05,-0.697546603,0.004911346
1581252884.3128448,b827eb917e19,e78f135624ce,-70,11.519999603,9.913013113,1.837500199,0.135479138,0.000499801,-0.020499007,0.006,-0.000500199,1.0,0.000499801,-0.135479138,0.003
1581252884.7721562,b827eb917e19,e78f135624ce,-69,11.508838873,10.149473281,1.834322255,-0.011539752,-0.001,-0.00335549,0.003322255,-0.004838873,1.0,-0.001,0.011539752,0.004838873
1581252885.6860402,b827eb917e19,e78f135624ce,-74,11.502945208,10.602287701,1.804787659,-0.129397201,0.007945208,0.013541094,0.001,0.008945208,0.999513698,0.007945208,0.129910899,0.009917812
1581252886.6022234,b827eb917e19,e78f135624ce,-66,11.571888102,11.012328096,1.758686583,0.017590913,0.009686583,-0.006,0.015373165,0.008373165,0.999,0.010514937,-0.016762559,0.016171646
1581252887.0583332,b827eb917e19,e78f135624ce,-71,11.510074796,11.230606529,1.747537398,-0.36023255,0.008462602,-0.019537398,-0.008537398,-0.006462602,0.999,0.007925204,0.36023255,0.016074796
1581252887.5079253,b827eb917e19,e78f135624ce,-70,11.513042536,11.429296939,1.744957464,0.074082634,0.013042536,-0.02278732,-0.001042536,0.001127608,0.999,0.013042536,-0.074082634,0.016042536
1581252887.9622,b827eb917e19,e78f135624ce,-66,11.520022636,11.621836338,1.755553686,0.651780047,0.016638421,0.004,-0.013084736,0.007638421,0.999,0.016,-0.652141626,0.014
1581252888.415838,b827eb917e19,e78f135624ce,-74,11.518379916,11.833514112,1.784078205,0.791050437,0.014307265,0.018078205,-0.018078205,0.00722906,0.999,0.014,-0.791050437,0.007921795
1581252888.8745356,b827eb917e19,e78f135624ce,-67,11.541097983,12.040759369,1.762073487,0.935220462,0.014987752,0.009975504,-0.009975504,0.021963256,0.999,0.014987752,-0.935208214,0.021963256
1581252889.3277223,b827eb917e19,e78f135624ce,-67,11.553590013,12.254630733,1.781,0.978540077,0.017590013,0.007409987,-0.008,0.012,1.0,0.017590013,-0.978540077,0.012
1581252889.7878377,b827eb917e19,e78f135624ce,-65,11.577137128,12.468190681,1.789090298,0.993227426,0.018,-0.005909702,0.005909702,0.008454851,1.0,0.018,-0.993227426,0.007682277
1581252890.2423916,b827eb917e19,e78f135624ce,-68,11.580313316,12.681806789,1.798978532,0.813373656,0.014437772,-0.014562228,0.00772962,0.003583696,1.0,0.014437772,-0.813373656,0.005291848
1581252890.7010465,b827eb917e19,e78f135624ce,-70,11.57679377,12.906525237,1.817,0.505724371,0.008676262,-0.021117508,0.01179377,-0.004558754,1.0,0.008235016,-0.505724371,-0.001558754
1581252891.1543844,b827eb917e19,e78f135624ce,-71,11.566254535,13.134850852,1.824676361,0.229825234,0.002901814,-0.017352721,0.008029082,-0.006450907,1.0,0.002901814,-0.230050688,-0.000127268
1581252891.6126244,b827eb917e19,e78f135624ce,-68,11.564841519,13.357228556,1.826495089,0.299284863,0.005504911,-0.015504911,0.010336608,-0.006,1.0,0.005504911,-0.299453167,-0.000168304
1581252892.5232358,b827eb917e19,e78f135624ce,-63,11.519652838,13.798467796,1.84608679,-0.863211245,-0.01708679,-0.002739629,-0.000739629,-0.00208679,1.0,-0.01708679,0.863298035,0.00108679
1581252892.9746397,b827eb917e19,e78f135624ce,-67,11.515356681,14.030615662,1.84546851,-0.574193596,-0.013643319,0.006587404,0.006881106,-0.002293702,1.0,-0.013643319,0.574193596,0.003
1581252893.4253714,b827eb917e19,e78f135624ce,-71,11.532618494,14.275602575,1.83503613,-0.322462348,-0.000345377,0.020981935,0.014636559,-0.002981935,1.0,-0.000345377,0.32278966,0.002981935
1581252893.8820755,b827eb917e19,e78f135624ce,-76,11.551981368,14.509621141,1.817049686,-0.788515557,0.001993789,0.019018632,0.017012422,-0.009968946,1.0,0.001993789,0.788515557,0.008975157
1581252894.3419724,b827eb917e19,e78f135624ce,-68,11.561297978,14.73255452,1.816680809,-0.714001983,0.003,0.013957573,0.019638382,-0.004,1.0,0.003,0.714001983,0.004
1581252894.7946641,b827eb917e19,e78f135624ce,-65,11.578877119,14.951860167,1.813388241,-0.834737286,-0.000122881,0.026673199,0.031142479,-0.002673199,0.999,0.000611759,0.834737286,0.002673199
1581252895.2446685,b827eb917e19,e78f135624ce,-67,11.549117074,15.165761576,1.832720731,-0.946486583,-0.013,0.012418903,0.013558537,0.004,1.0,-0.013,0.946486583,-0.004
1581252895.7014358,b827eb917e19,e78f135624ce,-70,11.535944386,15.391196222,1.846639035,-0.982639035,-0.019527807,0.010472193,0.011,0.005527807,1.0,-0.019527807,0.982639035,-0.005527807
1581252896.1523793,b827eb917e19,e78f135624ce,-69,11.531398203,15.611177409,1.854451348,-0.994300899,-0.020150449,0.009699101,0.009699101,0.005150449,1.0,-0.020150449,0.994300899,-0.005150449
1581252896.6072588,b827eb917e19,e78f135624ce,-66,11.528213017,15.828644998,1.861360948,-0.998,-0.023,0.004426035,0.004426035,0.005786983,1.0,-0.023,0.998,-0.005786983
1581252897.0584621,b827eb917e19,e78f135624ce,-74,11.535,16.038059927,1.864858969,-0.999,-0.023380344,-0.001901718,-0.001901718,0.005239313,1.0,-0.023380344,0.999,-0.005239313
1581252897.508639,b827eb917e19,e78f135624ce,-71,11.546967832,16.25326292,1.849,-0.999,-0.020967832,-0.006967832,-0.006967832,-3.2168e-05,1.0,-0.020967832,0.999967832,3.2168e-05
1581252897.964522,b827eb917e19,e78f135624ce,-73,11.540498529,16.456847548,1.858917892,-0.999416422,-0.021,0.010501471,0.010501471,0.005167157,1.0,-0.021,1.0,-0.005167157
1581252898.4210238,b827eb917e19,e78f135624ce,-70,11.546818635,16.663916797,1.84036273,-0.999,-0.017454243,0.028272878,0.028272878,0.0,0.999,-0.017454243,1.0,0.000272878
1581252898.8787024,b827eb917e19,e78f135624ce,-72,11.565925119,16.860978217,1.832262083,-0.999,-0.01103744,0.024149762,0.024149762,0.001074881,0.999,-0.01103744,1.0,-0.001074881
1581252899.7846928,b827eb917e19,e78f135624ce,-67,11.562021919,17.230288359,1.853784149,-0.999,-0.006107926,-0.005136594,-0.005136594,0.009784149,0.999,-0.005107926,1.0,-0.009784149
1581252900.2380335,b827eb917e19,e78f135624ce,-72,11.926836562,17.452309227,1.852405844,-0.979,0.0,0.098993925,0.096993925,-0.001527336,0.976,-0.003745444,0.996,0.001775817
1581252900.6892881,b827eb917e19,e78f135624ce,-70,11.794176637,17.601570213,1.793663413,-0.992210013,-0.005210013,0.018983312,0.017983312,-0.0107733,0.990210013,-0.006806675,0.998,0.0107733
1581252901.1451218,b827eb917e19,e78f135624ce,-68,11.71524272,17.766163104,1.830493688,-0.997087864,-0.008,-0.001175728,-0.002087864,0.00143932,0.996087864,-0.009,0.999,-0.00143932
1581252901.5954041,b827eb917e19,e78f135624ce,-68,11.668386135,17.878677769,1.846653466,-0.998604861,-0.010209721,0.001741673,0.001741673,0.000419442,0.998,-0.009604861,0.999,-0.000814582
1581252902.0521412,b827eb917e19,e78f135624ce,-69,11.600687691,17.93859706,1.888466013,-0.999,-0.012244336,-0.008556644,-0.009312309,0.011,0.999,-0.012244336,0.999244336,-0.011
1581252902.507986,b827eb917e19,e78f135624ce,-70,11.536108117,17.972771771,1.878912915,-0.999,-0.012,-0.019087085,-0.019087085,0.002342343,0.999,-0.012,1.0,-0.002342343
