1581252856.5884778,000000000402,e78f135624ce,-70,11.715927616,-0.144036192,1.77381904,1.002,0.014963808,0.022036192,-0.018036192,0.003036192,1.002,0.014963808,-0.998,0.003072384
1581252857.0473948,000000000402,e78f135624ce,-76,11.646842338,-0.136271309,1.798671868,0.999,0.016,0.031,-0.031,-0.008593037,0.999,0.016,-1.0,-0.008593037
1581252857.9565723,000000000402,e78f135624ce,-67,11.430312282,-0.086937453,1.834625019,0.998,0.016,0.050812509,-0.050812509,-0.010187491,0.999,0.017,-1.0,-0.009187491
1581252858.4086864,000000000402,e78f135624ce,-68,11.43987982,-0.092763741,1.871116079,0.999,0.018470468,0.032824856,-0.032824856,-0.018411403,0.999,0.018940935,-0.999529532,-0.01788187
1581252859.3133626,000000000402,e78f135624ce,-70,11.481037126,-0.111321972,1.893071211,0.999,0.021464394,0.014678028,-0.014678028,-0.018535606,0.999,0.021464394,-0.999,-0.017535606
1581252859.7733757,000000000402,e78f135624ce,-75,11.48530828,-0.1153132,1.87952528,0.999,0.02163132,0.01805548,-0.01705548,-0.01263132,0.999,0.02163132,-1.0,-0.01263132
1581252860.2304585,000000000402,e78f135624ce,-66,11.450590622,-0.094253124,1.8689325,0.999,0.02,0.029780626,-0.028797501,-0.011949375,0.999,0.020983125,-1.0,-0.01096625
1581252860.6859694,000000000402,e78f135624ce,-66,11.503649494,-0.088673271,1.829681197,0.999,0.021,0.021,-0.021,-0.002003963,0.999,0.021665346,-0.999334654,-0.001669309
1581252861.1369858,000000000402,e78f135624ce,-78,11.49467834,-0.04626805,1.834059807,0.999,0.020630927,0.028684537,-0.028684537,-0.00716083,0.998,0.021315463,-0.999,-0.00616083
1581252862.0463347,000000000402,e78f135624ce,-54,11.567650828,0.156759118,1.708941436,0.996,0.025470718,0.037234254,-0.038704973,0.022058564,0.993529282,0.024470718,-0.997,0.023058564
1581252862.497356,000000000402,e78f135624ce,-52,11.532028118,0.294391492,1.742484499,0.998,0.023242249,0.038515501,-0.039515501,0.011878875,0.997,0.023121125,-0.999,0.011878875
1581252862.9583473,000000000402,e78f135624ce,-57,11.412178117,0.458022283,1.791951436,0.996188259,0.024188259,0.062929153,-0.062929153,-0.001552635,0.995188259,0.025,-0.998188259,0.000259106
1581252863.4163923,000000000402,e78f135624ce,-51,11.424648388,0.578318666,1.869829656,0.996021979,0.024,0.044181312,-0.043692301,-0.013868129,0.995532968,0.024489011,-0.998510989,-0.012379118
1581252863.869344,000000000402,e78f135624ce,-59,11.301784662,0.760244747,1.939623948,0.995745798,0.026127101,0.054297269,-0.054170168,-0.019067227,0.994364496,0.027364496,-0.997618698,-0.018194327
1581252864.3203259,000000000402,e78f135624ce,-53,11.486665347,0.941752474,2.022727229,0.995729208,0.026,0.036750495,-0.035750495,-0.022437129,0.993729208,0.024729208,-0.996729208,-0.021437129
1581252864.7714975,000000000402,e78f135624ce,-59,11.512034245,1.098462054,1.993520824,0.996033087,0.028,0.039991439,-0.039669134,-0.014355391,0.995355391,0.028,-0.998,-0.013033087
1581252865.6773388,000000000402,e78f135624ce,-57,11.43345179,1.529100018,1.828280356,0.997,0.019853571,0.054426785,-0.055426785,0.007426785,0.997,0.018853571,-0.999,0.008853571
1581252866.1293316,000000000402,e78f135624ce,-67,11.473427499,1.756235704,1.819796072,0.486277871,0.016,0.060388215,-0.01277643,0.005,0.997203928,0.016,-0.486277871,0.007796072
1581252866.5853193,000000000402,e78f135624ce,-59,11.490708307,1.976540889,1.815291693,0.138209916,0.012291693,0.04987508,0.00656246,-0.00556246,0.998,0.013291693,-0.137355763,0.009708307
1581252867.0363572,000000000402,e78f135624ce,-70,11.493,2.186983573,1.816553865,0.15026353,0.013,0.042,0.003784541,-0.007,0.999,0.013,-0.15026353,0.006446135
1581252867.491777,000000000402,e78f135624ce,-63,11.496925367,2.39017945,1.822149266,0.386612983,0.015074633,0.030477569,0.001850734,-0.003,0.999,0.015074633,-0.385687616,0.002925367
1581252867.9504447,000000000402,e78f135624ce,-60,11.502881188,2.595838751,1.821697313,0.209983057,0.013513437,0.016881188,0.0125785,0.002,0.999302687,0.013513437,-0.209680369,0.003605375
1581252868.4063277,000000000402,e78f135624ce,-73,11.508853425,2.799638341,1.826764383,0.424119131,0.011382192,0.020764383,0.001942468,0.001617808,1.0,0.011382192,-0.424119131,0.003
1581252868.8633275,000000000402,e78f135624ce,-75,11.506075047,3.000052554,1.832075047,0.820752365,0.012075047,0.027075047,-0.020225142,0.001,1.0,0.012075047,-0.821677318,0.001924953
1581252869.319298,000000000402,e78f135624ce,-63,11.509,3.201933808,1.834,0.802723233,0.011,0.03608574,-0.026304753,0.000304753,0.999,0.011,-0.803418479,0.002
1581252869.770322,000000000402,e78f135624ce,-76,11.510499979,3.401750566,1.835,0.920750237,0.012,0.03774999,-0.03374999,-0.001,0.999,0.012,-0.920750237,0.0
1581252870.2293031,000000000402,e78f135624ce,-70,11.507,3.602785974,1.835,0.975130996,0.012096556,0.027289668,-0.026193112,-0.001,1.0,0.012096556,-0.975130996,-0.0
1581252871.1383183,000000000402,e78f135624ce,-68,11.494,3.990677643,1.828253553,0.169281976,0.003746447,0.009492894,-0.002492894,-0.004746447,1.0,0.003746447,-0.169281976,0.004
1581252871.5943027,000000000402,e78f135624ce,-70,11.484925911,4.170592709,1.83391977,-0.023432249,0.001,0.009,-0.000845681,0.000382726,1.0,0.001,0.023432249,0.002617274
1581252872.048348,000000000402,e78f135624ce,-72,11.47792545,4.345598986,1.841462725,0.001848312,0.002,0.020313626,-0.001611824,0.004462725,1.0,0.002,-0.001848312,0.0
1581252872.5062897,000000000402,e78f135624ce,-70,11.467704424,4.534050783,1.831010157,-0.330471338,0.000673438,0.029795834,0.00496953,-0.00211224,0.99888776,0.000673438,0.330359098,0.005663281
1581252873.8676507,000000000402,e78f135624ce,-68,11.458037153,5.066671881,1.803885412,0.307972233,0.013148612,0.044111459,-0.024074306,0.00326007,0.994037153,0.012111459,-0.310897928,0.015297223
1581252874.3182883,000000000402,e78f135624ce,-62,11.420288952,5.234929178,1.780648726,0.460543911,0.014371105,0.044082153,-0.034968839,0.00725779,0.996628895,0.014371105,-0.461543911,0.016660057
1581252874.768336,000000000402,e78f135624ce,-66,11.429701392,5.424843919,1.782986831,0.533701007,0.017637878,0.039116189,-0.028036407,0.006810612,0.993172734,0.013724245,-0.536827266,0.011983346
1581252875.2202775,000000000402,e78f135624ce,-68,11.519895969,5.628462403,1.851826589,0.656641628,0.02,0.043265892,-0.02391907,-0.002173411,0.988479767,0.015826589,-0.663815039,-0.005173411
1581252875.2232745,000000000402,e78f135624ce,-61,11.519112159,5.62973033,1.851849642,0.65615751,0.02,0.043496424,-0.024195708,-0.002150358,0.988548927,0.015849642,-0.663307868,-0.005150358
1581252875.6803153,000000000402,e78f135624ce,-66,11.501422118,5.826440172,1.812828449,0.635288941,0.017519187,0.047327315,-0.028327315,0.007672685,0.995,0.016038374,-0.637769754,0.010749433
1581252876.1372972,000000000402,e78f135624ce,-71,11.510740652,6.010543623,1.775259348,0.86234288,0.024,0.041753116,-0.035129674,0.017058605,0.997,0.023,-0.86334288,0.019870326
1581252876.5923114,000000000402,e78f135624ce,-65,11.801221863,6.20747985,1.845829087,0.814061599,0.024170913,-0.06441825,0.070760075,-0.005170913,0.978803612,0.018829087,-0.833257987,-0.007170913
1581252877.049291,000000000402,e78f135624ce,-74,11.628059009,6.435940817,1.856176414,0.768706793,0.020588251,0.018705831,-0.011352915,-0.006,0.991941166,0.019588251,-0.776236209,-0.007411749
1581252877.506305,000000000402,e78f135624ce,-73,11.698089765,6.679854374,1.885078464,-0.013843073,0.005887633,0.057426865,0.031775266,0.010112367,0.9863371,0.002112367,0.019730706,-0.007651599
1581252877.9592695,000000000402,e78f135624ce,-77,11.61822163,6.877757006,1.863311082,0.022957272,0.007,0.030933245,0.009177571,0.003244326,0.994688918,0.005688918,-0.021335109,0.001
1581252878.4163063,000000000402,e78f135624ce,-74,11.570561656,7.064101912,1.856382038,-0.003695667,0.006382038,0.025235924,0.006235924,-0.005382038,0.998,0.006,0.004313629,0.002617962
1581252878.8692825,000000000402,e78f135624ce,-67,11.544769228,7.261630801,1.853861537,-0.027138427,0.004953846,0.015769228,0.007,-0.007953846,0.999,0.005,0.027138427,0.002046154
1581252879.3264413,000000000402,e78f135624ce,-79,11.521992171,7.470810195,1.846661447,-0.154728079,0.002322895,0.007661447,0.003,-0.008669276,1.0,0.002322895,0.154728079,0.005007829
1581252879.7863066,000000000402,e78f135624ce,-90,11.510391169,7.682351672,1.838391169,-0.731048809,-0.003304415,0.007608831,0.005913246,-0.011,1.0,-0.003304415,0.731048809,0.009304415
1581252880.2389214,000000000402,e78f135624ce,-76,11.507900717,7.900043048,1.833,-0.913922242,-0.006801435,0.022503587,0.02160287,-0.011,1.0,-0.006801435,0.913922242,0.010099283
1581252880.6942506,000000000402,e78f135624ce,-78,11.51158164,8.124643347,1.828255079,-0.972234764,-0.00841836,0.03258164,0.03258164,-0.01158164,0.999,-0.00841836,0.972653123,0.01158164
1581252881.1445,000000000402,e78f135624ce,-80,11.516,8.349708167,1.824,-0.990678838,-0.008,0.023094882,0.023094882,-0.011773721,1.0,-0.007773721,0.991452559,0.011773721
1581252882.0542517,000000000402,e78f135624ce,-70,11.54442859,8.783001144,1.83,0.487284116,0.00357141,0.002142948,0.012285769,-0.00157141,1.0,0.00357141,-0.487284116,0.00342859
1581252882.507294,000000000402,e78f135624ce,-76,11.54507455,9.004311037,1.83207455,0.783199213,0.002,-0.002149099,0.010037275,0.003037275,1.0,0.002962725,-0.783199213,0.005
1581252882.9595945,000000000402,e78f135624ce,-74,11.546,9.230386779,1.835334978,0.930352245,0.003,-0.010667489,0.012667489,0.003665022,1.0,0.003,-0.930352245,0.004665022
1581252883.4112506,000000000402,e78f135624ce,-70,11.543295613,9.454919239,1.838,0.977773679,0.003408774,-0.017182452,0.017478066,0.002295613,1.0,0.003408774,-0.977773679,0.002295613
1581252883.4142334,000000000402,e78f135624ce,-74,11.543318558,9.45638772,1.838,0.977911349,0.003362884,-0.017274232,0.017592791,0.002318558,1.0,0.003362884,-0.977911349,0.002318558
1581252883.8663,000000000402,e78f135624ce,-76,11.538217358,9.684522264,1.837163019,0.686443018,5.434e-05,-0.027,0.021326038,0.002108679,1.0,5.434e-05,-0.686497358,0.00494566
1581252884.3161724,000000000402,e78f135624ce,-69,11.519944142,9.914843299,1.837527929,0.132567478,0.000472071,-0.020360356,0.006,-0.000527929,1.0,0.000472071,-0.132567478,0.003
1581252884.7761765,000000000402,e78f135624ce,-69,11.508805371,10.151650899,1.834389258,-0.013315349,-0.001,-0.003221483,0.003389258,-0.004805371,1.0,-0.001,0.013315349,0.004805371
1581252886.1472254,000000000402,e78f135624ce,-74,11.55944045,10.806761802,1.782368191,0.015162675,0.008750908,0.003685911,0.015750908,0.009064997,0.998812273,0.008750908,-0.015162675,0.01287727
1581252886.606246,000000000402,e78f135624ce,-73,11.571519364,11.014607571,1.758552496,0.005757759,0.009552496,-0.006,0.015104992,0.008104992,0.999,0.010414372,-0.004895883,0.016138124
1581252887.9662547,000000000402,e78f135624ce,-74,11.520341226,11.623371362,1.755669537,0.655081798,0.016667384,0.004,-0.012997847,0.007667384,0.999,0.016,-0.655414414,0.014
1581252888.4192734,000000000402,e78f135624ce,-75,11.518649838,11.834912798,1.78400459,0.792571816,0.014331803,0.01800459,-0.01800459,0.007327214,0.999,0.014,-0.792571816,0.00799541
1581252888.8783233,000000000402,e78f135624ce,-81,11.541314426,12.042436803,1.76223582,0.935707459,0.014960697,0.009921393,-0.009921393,0.02188209,0.999,0.014960697,-0.935668156,0.02188209
1581252889.331361,000000000402,e78f135624ce,-75,11.553623092,12.256516266,1.781,0.978738554,0.017623092,0.007376908,-0.008,0.012,1.0,0.017623092,-0.978738554,0.012
1581252889.334202,000000000402,e78f135624ce,-78,11.55364892,12.257988419,1.781,0.978893518,0.01764892,0.00735108,-0.008,0.012,1.0,0.01764892,-0.978893518,0.012
1581252890.2462142,000000000402,e78f135624ce,-70,11.58006758,12.683526942,1.79916966,0.807503293,0.01435586,-0.01464414,0.0075931,0.00347448,1.0,0.01435586,-0.807503293,0.00523724
1581252890.704232,000000000402,e78f135624ce,-79,11.576907538,12.907890455,1.817,0.509296691,0.008744523,-0.021163015,0.011907538,-0.004581508,1.0,0.00832603,-0.509296691,-0.001581508
1581252891.1582406,000000000402,e78f135624ce,-77,11.566529977,13.136420868,1.824758993,0.235912489,0.003011991,-0.017517986,0.008276979,-0.006505995,1.0,0.003011991,-0.236165486,-0.000264988
1581252891.615214,000000000402,e78f135624ce,-74,11.564733615,13.358609732,1.826559831,0.29552979,0.005440169,-0.015440169,0.010293446,-0.006,1.0,0.005440169,-0.295676513,-0.000146723
1581252892.527211,000000000402,e78f135624ce,-80,11.519520333,13.800554753,1.846119917,-0.864436918,-0.017119917,-0.00264025,-0.00064025,-0.002119917,1.0,-0.017119917,0.864556835,0.001119917
1581252892.9782963,000000000402,e78f135624ce,-85,11.515609832,14.032472101,1.845327871,-0.559426466,-0.013390168,0.006531148,0.006796723,-0.002265574,1.0,-0.013390168,0.559426466,0.003
1581252893.8862002,000000000402,e78f135624ce,-94,11.55210398,14.511637681,1.81705199,-0.790481711,0.001974005,0.01894801,0.016974005,-0.00989602,1.0,0.001974005,0.790481711,0.008922015
1581252894.3456097,000000000402,e78f135624ce,-88,11.561449533,14.734464112,1.816620187,-0.716851215,0.003,0.014139439,0.019759626,-0.004,1.0,0.003,0.716851215,0.004
1581252894.7985535,000000000402,e78f135624ce,-76,11.578617831,14.953675186,1.813679941,-0.836293017,-0.000382169,0.026511144,0.030915602,-0.002511144,0.999,0.000320059,0.836293017,0.002511144
1581252895.249771,000000000402,e78f135624ce,-83,11.548803066,15.168077385,1.832799233,-0.947193101,-0.013,0.01230115,0.013401533,0.004,1.0,-0.013,0.947193101,-0.004
1581252895.70521,000000000402,e78f135624ce,-84,11.535886322,15.392967175,1.846784195,-0.982784195,-0.019556839,0.010443161,0.011,0.005556839,1.0,-0.019556839,0.982784195,-0.005556839
1581252896.1561973,000000000402,e78f135624ce,-84,11.531280725,15.612968947,1.854539456,-0.994359638,-0.020179819,0.009640362,0.009640362,0.005179819,1.0,-0.020179819,0.994359638,-0.005179819
1581252896.611204,000000000402,e78f135624ce,-79,11.528180141,15.830551804,1.861459576,-0.998,-0.023,0.004360283,0.004360283,0.005819859,1.0,-0.023,0.998,-0.005819859
1581252897.064208,000000000402,e78f135624ce,-79,11.535,16.040837108,1.864715322,-0.999,-0.023428226,-0.00214113,-0.00214113,0.005143548,1.0,-0.023428226,0.999,-0.005143548
1581252897.51321,000000000402,e78f135624ce,-77,11.547006485,16.255178337,1.849016212,-0.999003242,-0.021003242,-0.00698703,-0.00698703,9.727e-06,1.0,-0.021003242,1.0,-9.727e-06
1581252897.9682472,000000000402,e78f135624ce,-77,11.540338874,16.458390882,1.859050938,-0.999389812,-0.021,0.010661126,0.010661126,0.005220375,1.0,-0.021,1.0,-0.005220375
1581252898.4241865,000000000402,e78f135624ce,-83,11.546886406,16.665068894,1.840227189,-0.999,-0.017409063,0.028295469,0.028295469,0.0,0.999,-0.017409063,1.0,0.000295469
1581252898.8802059,000000000402,e78f135624ce,-84,11.565952455,16.861716284,1.832166408,-0.999,-0.011023773,0.02409509,0.02409509,0.001047545,0.999,-0.011023773,1.0,-0.001047545
1581252899.788189,000000000402,e78f135624ce,-79,11.562911854,17.231845745,1.853720582,-0.999,-0.006139709,-0.004882327,-0.004882327,0.009720582,0.999,-0.005139709,1.0,-0.009720582
1581252900.2431998,000000000402,e78f135624ce,-78,11.92893998,17.453748407,1.850117917,-0.979,0.0,0.098846317,0.096846317,-0.002191573,0.976,-0.003634738,0.996,0.002403152
1581252900.6943667,000000000402,e78f135624ce,-78,11.79392271,17.603420257,1.794352645,-0.992318839,-0.005318839,0.018801936,0.017801936,-0.010483097,0.990318839,-0.006879226,0.998,0.010483097
1581252901.1491876,000000000402,e78f135624ce,-78,11.714661899,17.767208582,1.830987386,-0.997116905,-0.008,-0.00123381,-0.002116905,0.001584525,0.996116905,-0.009,0.999,-0.001584525
1581252901.5991945,000000000402,e78f135624ce,-78,11.666996328,17.879183153,1.847000918,-0.998636447,-0.010272894,0.001362635,0.001362635,0.000545788,0.998,-0.009636447,0.999,-0.000909341
1581252902.0561945,000000000402,e78f135624ce,-81,11.601059249,17.939509066,1.888668681,-0.999,-0.012278114,-0.008218864,-0.008940751,0.011,0.999,-0.012278114,0.999278114,-0.011
1581252902.9621708,000000000402,e78f135624ce,-77,11.414604216,17.957934994,1.845466539,-0.998,-0.009066922,-0.043931161,-0.043931161,-0.006466539,0.998,-0.010066922,1.0,0.005466539
