1581252856.1311238,000000000202,e78f135624ce,-80,11.714,-0.144,1.77,1.002,0.013,0.023,-0.018,0.004,1.002,0.013,-0.997,0.004
1581252856.5873206,000000000202,e78f135624ce,-85,11.715908328,-0.144045836,1.77377082,1.002,0.014954164,0.022045836,-0.018045836,0.003045836,1.002,0.014954164,-0.998,0.003091672
1581252857.0461142,000000000202,e78f135624ce,-87,11.64711979,-0.136335336,1.798437101,0.999,0.016,0.031,-0.031,-0.008496996,0.999,0.016,-1.0,-0.008496996
1581252857.9551365,000000000202,e78f135624ce,-77,11.430548156,-0.08698873,1.834604508,0.998,0.016,0.050802254,-0.050802254,-0.010197746,0.999,0.017,-1.0,-0.009197746
1581252858.407146,000000000202,e78f135624ce,-78,11.439648757,-0.092675717,1.87097304,0.999,0.018459465,0.032945889,-0.032945889,-0.018378394,0.999,0.018918929,-0.999540535,-0.017837858
1581252858.861186,000000000202,e78f135624ce,-80,11.494195794,-0.112819384,1.897212923,0.999,0.021737641,0.012442975,-0.011574154,-0.021475282,0.999,0.021737641,-0.999,-0.020606461
1581252860.2291524,000000000202,e78f135624ce,-78,11.450917136,-0.094393058,1.868895184,0.999,0.02,0.029659349,-0.028685553,-0.011921388,0.999,0.020973796,-1.0,-0.010947592
1581252860.6841478,000000000202,e78f135624ce,-81,11.503480353,-0.088738326,1.829824316,0.999,0.021,0.021,-0.021,-0.002042995,0.999,0.021652335,-0.999347665,-0.00169533
1581252861.1353197,000000000202,e78f135624ce,-88,11.494464131,-0.046446558,1.834321618,0.999,0.020607126,0.028696437,-0.028696437,-0.007267935,0.998,0.021303563,-0.999,-0.006267935
1581252861.5912106,000000000202,e78f135624ce,-75,11.66364479,0.017323411,1.732320701,0.992903248,0.028,0.000258458,-0.001161706,0.016484439,0.989193505,0.026,-0.995290257,0.016387687
1581252862.04514,000000000202,e78f135624ce,-83,11.567939551,0.156331011,1.708961348,0.996,0.025480674,0.037154607,-0.038635281,0.022038652,0.993519326,0.024480674,-0.997,0.023038652
1581252862.4961343,000000000202,e78f135624ce,-80,11.531773605,0.294106438,1.742443777,0.998,0.023221888,0.038556223,-0.039556223,0.011889056,0.997,0.023110944,-0.999,0.011889056
1581252862.956144,000000000202,e78f135624ce,-78,11.413364468,0.457124045,1.790866772,0.996205207,0.024205207,0.062742726,-0.062742726,-0.001332313,0.995205207,0.025,-0.998205207,0.00046248
1581252863.4152057,000000000202,e78f135624ce,-73,11.426017551,0.577752745,1.869272862,0.996040234,0.024,0.043916607,-0.043436724,-0.013758596,0.995560351,0.024479883,-0.998520117,-0.012278713
1581252863.8682172,000000000202,e78f135624ce,-81,11.300094515,0.759750704,1.938081147,0.995763133,0.026118433,0.054617964,-0.05449953,-0.018789869,0.994407833,0.027407833,-0.9976447,-0.017908302
1581252864.3210907,000000000202,e78f135624ce,-77,11.486461388,0.942134897,2.022427664,0.995735582,0.026,0.036826979,-0.035826979,-0.022379765,0.993735582,0.024735582,-0.996735582,-0.021379765
1581252864.7701461,000000000202,e78f135624ce,-78,11.513430648,1.09757241,1.993712266,0.996066871,0.028,0.039642338,-0.039331295,-0.014377914,0.995377914,0.028,-0.998,-0.013066871
1581252865.6761587,000000000202,e78f135624ce,-82,11.433333773,1.528591637,1.828307591,0.997,0.019871727,0.054435864,-0.055435864,0.007435864,0.997,0.018871727,-0.999,0.008871727
1581252866.1281877,000000000202,e78f135624ce,-84,11.473365903,1.755707736,1.819804871,0.486999428,0.016,0.060414613,-0.012829226,0.005,0.997195129,0.016,-0.486999428,0.007804871
1581252866.5831587,000000000202,e78f135624ce,-80,11.490672297,1.975496622,1.815327703,0.140334458,0.012327703,0.049983108,0.006508446,-0.005508446,0.998,0.013327703,-0.139498309,0.009672297
1581252867.0351324,000000000202,e78f135624ce,-78,11.493,2.186412019,1.816564071,0.151355606,0.013,0.042,0.003743716,-0.007,0.999,0.013,-0.151355606,0.006435929
1581252867.4902005,000000000202,e78f135624ce,-77,11.496938504,2.389443785,1.822122992,0.384392851,0.015061496,0.030569527,0.001877008,-0.003,0.999,0.015061496,-0.383454347,0.002938504
1581252867.9491694,000000000202,e78f135624ce,-71,11.502817423,2.595292194,1.821688203,0.213654099,0.013558984,0.016817423,0.012505626,0.002,0.999311797,0.013558984,-0.213342302,0.003623594
1581252868.405153,000000000202,e78f135624ce,-76,11.508878597,2.799185248,1.826747602,0.422667553,0.011373801,0.020747602,0.002009593,0.001626199,1.0,0.011373801,-0.422667553,0.003
1581252869.3181574,000000000202,e78f135624ce,-86,11.509,3.201353142,1.834,0.803428328,0.011,0.036054633,-0.026315122,0.000315122,0.999,0.011,-0.804113206,0.002
1581252869.7691739,000000000202,e78f135624ce,-78,11.510520856,3.401176454,1.835,0.920510153,0.012,0.037760428,-0.033760428,-0.001,0.999,0.012,-0.920510153,0.0
1581252870.2282474,000000000202,e78f135624ce,-78,11.507,3.602378769,1.835,0.975063128,0.012104097,0.027312291,-0.026208194,-0.001,1.0,0.012104097,-0.975063128,-0.0
1581252870.680193,000000000202,e78f135624ce,-78,11.503,3.802290835,1.829657972,0.596365185,0.008894685,0.020894685,-0.011236714,-0.003894685,1.0,0.008894685,-0.596365185,0.002894685
1581252871.1371722,000000000202,e78f135624ce,-80,11.494,3.99026833,1.828245367,0.169208299,0.003754633,0.009509267,-0.002509267,-0.004754633,1.0,0.003754633,-0.169208299,0.004
1581252871.5911553,000000000202,e78f135624ce,-80,11.48508328,4.169333762,1.833736174,-0.02180611,0.001,0.009,-0.000819453,0.000277814,1.0,0.001,0.02180611,0.002722186
1581252871.5941932,000000000202,e78f135624ce,-82,11.484931383,4.170548935,1.833913386,-0.023375708,0.001,0.009,-0.000844769,0.000379078,1.0,0.001,0.023375708,0.002620922
1581252872.0471876,000000000202,e78f135624ce,-81,11.477906111,4.345105822,1.841453055,0.002457514,0.002,0.020265277,-0.001640834,0.004453055,1.0,0.002,-0.002457514,0.0
1581252872.5051777,000000000202,e78f135624ce,-74,11.46830675,4.533633789,1.830926758,-0.333899959,0.000617838,0.029647569,0.005219727,-0.002102973,0.998897027,0.000617838,0.333796986,0.005691081
1581252872.9601877,000000000202,e78f135624ce,-73,11.383781781,4.708456942,1.789514353,0.085321615,0.007744874,0.04649795,-0.021987698,0.007,0.998,0.006995899,-0.085321615,0.016995899
1581252873.866191,000000000202,e78f135624ce,-77,11.458025923,5.066166554,1.804222298,0.307073873,0.013103694,0.04407777,-0.024051847,0.003181464,0.994025923,0.01207777,-0.310022026,0.015207387
1581252875.2191782,000000000202,e78f135624ce,-75,11.52018349,5.627997295,1.851818133,0.656819215,0.02,0.043181326,-0.023817592,-0.002181867,0.988454398,0.015818133,-0.664001082,-0.005181867
1581252875.6781735,000000000202,e78f135624ce,-75,11.501059674,5.825632911,1.813405064,0.635470163,0.017502712,0.047475588,-0.028475588,0.007524412,0.995,0.016005425,-0.63796745,0.010535262
1581252876.1351993,000000000202,e78f135624ce,-75,11.510934299,6.009639937,1.775065701,0.861713527,0.024,0.041688567,-0.03503285,0.017139291,0.997,0.023,-0.862713527,0.01996715
1581252877.048188,000000000202,e78f135624ce,-74,11.628389886,6.435297443,1.856075313,0.770333608,0.020615824,0.01861392,-0.01130696,-0.006,0.991922784,0.019615824,-0.777872215,-0.007384176
1581252877.5052013,000000000202,e78f135624ce,-74,11.698246114,6.679293356,1.885317586,-0.013364828,0.00589683,0.057555623,0.03179366,0.01010317,0.986309509,0.00210317,0.019261659,-0.007761963
1581252877.9581897,000000000202,e78f135624ce,-69,11.618375887,6.877379077,1.863318794,0.022509928,0.007,0.030956383,0.00923156,0.003275177,0.994681206,0.005681206,-0.020872339,0.001
1581252878.4142478,000000000202,e78f135624ce,-66,11.570693988,7.063366732,1.856367335,-0.004592587,0.006367335,0.025265331,0.006265331,-0.005367335,0.998,0.006,0.005225253,0.002632665
1581252878.8672323,000000000202,e78f135624ce,-69,11.544842448,7.260796093,1.853905469,-0.028046355,0.00496849,0.015842448,0.007,-0.00796849,0.999,0.005,0.028046355,0.00203151
1581252879.325186,000000000202,e78f135624ce,-77,11.522026406,7.470182557,1.846684271,-0.151544245,0.002368541,0.007684271,0.003,-0.008657865,1.0,0.002368541,0.151544245,0.004973594
1581252879.7851603,000000000202,e78f135624ce,-71,11.510412012,7.681757671,1.838412012,-0.730225544,-0.003293994,0.007587988,0.005881983,-0.011,1.0,-0.003293994,0.730225544,0.009293994
1581252880.237189,000000000202,e78f135624ce,-77,11.507888344,7.899300613,1.833,-0.91353865,-0.006776687,0.022441718,0.021553374,-0.011,1.0,-0.006776687,0.91353865,0.010111656
1581252880.6925182,000000000202,e78f135624ce,-75,11.511569267,8.12386379,1.8282922,-0.972123399,-0.008430733,0.032569267,0.032569267,-0.011569267,0.999,-0.008430733,0.972554132,0.011569267
1581252880.695165,000000000202,e78f135624ce,-67,11.511588171,8.125054797,1.828235486,-0.972293542,-0.008411829,0.032588171,0.032588171,-0.011588171,0.999,-0.008411829,0.972705371,0.011588171
1581252881.1435742,000000000202,e78f135624ce,-80,11.516,8.349278342,1.824,-0.990659,-0.008,0.023121333,0.023121333,-0.011780333,1.0,-0.007780333,0.991439334,0.011780333
1581252882.0521846,000000000202,e78f135624ce,-80,11.544411364,8.781915922,1.83,0.488799983,0.003588636,0.002056819,0.012234092,-0.001588636,1.0,0.003588636,-0.488799983,0.003411364
1581252882.5062108,000000000202,e78f135624ce,-83,11.545056497,9.003751417,1.832056497,0.782666671,0.002,-0.002112995,0.010028249,0.003028249,1.0,0.002971751,-0.782666671,0.005
1581252882.9581656,000000000202,e78f135624ce,-85,11.546,9.229672358,1.835312996,0.93009945,0.003,-0.010656498,0.012656498,0.003687004,1.0,0.003,-0.93009945,0.004687004
1581252883.4101653,000000000202,e78f135624ce,-79,11.543287265,9.454384947,1.838,0.977723589,0.00342547,-0.017149059,0.017436324,0.002287265,1.0,0.00342547,-0.977723589,0.002287265
1581252884.315192,000000000202,e78f135624ce,-72,11.519960482,9.914304091,1.837519759,0.133425309,0.000480241,-0.020401205,0.006,-0.000519759,1.0,0.000480241,-0.133425309,0.003
1581252884.7742145,000000000202,e78f135624ce,-71,11.50882172,10.150588177,1.834356559,-0.012448821,-0.001,-0.003286881,0.003356559,-0.00482172,1.0,-0.001,0.012448821,0.00482172
1581252885.6881454,000000000202,e78f135624ce,-79,11.503009984,10.603129795,1.804447583,-0.127745402,0.008009984,0.013492512,0.001,0.009009984,0.999497504,0.008009984,0.128242906,0.010014976
1581252886.1451979,000000000202,e78f135624ce,-81,11.559237699,10.805950798,1.782836078,0.012573701,0.008688523,0.003795085,0.015688523,0.008893438,0.998827869,0.008688523,-0.012573701,0.012721307
1581252886.6042302,000000000202,e78f135624ce,-68,11.571704148,11.013465266,1.75861969,0.011687661,0.00961969,-0.006,0.01523938,0.00823938,0.999,0.010464768,-0.010842584,0.016154923
1581252887.0602205,000000000202,e78f135624ce,-76,11.510043341,11.231613102,1.74752167,-0.361396399,0.00847833,-0.01952167,-0.00852167,-0.00647833,0.999,0.007956659,0.361396399,0.016043341
1581252887.5101645,000000000202,e78f135624ce,-66,11.513061196,11.430304592,1.744938804,0.076751049,0.013061196,-0.022694019,-0.001061196,0.001183588,0.999,0.013061196,-0.076751049,0.016061196
1581252887.9642184,000000000202,e78f135624ce,-81,11.520181229,11.622600465,1.755611356,0.653423642,0.016652839,0.004,-0.013041483,0.007652839,0.999,0.016,-0.653770803,0.014
1581252888.418176,000000000202,e78f135624ce,-76,11.518563611,11.834465984,1.784028106,0.792085807,0.014323965,0.018028106,-0.018028106,0.007295859,0.999,0.014,-0.792085807,0.007971894
1581252888.8772616,000000000202,e78f135624ce,-72,11.541253759,12.041966632,1.762190319,0.935570958,0.01496828,0.00993656,-0.00993656,0.02190484,0.999,0.01496828,-0.935539238,0.02190484
1581252889.3302393,000000000202,e78f135624ce,-67,11.553612895,12.25593499,1.781,0.978677367,0.017612895,0.007387105,-0.008,0.012,1.0,0.017612895,-0.978677367,0.012
1581252889.7902763,000000000202,e78f135624ce,-66,11.577247971,12.46947646,1.789001623,0.993249594,0.018,-0.005998377,0.005998377,0.008499188,1.0,0.018,-0.993249594,0.007748782
1581252890.2452247,000000000202,e78f135624ce,-85,11.580131186,12.683081696,1.799120188,0.809022784,0.014377062,-0.014622938,0.007628437,0.003502749,1.0,0.014377062,-0.809022784,0.005251375
1581252890.7022026,000000000202,e78f135624ce,-81,11.576835059,12.907020705,1.817,0.507020845,0.008701035,-0.021134023,0.011835059,-0.004567012,1.0,0.008268047,-0.507020845,-0.001567012
1581252891.156278,000000000202,e78f135624ce,-69,11.566389787,13.135621785,1.824716936,0.232814289,0.002955915,-0.017433872,0.008150808,-0.006477957,1.0,0.002955915,-0.233053268,-0.000194893
1581252891.6142538,000000000202,e78f135624ce,-73,11.564773629,13.358097545,1.826535822,0.296922299,0.005464178,-0.015464178,0.010309452,-0.006,1.0,0.005464178,-0.297077025,-0.000154726
1581252892.5252154,000000000202,e78f135624ce,-72,11.519586852,13.799507081,1.846103287,-0.863821619,-0.017103287,-0.002690139,-0.000690139,-0.002103287,1.0,-0.017103287,0.863924906,0.001103287
1581252892.9773428,000000000202,e78f135624ce,-75,11.515543825,14.03198805,1.845364542,-0.563276877,-0.013456175,0.006545817,0.006818725,-0.002272908,1.0,-0.013456175,0.563276877,0.003
1581252893.4271972,000000000202,e78f135624ce,-76,11.532730851,14.276529524,1.834951861,-0.325271283,-0.000317287,0.021024069,0.014706782,-0.003024069,1.0,-0.000317287,0.32561264,0.003024069
1581252893.8842578,000000000202,e78f135624ce,-71,11.552044214,14.510696367,1.817022107,-0.789630046,0.001988947,0.018977893,0.016988947,-0.009955786,1.0,0.001988947,0.789630046,0.00896684
1581252894.3444715,000000000202,e78f135624ce,-68,11.561402107,14.733866551,1.816639157,-0.715959616,0.003,0.014082529,0.019721686,-0.004,1.0,0.003,0.715959616,0.004
1581252894.797194,000000000202,e78f135624ce,-73,11.578708461,14.95304077,1.813577981,-0.835749231,-0.000291539,0.026567788,0.030994904,-0.002567788,0.999,0.000422019,0.835749231,0.002567788
1581252895.2472138,000000000202,e78f135624ce,-67,11.548960437,15.166916775,1.832759891,-0.946839016,-0.013,0.012360164,0.013480219,0.004,1.0,-0.013,0.946839016,-0.004
1581252895.7042518,000000000202,e78f135624ce,-74,11.535901064,15.392517557,1.846747341,-0.982747341,-0.019549468,0.010450532,0.011,0.005549468,1.0,-0.019549468,0.982747341,-0.005549468
1581252896.1552193,000000000202,e78f135624ce,-72,11.531310817,15.612510043,1.854516887,-0.994344592,-0.020172296,0.009655408,0.009655408,0.005172296,1.0,-0.020172296,0.994344592,-0.005172296
1581252896.609308,000000000202,e78f135624ce,-70,11.528195941,15.82963545,1.861412178,-0.998,-0.023,0.004391881,0.004391881,0.005804059,1.0,-0.023,0.998,-0.005804059
1581252897.0612004,000000000202,e78f135624ce,-71,11.535,16.039383409,1.864790513,-0.999,-0.023403162,-0.002015811,-0.002015811,0.005193676,1.0,-0.023403162,0.999,-0.005193676
1581252897.5112145,000000000202,e78f135624ce,-73,11.546987643,16.2543327,1.849,-0.999,-0.020987643,-0.006987643,-0.006987643,-1.2357e-05,1.0,-0.020987643,0.999987643,1.2357e-05
1581252897.9672048,000000000202,e78f135624ce,-72,11.540383547,16.457959045,1.859013711,-0.999397258,-0.021,0.010616453,0.010616453,0.005205484,1.0,-0.021,1.0,-0.005205484
1581252898.4232817,000000000202,e78f135624ce,-70,11.546867017,16.664739289,1.840265966,-0.999,-0.017421989,0.028289006,0.028289006,0.0,0.999,-0.017421989,1.0,0.000289006
1581252898.8792334,000000000202,e78f135624ce,-75,11.565934773,16.86123887,1.832228295,-0.999,-0.011032614,0.024130454,0.024130454,0.001065227,0.999,-0.011032614,1.0,-0.001065227
1581252899.7872756,000000000202,e78f135624ce,-72,11.562679357,17.231438875,1.853737189,-0.999,-0.006131406,-0.004948755,-0.004948755,0.009737189,0.999,-0.005131406,1.0,-0.009737189
1581252900.240273,000000000202,e78f135624ce,-72,11.927748344,17.452933078,1.851414082,-0.979,0.0,0.098929941,0.096929941,-0.001815267,0.976,-0.003697456,0.996,0.002047752
1581252900.691206,000000000202,e78f135624ce,-72,11.794080746,17.602268854,1.793923691,-0.992251109,-0.005251109,0.018914818,0.017914818,-0.010663709,0.990251109,-0.006834073,0.998,0.010663709
1581252901.1472368,000000000202,e78f135624ce,-78,11.714940576,17.766706963,1.83075051,-0.997102971,-0.008,-0.001205942,-0.002102971,0.001514856,0.996102971,-0.009,0.999,-0.001514856
1581252901.597326,000000000202,e78f135624ce,-77,11.667681441,17.878934022,1.84682964,-0.998620876,-0.010241753,0.001549484,0.001549484,0.000483505,0.998,-0.009620876,0.999,-0.000862629
1581252902.054227,000000000202,e78f135624ce,-82,11.600878901,17.939066394,1.88857031,-0.999,-0.012261718,-0.008382817,-0.009121099,0.011,0.999,-0.012261718,0.999261718,-0.011
1581252902.5102093,000000000202,e78f135624ce,-78,11.535492448,17.972805975,1.878776099,-0.999,-0.012,-0.019223901,-0.019223901,0.002291037,0.999,-0.012,1.0,-0.002291037
