1581252856.1285458,000000000102,e78f135624ce,-82,11.714,-0.144,1.77,1.002,0.013,0.023,-0.018,0.004,1.002,0.013,-0.997,0.004
1581252856.587515,000000000102,e78f135624ce,-78,11.71591157,-0.144044215,1.773778926,1.002,0.014955785,0.022044215,-0.018044215,0.003044215,1.002,0.014955785,-0.998,0.00308843
1581252858.4025602,000000000102,e78f135624ce,-82,11.438960896,-0.092413675,1.870547221,0.999,0.018426709,0.033306197,-0.033306197,-0.018280128,0.999,0.018853419,-0.999573291,-0.017706837
1581252858.8575459,000000000102,e78f135624ce,-77,11.49494983,-0.113053396,1.89736893,0.999,0.021789643,0.012156961,-0.011262139,-0.021579287,0.999,0.021789643,-0.999,-0.020684465
1581252859.3105319,000000000102,e78f135624ce,-81,11.480368041,-0.111064631,1.893174148,0.999,0.021412926,0.014935369,-0.014935369,-0.018587074,0.999,0.021412926,-0.999,-0.017587074
1581252859.7715456,000000000102,e78f135624ce,-82,11.485790761,-0.115479573,1.879591829,0.999,0.021647957,0.01787247,-0.01687247,-0.012647957,0.999,0.021647957,-1.0,-0.012647957
1581252860.2255447,000000000102,e78f135624ce,-83,11.451819073,-0.094779603,1.868792106,0.999,0.02,0.029324344,-0.028376318,-0.011844079,0.999,0.020948026,-1.0,-0.010896053
1581252860.6795282,000000000102,e78f135624ce,-75,11.503051391,-0.088903311,1.830187284,0.999,0.021,0.021,-0.021,-0.002141987,0.999,0.021619338,-0.999380662,-0.001761324
1581252861.1305285,000000000102,e78f135624ce,-80,11.493848112,-0.046959907,1.83507453,0.999,0.020538679,0.02873066,-0.02873066,-0.007575944,0.998,0.02126934,-0.999,-0.006575944
1581252861.5886102,000000000102,e78f135624ce,-83,11.664013185,0.01649994,1.734184345,0.992881577,0.028,-0.000131607,-0.00074997,0.015921012,0.989236845,0.026,-0.995355268,0.015802589
1581252862.0455177,000000000102,e78f135624ce,-71,11.567848284,0.156466337,1.708955054,0.996,0.025477527,0.037179784,-0.038657311,0.022044946,0.993522473,0.024477527,-0.997,0.023044946
1581252862.4965084,000000000102,e78f135624ce,-79,11.531851539,0.294193723,1.742456246,0.998,0.023228123,0.038543754,-0.039543754,0.011885938,0.997,0.023114062,-0.999,0.011885938
1581252863.410508,000000000102,e78f135624ce,-78,11.431438085,0.575512258,1.867068512,0.996112508,0.024,0.042868637,-0.042424891,-0.013324953,0.995668762,0.024443746,-0.998556254,-0.011881207
1581252863.8635316,000000000102,e78f135624ce,-82,11.29306606,0.757696233,1.931665429,0.99583522,0.02608239,0.055951568,-0.055869178,-0.017636482,0.99458805,0.02758805,-0.99775283,-0.016718872
1581252864.3155212,000000000102,e78f135624ce,-77,11.487946578,0.939350166,2.024609037,0.995689169,0.026,0.036270033,-0.035270033,-0.022797475,0.993689169,0.024689169,-0.996689169,-0.021797475
1581252864.7665236,000000000102,e78f135624ce,-82,11.517173934,1.095187574,1.994225459,0.996157434,0.028,0.038706516,-0.038425661,-0.014438289,0.995438289,0.028,-0.998,-0.013157434
1581252865.2185311,000000000102,e78f135624ce,-80,11.395088516,1.32251461,1.863989297,0.995109922,0.027109922,0.062890078,-0.062890078,0.009219844,0.994890078,0.026,-0.998,0.011109922
1581252865.676513,000000000102,e78f135624ce,-82,11.433369202,1.528744254,1.828299415,0.997,0.019866277,0.054433138,-0.055433138,0.007433138,0.997,0.018866277,-0.999,0.008866277
1581252866.1285121,000000000102,e78f135624ce,-73,11.473383375,1.755857499,1.819802375,0.486794751,0.016,0.060407125,-0.01281425,0.005,0.997197625,0.016,-0.486794751,0.007802375
1581252866.5825212,000000000102,e78f135624ce,-77,11.490661672,1.975188482,1.815338328,0.140961364,0.012338328,0.050014985,0.006492508,-0.005492508,0.998,0.013338328,-0.140130528,0.009661672
1581252867.0345252,000000000102,e78f135624ce,-78,11.493,2.186128635,1.816569132,0.151897073,0.013,0.042,0.003723474,-0.007,0.999,0.013,-0.151897073,0.006430868
1581252867.486509,000000000102,e78f135624ce,-71,11.496969266,2.387721114,1.822061468,0.379194075,0.015030734,0.030784861,0.001938532,-0.003,0.999,0.015030734,-0.378224809,0.002969266
1581252867.9465983,000000000102,e78f135624ce,-72,11.502688867,2.594190292,1.821669838,0.221055206,0.013650809,0.016688867,0.012358706,0.002,0.999330162,0.013650809,-0.220725044,0.003660324
1581252868.4054885,000000000102,e78f135624ce,-72,11.508871409,2.799314637,1.826752394,0.423082079,0.011376197,0.020752394,0.001990424,0.001623803,1.0,0.011376197,-0.423082079,0.003
1581252868.8615146,000000000102,e78f135624ce,-69,11.506062098,2.99935328,1.832062098,0.820104889,0.012062098,0.027062098,-0.020186293,0.001,1.0,0.012062098,-0.821042791,0.001937902
1581252869.3145106,000000000102,e78f135624ce,-72,11.509,3.199496561,1.834,0.805682747,0.011,0.035955173,-0.026348276,0.000348276,0.999,0.011,-0.806334471,0.002
1581252869.7655137,000000000102,e78f135624ce,-73,11.510587405,3.399346351,1.835,0.919744838,0.012,0.037793703,-0.033793703,-0.001,0.999,0.012,-0.919744838,0.0
1581252870.2255194,000000000102,e78f135624ce,-72,11.507,3.601326546,1.835,0.974887758,0.012123582,0.027370747,-0.026247165,-0.001,1.0,0.012123582,-0.974887758,-0.0
1581252870.6764987,000000000102,e78f135624ce,-73,11.503,3.800892281,1.829578808,0.599690049,0.008947461,0.020947461,-0.011368653,-0.003947461,1.0,0.008947461,-0.599690049,0.002947461
1581252871.1375003,000000000102,e78f135624ce,-75,11.494,3.990385495,1.82824771,0.169229389,0.00375229,0.00950458,-0.00250458,-0.00475229,1.0,0.00375229,-0.169229389,0.004
1581252871.592509,000000000102,e78f135624ce,-74,11.485015593,4.169875259,1.833815142,-0.022505543,0.001,0.009,-0.000830735,0.000322938,1.0,0.001,0.022505543,0.002677062
1581252872.5015597,000000000102,e78f135624ce,-77,11.470266503,4.532277037,1.830655407,-0.345055476,0.000436938,0.029165169,0.006033778,-0.002072823,0.998927177,0.000436938,0.344982653,0.005781531
1581252872.956515,000000000102,e78f135624ce,-90,11.384657554,4.70727041,1.789909863,0.080405986,0.00760362,0.046441448,-0.021648689,0.007,0.998,0.006882896,-0.080405986,0.016882896
1581252873.409539,000000000102,e78f135624ce,-75,11.592453563,4.87328093,1.843843781,0.262577614,0.01171874,0.008546767,0.022422056,-0.001203151,0.98771874,0.00807811,-0.264936984,0.00371874
1581252873.866499,000000000102,e78f135624ce,-81,11.458028293,5.066273182,1.804151212,0.307263434,0.013113172,0.044084879,-0.024056586,0.00319805,0.994028293,0.012084879,-0.310206848,0.015226343
1581252874.31751,000000000102,e78f135624ce,-75,11.420224082,5.234630777,1.780817387,0.461095304,0.014377592,0.04415351,-0.035020734,0.007244816,0.996622408,0.014377592,-0.462095304,0.016601674
1581252874.766498,000000000102,e78f135624ce,-75,11.424968618,5.424062782,1.781547088,0.533578476,0.017591928,0.040188339,-0.02969058,0.007040358,0.99344843,0.013816143,-0.53655157,0.012488788
1581252875.2194922,000000000102,e78f135624ce,-71,11.520101368,5.62813014,1.851820548,0.656768492,0.02,0.04320548,-0.023846576,-0.002179452,0.988461644,0.015820548,-0.663947944,-0.005179452
1581252875.6755052,000000000102,e78f135624ce,-76,11.500608103,5.824627138,1.814123473,0.635695949,0.017482186,0.047660322,-0.028660322,0.007339678,0.995,0.015964373,-0.638213762,0.010268424
1581252876.131558,000000000102,e78f135624ce,-77,11.511270425,6.008071349,1.774729575,0.860621118,0.024,0.041576525,-0.034864787,0.017279344,0.997,0.023,-0.861621118,0.020135213
1581252876.5905454,000000000102,e78f135624ce,-75,11.801413176,6.206832328,1.845814371,0.81311975,0.024185629,-0.064712578,0.071083836,-0.005185629,0.978700598,0.018814371,-0.832419152,-0.007185629
1581252877.0484793,000000000102,e78f135624ce,-77,11.628302482,6.435467396,1.856102019,0.76990387,0.02060854,0.018638199,-0.0113191,-0.006,0.99192764,0.01960854,-0.77744005,-0.00739146
1581252877.5045056,000000000102,e78f135624ce,-76,11.698344672,6.678939706,1.885468322,-0.013063356,0.005902628,0.057636789,0.031805256,0.010097372,0.986292117,0.002097372,0.018965984,-0.007831533
1581252877.9544847,000000000102,e78f135624ce,-69,11.618905176,6.876082319,1.863345259,0.02097499,0.007,0.031035776,0.009416812,0.003381035,0.994654741,0.005654741,-0.019284472,0.001
1581252878.4094634,000000000102,e78f135624ce,-71,11.571001553,7.061658038,1.856333161,-0.006677193,0.006333161,0.025333678,0.006333678,-0.005333161,0.998,0.006,0.007344033,0.002666839
1581252878.8634703,000000000102,e78f135624ce,-76,11.544976805,7.25926442,1.853986083,-0.029712386,0.004995361,0.015976805,0.007,-0.007995361,0.999,0.005,0.029712386,0.002004639
1581252879.3254552,000000000102,e78f135624ce,-71,11.522019065,7.470317145,1.846679377,-0.15222697,0.002358753,0.007679377,0.003,-0.008660312,1.0,0.002358753,0.15222697,0.004980935
1581252879.7844825,000000000102,e78f135624ce,-70,11.510424336,7.681406435,1.838424336,-0.729738743,-0.003287832,0.007575664,0.005863497,-0.011,1.0,-0.003287832,0.729738743,0.009287832
1581252880.688467,000000000102,e78f135624ce,-78,11.511540329,8.122040747,1.828379012,-0.971862964,-0.008459671,0.032540329,0.032540329,-0.011540329,0.999,-0.008459671,0.972322635,0.011540329
1581252881.1394722,000000000102,e78f135624ce,-79,11.516,8.347373847,1.824,-0.990571101,-0.008,0.023238533,0.023238533,-0.011809633,1.0,-0.007809633,0.991380734,0.011809633
1581252881.5984657,000000000102,e78f135624ce,-68,11.53159408,8.567807602,1.82439112,-0.252661755,0.00259408,0.00459408,0.02440592,-0.00779704,0.99979704,0.00339112,0.252661755,0.00581184
1581252882.0515957,000000000102,e78f135624ce,-69,11.544406456,8.781606752,1.83,0.489231838,0.003593544,0.002032282,0.012219369,-0.001593544,1.0,0.003593544,-0.489231838,0.003406456
1581252882.5064662,000000000102,e78f135624ce,-66,11.545060753,9.003883346,1.832060753,0.782792216,0.002,-0.002121506,0.010030377,0.003030377,1.0,0.002969623,-0.782792216,0.005
1581252882.9584713,000000000102,e78f135624ce,-68,11.546,9.229825184,1.835317698,0.930153527,0.003,-0.010658849,0.012658849,0.003682302,1.0,0.003,-0.930153527,0.004682302
1581252883.410475,000000000102,e78f135624ce,-68,11.543289647,9.454537417,1.838,0.977737883,0.003420706,-0.017158589,0.017448236,0.002289647,1.0,0.003420706,-0.977737883,0.002289647
1581252883.863474,000000000102,e78f135624ce,-68,11.538311566,9.683014949,1.837233674,0.694003147,7.7891e-05,-0.027,0.021467349,0.002155783,1.0,7.7891e-05,-0.694081039,0.004922109
1581252884.3144958,000000000102,e78f135624ce,-81,11.519972085,9.913921191,1.837513957,0.134034469,0.000486043,-0.020430213,0.006,-0.000513957,1.0,0.000486043,-0.134034469,0.003
1581252884.7694588,000000000102,e78f135624ce,-78,11.508861352,10.148012151,1.834277297,-0.01034837,-0.001,-0.003445406,0.003277297,-0.004861352,1.0,-0.001,0.01034837,0.004861352
1581252885.22957,000000000102,e78f135624ce,-75,11.512821146,10.38673219,1.842463438,0.010195628,0.000642292,0.014105729,0.004357708,0.001463438,1.0,0.000642292,-0.010016774,0.002
1581252885.6894546,000000000102,e78f135624ce,-77,11.503050266,10.603653457,1.804236104,-0.126718219,0.008050266,0.013462301,0.001,0.009050266,0.999487434,0.008050266,0.127205652,0.010075399
1581252886.6004725,000000000102,e78f135624ce,-86,11.572048606,11.011335892,1.758744948,0.022741618,0.009744948,-0.006,0.015489895,0.008489895,0.999,0.010558711,-0.021927854,0.016186237
1581252887.0574622,000000000102,e78f135624ce,-70,11.510089312,11.230142026,1.747544656,-0.359695468,0.008455344,-0.019544656,-0.008544656,-0.006455344,0.999,0.007910688,0.359695468,0.016089312
1581252887.507578,000000000102,e78f135624ce,-75,11.513039641,11.429140619,1.744960359,0.073668677,0.013039641,-0.022801794,-0.001039641,0.001118923,0.999,0.013039641,-0.073668677,0.016039641
1581252887.963426,000000000102,e78f135624ce,-72,11.520118979,11.622300537,1.75558872,0.652778513,0.01664718,0.004,-0.01305846,0.00764718,0.999,0.016,-0.653131333,0.014
1581252888.4184425,000000000102,e78f135624ce,-72,11.518584554,11.834574508,1.784022394,0.792203851,0.014325869,0.018022394,-0.018022394,0.007303474,0.999,0.014,-0.792203851,0.007977606
1581252889.3264525,000000000102,e78f135624ce,-81,11.553578469,12.253972736,1.781,0.978470814,0.017578469,0.007421531,-0.008,0.012,1.0,0.017578469,-0.978470814,0.012
1581252889.7875216,000000000102,e78f135624ce,-71,11.577122758,12.468023987,1.789101794,0.993224552,0.018,-0.005898206,0.005898206,0.008449103,1.0,0.018,-0.993224552,0.007673655
1581252890.244476,000000000102,e78f135624ce,-75,11.580179313,12.682744811,1.799082757,0.810172472,0.014393104,-0.014606896,0.007655174,0.003524139,1.0,0.014393104,-0.810172472,0.00526207
1581252890.7024682,000000000102,e78f135624ce,-81,11.576844544,12.907134533,1.817,0.507318694,0.008706727,-0.021137818,0.011844544,-0.004568909,1.0,0.008275636,-0.507318694,-0.001568909
1581252891.6114464,000000000102,e78f135624ce,-76,11.564890604,13.356600275,1.826465638,0.300993002,0.005534362,-0.015534362,0.010356241,-0.006,1.0,0.005534362,-0.301171123,-0.000178121
1581252892.0694394,000000000102,e78f135624ce,-77,11.535169075,13.577837432,1.838943642,-0.568752178,-0.012415463,-0.008528179,5.6358e-05,-0.004,1.0,-0.012415463,0.568752178,0.002
1581252892.5264363,000000000102,e78f135624ce,-74,11.519546154,13.800148076,1.846113462,-0.864198076,-0.017113462,-0.002659615,-0.000659615,-0.002113462,1.0,-0.017113462,0.864311538,0.001113462
1581252892.9774363,000000000102,e78f135624ce,-77,11.515550295,14.032035499,1.845360947,-0.562899442,-0.013449705,0.006544379,0.006816568,-0.002272189,1.0,-0.013449705,0.562899442,0.003
1581252893.4284198,000000000102,e78f135624ce,-83,11.532806089,14.277150233,1.834895433,-0.327152221,-0.000298478,0.021052283,0.014753806,-0.003052283,1.0,-0.000298478,0.327502982,0.003052283
1581252893.8834276,000000000102,e78f135624ce,-84,11.55201867,14.510294052,1.817009335,-0.789266047,0.001995333,0.018990665,0.016995333,-0.00998133,1.0,0.001995333,0.789266047,0.008985998
1581252894.3404412,000000000102,e78f135624ce,-75,11.561234181,14.731750679,1.816706328,-0.712802601,0.003,0.013881017,0.019587345,-0.004,1.0,0.003,0.712802601,0.004
1581252894.792488,000000000102,e78f135624ce,-82,11.579022189,14.950844678,1.813225038,-0.833866867,2.2189e-05,0.026763868,0.031269415,-0.002763868,0.999,0.000774962,0.833866867,0.002763868
1581252895.2424495,000000000102,e78f135624ce,-86,11.549253626,15.16475451,1.832686594,-0.946179342,-0.013,0.01247011,0.013626813,0.004,1.0,-0.013,0.946179342,-0.004
1581252895.7024226,000000000102,e78f135624ce,-88,11.535929204,15.391659265,1.846676989,-0.982676989,-0.019535398,0.010464602,0.011,0.005535398,1.0,-0.019535398,0.982676989,-0.005535398
1581252896.61042,000000000102,e78f135624ce,-77,11.528186674,15.830172909,1.861439978,-0.998,-0.023,0.004373348,0.004373348,0.005813326,1.0,-0.023,0.998,-0.005813326
1581252897.0614264,000000000102,e78f135624ce,-84,11.535,16.039492653,1.864784863,-0.999,-0.023405046,-0.002025229,-0.002025229,0.005189909,1.0,-0.023405046,0.999,-0.005189909
1581252897.511422,000000000102,e78f135624ce,-88,11.546989238,16.254418861,1.849,-0.999,-0.020989238,-0.006989238,-0.006989238,-1.0762e-05,1.0,-0.020989238,0.999989238,1.0762e-05
1581252898.8754103,000000000102,e78f135624ce,-80,11.565865263,16.859362102,1.832471579,-0.999,-0.011067368,0.024269474,0.024269474,0.001134737,0.999,-0.011067368,1.0,-0.001134737
1581252899.3304071,000000000102,e78f135624ce,-77,11.605382443,17.036840147,1.836664579,-0.999,-0.006952977,0.018382443,0.018382443,0.006094045,0.999,-0.006952977,1.0,-0.005570534
1581252899.7873983,000000000102,e78f135624ce,-84,11.562710612,17.23149357,1.853734956,-0.999,-0.006132522,-0.004939825,-0.004939825,0.009734956,0.999,-0.005132522,1.0,-0.009734956
1581252900.2414188,000000000102,e78f135624ce,-80,11.928214864,17.453252276,1.850906639,-0.979,0.0,0.098897203,0.096897203,-0.001962589,0.976,-0.003672902,0.996,0.002186889
1581252900.6924334,000000000102,e78f135624ce,-75,11.794019377,17.60271597,1.794090264,-0.99227741,-0.00527741,0.018870983,0.017870983,-0.010593573,0.99027741,-0.006851607,0.998,0.010593573
1581252902.049393,000000000102,e78f135624ce,-81,11.600435768,17.937978703,1.888328601,-0.999,-0.012221433,-0.008785665,-0.009564232,0.011,0.999,-0.012221433,0.999221433,-0.011
1581252902.5074143,000000000102,e78f135624ce,-84,11.536266442,17.972762975,1.878948098,-0.999,-0.012,-0.019051902,-0.019051902,0.002355537,0.999,-0.012,1.0,-0.002355537
1581252902.9604077,000000000102,e78f135624ce,-82,11.414156659,17.957758684,1.845480101,-0.998,-0.009039798,-0.044161721,-0.044161721,-0.006480101,0.998,-0.010039798,1.0,0.005480101
