1581252856.1301324,000000000201,e78f135624ce,-86,11.714,-0.144,1.77,1.002,0.013,0.023,-0.018,0.004,1.002,0.013,-0.997,0.004
1581252856.5881286,000000000201,e78f135624ce,-89,11.715921795,-0.144039103,1.773804487,1.002,0.014960897,0.022039103,-0.018039103,0.003039103,1.002,0.014960897,-0.998,0.003078205
1581252856.5911124,000000000201,e78f135624ce,-88,11.715971525,-0.144014238,1.773928812,1.002,0.014985762,0.022014238,-0.018014238,0.003014238,1.002,0.014985762,-0.998,0.003028475
1581252857.0471148,000000000201,e78f135624ce,-84,11.646902983,-0.136285304,1.798620552,0.999,0.016,0.031,-0.031,-0.008572044,0.999,0.016,-1.0,-0.008572044
1581252857.4971254,000000000201,e78f135624ce,-86,11.523734044,-0.107987316,1.824810147,0.999,0.016202537,0.044405074,-0.044405074,-0.011797463,0.999,0.016202537,-1.0,-0.011
1581252857.9531162,000000000201,e78f135624ce,-82,11.430880072,-0.087060885,1.834575646,0.998,0.016,0.050787823,-0.050787823,-0.010212177,0.999,0.017,-1.0,-0.009212177
1581252858.4051213,000000000201,e78f135624ce,-83,11.43934506,-0.092560023,1.870785037,0.999,0.018445003,0.033104969,-0.033104969,-0.018335009,0.999,0.018890006,-0.999554997,-0.017780011
1581252858.8581247,000000000201,e78f135624ce,-83,11.494829919,-0.113016182,1.897344121,0.999,0.021781374,0.012202444,-0.011311758,-0.021562747,0.999,0.021781374,-0.999,-0.020672061
1581252858.8611245,000000000201,e78f135624ce,-89,11.494208536,-0.112823339,1.897215559,0.999,0.02173852,0.012438141,-0.011568882,-0.021477039,0.999,0.02173852,-0.999,-0.02060778
1581252859.3131137,000000000201,e78f135624ce,-89,11.480978293,-0.111299343,1.893080263,0.999,0.021459869,0.014700657,-0.014700657,-0.018540131,0.999,0.021459869,-0.999,-0.017540131
1581252859.7731366,000000000201,e78f135624ce,-86,11.485371324,-0.115334939,1.879533976,0.999,0.021633494,0.018031567,-0.017031567,-0.012633494,0.999,0.021633494,-1.0,-0.012633494
1581252861.1331408,000000000201,e78f135624ce,-84,11.494183986,-0.046680012,1.834664017,0.999,0.020575998,0.028712001,-0.028712001,-0.007408007,0.998,0.021287999,-0.999,-0.006408007
1581252861.5901675,000000000201,e78f135624ce,-85,11.66379256,0.016993102,1.733068243,0.992894555,0.028,0.000101996,-0.000996551,0.016258438,0.989210889,0.026,-0.995316334,0.016152993
1581252862.4971654,000000000201,e78f135624ce,-78,11.531988431,0.294347042,1.742478149,0.998,0.023239074,0.038521851,-0.039521851,0.011880463,0.997,0.023119537,-0.999,0.011880463
1581252862.957174,000000000201,e78f135624ce,-86,11.412809871,0.457543955,1.791373833,0.996197284,0.024197284,0.062829877,-0.062829877,-0.00143531,0.995197284,0.025,-0.998197284,0.000367406
1581252863.4131572,000000000201,e78f135624ce,-85,11.428381194,0.576775773,1.868311648,0.996071749,0.024,0.043459636,-0.04299551,-0.013569504,0.995607624,0.024464125,-0.998535875,-0.012105379
1581252863.8651993,000000000201,e78f135624ce,-81,11.295567665,0.758427471,1.933948945,0.995809562,0.026095219,0.055476905,-0.055381686,-0.018047001,0.994523906,0.027523906,-0.997714344,-0.01714222
1581252864.768135,000000000201,e78f135624ce,-80,11.515508746,1.09624846,1.993997167,0.996117147,0.028,0.039122814,-0.038828529,-0.014411431,0.995411431,0.028,-0.998,-0.013117147
1581252865.2201412,000000000201,e78f135624ce,-81,11.394853202,1.32324532,1.863877833,0.995097537,0.027097537,0.062902463,-0.062902463,0.009195074,0.994902463,0.026,-0.998,0.011097537
1581252865.6771631,000000000201,e78f135624ce,-86,11.433434219,1.529024326,1.828284411,0.997,0.019856274,0.054428137,-0.055428137,0.007428137,0.997,0.018856274,-0.999,0.008856274
1581252866.1311538,000000000201,e78f135624ce,-80,11.473525619,1.757076734,1.819782054,0.485128463,0.016,0.060346163,-0.012692327,0.005,0.997217946,0.016,-0.485128463,0.007782054
1581252866.584156,000000000201,e78f135624ce,-77,11.490688919,1.975978654,1.815311081,0.139353774,0.012311081,0.049933243,0.006533379,-0.005533379,0.998,0.013311081,-0.138509314,0.009688919
1581252867.0361648,000000000201,e78f135624ce,-77,11.493,2.186893784,1.816555468,0.15043509,0.013,0.042,0.003778127,-0.007,0.999,0.013,-0.15043509,0.006444532
1581252867.9471664,000000000201,e78f135624ce,-87,11.502717275,2.594433785,1.821673896,0.219419742,0.013630518,0.016717275,0.012391171,0.002,0.999326104,0.013630518,-0.219093639,0.003652207
1581252868.4061766,000000000201,e78f135624ce,-79,11.508856665,2.799580038,1.826762224,0.423932344,0.011381112,0.020762224,0.001951105,0.001618888,1.0,0.011381112,-0.423932344,0.003
1581252870.2261834,000000000201,e78f135624ce,-80,11.507,3.601582659,1.835,0.974930443,0.01211884,0.027356519,-0.026237679,-0.001,1.0,0.01211884,-0.974930443,-0.0
1581252870.6781409,000000000201,e78f135624ce,-84,11.503,3.801513981,1.829613999,0.598212046,0.008924001,0.020924001,-0.011310002,-0.003924001,1.0,0.008924001,-0.598212046,0.002924001
1581252871.1391656,000000000201,e78f135624ce,-79,11.494,3.990980264,1.828259605,0.169336448,0.003740395,0.009480789,-0.002480789,-0.004740395,1.0,0.003740395,-0.169336448,0.004
1581252871.5942454,000000000201,e78f135624ce,-76,11.484928772,4.170569821,1.833916432,-0.023402685,0.001,0.009,-0.000845205,0.000380818,1.0,0.001,0.023402685,0.002619182
1581252872.957299,000000000201,e78f135624ce,-85,11.38447062,4.707523677,1.789825441,0.081455232,0.007633771,0.046453508,-0.021721051,0.007,0.998,0.006907017,-0.081455232,0.016907017
1581252873.4111874,000000000201,e78f135624ce,-77,11.591375747,4.874067102,1.8437677,0.263832953,0.0117441,0.008813051,0.021978249,-0.00113975,0.9877441,0.00811615,-0.266205003,0.0037441
1581252873.8671782,000000000201,e78f135624ce,-80,11.458033518,5.066508308,1.803994461,0.307681436,0.013134072,0.044100554,-0.024067036,0.003234626,0.994033518,0.012100554,-0.3106144,0.015268144
1581252874.3181458,000000000201,e78f135624ce,-73,11.42027707,5.234874524,1.780679617,0.460644901,0.014372293,0.044095222,-0.034978344,0.007255414,0.996627707,0.014372293,-0.461644901,0.016649363
1581252874.321158,000000000201,e78f135624ce,-82,11.420528086,5.236029194,1.780026977,0.458511271,0.014347191,0.043819106,-0.034777531,0.007305617,0.996652809,0.014347191,-0.459511271,0.016875277
1581252875.2221794,000000000201,e78f135624ce,-81,11.519398558,5.629267038,1.851841219,0.656334404,0.02,0.043412189,-0.024094626,-0.002158781,0.988523657,0.015841219,-0.663493185,-0.005158781
1581252876.1331758,000000000201,e78f135624ce,-79,11.51112108,6.008768294,1.77487892,0.86110649,0.024,0.041626307,-0.03493946,0.017217117,0.997,0.023,-0.86210649,0.02006054
1581252876.5921702,000000000201,e78f135624ce,-74,11.801237153,6.207428097,1.845827911,0.813986323,0.024172089,-0.064441774,0.070785952,-0.005172089,0.978795379,0.018827911,-0.833190944,-0.007172089
1581252877.0512009,000000000201,e78f135624ce,-74,11.627486017,6.437054967,1.856351495,0.765889582,0.020540501,0.018864995,-0.011432498,-0.006,0.991972999,0.019540501,-0.773403083,-0.007459499
1581252877.5061965,000000000201,e78f135624ce,-89,11.698105133,6.67979923,1.885101968,-0.013796065,0.005888537,0.057439521,0.031777074,0.010111463,0.986334388,0.002111463,0.019684602,-0.007662447
1581252878.4122558,000000000201,e78f135624ce,-81,11.570822045,7.062655308,1.856353106,-0.005460524,0.006353106,0.025293788,0.006293788,-0.005353106,0.998,0.006,0.006107418,0.002646894
1581252878.8653522,000000000201,e78f135624ce,-79,11.544909597,7.260030596,1.853945758,-0.028879001,0.004981919,0.015909597,0.007,-0.007981919,0.999,0.005,0.028879001,0.002018081
1581252879.3262908,000000000201,e78f135624ce,-78,11.521996274,7.470734974,1.846664183,-0.154346503,0.002328366,0.007664183,0.003,-0.008667909,1.0,0.002328366,0.154346503,0.005003726
1581252879.7861984,000000000201,e78f135624ce,-76,11.510393137,7.682295583,1.838393137,-0.730971071,-0.003303431,0.007606863,0.005910294,-0.011,1.0,-0.003303431,0.730971071,0.009303431
1581252880.2381814,000000000201,e78f135624ce,-75,11.507895431,7.899725884,1.833,-0.913758373,-0.006790863,0.022477157,0.021581726,-0.011,1.0,-0.006790863,0.913758373,0.010104569
1581252880.6902053,000000000201,e78f135624ce,-77,11.511552746,8.122822986,1.828341763,-0.971974712,-0.008447254,0.032552746,0.032552746,-0.011552746,0.999,-0.008447254,0.972421967,0.011552746
1581252881.1411703,000000000201,e78f135624ce,-78,11.516,8.348162211,1.824,-0.990607487,-0.008,0.023190018,0.023190018,-0.011797504,1.0,-0.007797504,0.991404991,0.011797504
1581252881.6001854,000000000201,e78f135624ce,-77,11.531622742,8.568739114,1.824434113,-0.250426126,0.002622742,0.004622742,0.024377258,-0.007811371,0.999811371,0.003434113,0.250426126,0.005754516
1581252882.0531929,000000000201,e78f135624ce,-85,11.544419766,8.782445265,1.83,0.488060582,0.003580234,0.002098831,0.012259298,-0.001580234,1.0,0.003580234,-0.488060582,0.003419766
1581252882.5071783,000000000201,e78f135624ce,-79,11.545072622,9.004251293,1.832072622,0.78314236,0.002,-0.002145245,0.010036311,0.003036311,1.0,0.002963689,-0.78314236,0.005
1581252882.961199,000000000201,e78f135624ce,-73,11.546,9.231189057,1.835359663,0.930636128,0.003,-0.010679832,0.012679832,0.003640337,1.0,0.003,-0.930636128,0.004640337
1581252883.413197,000000000201,e78f135624ce,-76,11.543310586,9.45587749,1.838,0.977863515,0.003378828,-0.017242343,0.017552929,0.002310586,1.0,0.003378828,-0.977863515,0.002310586
1581252883.8651795,000000000201,e78f135624ce,-74,11.538254711,9.683924628,1.837191033,0.689440538,6.3678e-05,-0.027,0.021382066,0.002127355,1.0,6.3678e-05,-0.689504216,0.004936322
1581252884.3161967,000000000201,e78f135624ce,-86,11.519943737,9.914856675,1.837528131,0.1325462,0.000471869,-0.020359343,0.006,-0.000528131,1.0,0.000471869,-0.1325462,0.003
1581252885.231174,000000000201,e78f135624ce,-80,11.512833485,10.387509551,1.842500455,0.011010006,0.00066697,0.014167425,0.00433303,0.001500455,1.0,0.00066697,-0.010843491,0.002
1581252885.6911678,000000000201,e78f135624ce,-81,11.503102982,10.604338767,1.803959344,-0.125373957,0.008102982,0.013422763,0.001,0.009102982,0.999474254,0.008102982,0.125848212,0.010154473
1581252886.146159,000000000201,e78f135624ce,-80,11.559333806,10.806335224,1.782614294,0.013800906,0.008718094,0.003743335,0.015718094,0.008974759,0.998820476,0.008718094,-0.013800906,0.012795235
1581252886.6022232,000000000201,e78f135624ce,-78,11.571888124,11.012327961,1.758686591,0.017591614,0.009686591,-0.006,0.015373181,0.008373181,0.999,0.010514943,-0.016763262,0.016171648
1581252887.0591762,000000000201,e78f135624ce,-80,11.510060745,11.231056156,1.747530373,-0.36075243,0.008469627,-0.019530373,-0.008530373,-0.006469627,0.999,0.007939255,0.36075243,0.016060745
1581252887.9651725,000000000201,e78f135624ce,-74,11.520256198,11.622961679,1.755638617,0.654200593,0.016659654,0.004,-0.013021037,0.007659654,0.999,0.016,-0.654540939,0.014
1581252888.4211762,000000000201,e78f135624ce,-81,11.518799345,11.835687517,1.783963815,0.793414492,0.014345395,0.017963815,-0.017963815,0.00738158,0.999,0.014,-0.793414492,0.008036185
1581252888.8781667,000000000201,e78f135624ce,-77,11.541305475,12.042367433,1.762229106,0.935687319,0.014961816,0.009923631,-0.009923631,0.021885447,0.999,0.014961816,-0.935649135,0.021885447
1581252889.7899632,000000000201,e78f135624ce,-71,11.577233741,12.469311401,1.789013007,0.993246748,0.018,-0.005986993,0.005986993,0.008493497,1.0,0.018,-0.993246748,0.007740245
1581252890.246183,000000000201,e78f135624ce,-75,11.580069588,12.683512887,1.799168099,0.807551257,0.014356529,-0.014643471,0.007594215,0.003475372,1.0,0.014356529,-0.807551257,0.005237686
1581252890.7042205,000000000201,e78f135624ce,-71,11.576907129,12.907885551,1.817,0.509283858,0.008744278,-0.021162852,0.011907129,-0.004581426,1.0,0.008325703,-0.509283858,-0.001581426
1581252891.1582015,000000000201,e78f135624ce,-77,11.566527184,13.136404949,1.824758155,0.235850765,0.003010874,-0.01751631,0.008274466,-0.006505437,1.0,0.003010874,-0.236103484,-0.000263592
1581252891.6111898,000000000201,e78f135624ce,-75,11.564901293,13.356463454,1.826459224,0.301364983,0.005540776,-0.015540776,0.010360517,-0.006,1.0,0.005540776,-0.301545242,-0.000180259
1581252892.0712008,000000000201,e78f135624ce,-72,11.535081003,13.578703473,1.838972999,-0.570704438,-0.012459499,-0.0085135,2.7001e-05,-0.004,1.0,-0.012459499,0.570704438,0.002
1581252892.5261931,000000000201,e78f135624ce,-80,11.51955426,13.800020403,1.846111435,-0.864123094,-0.017111435,-0.002665695,-0.000665695,-0.002111435,1.0,-0.017111435,0.864234529,0.001111435
1581252892.979202,000000000201,e78f135624ce,-74,11.515672538,14.032931944,1.845293035,-0.555768624,-0.013327462,0.006517214,0.006775821,-0.002258607,1.0,-0.013327462,0.555768624,0.003
1581252893.4302018,000000000201,e78f135624ce,-71,11.532915747,14.27805491,1.83481319,-0.329893665,-0.000271063,0.021093405,0.014822342,-0.003093405,1.0,-0.000271063,0.330258134,0.003093405
1581252893.8851933,000000000201,e78f135624ce,-77,11.552073,14.511149751,1.8170365,-0.790040251,0.00198175,0.0189635,0.01698175,-0.009927,1.0,0.00198175,0.790040251,0.00894525
1581252894.3422024,000000000201,e78f135624ce,-75,11.561307564,14.732675309,1.816676974,-0.714182208,0.003,0.013969077,0.019646051,-0.004,1.0,0.003,0.714182208,0.004
1581252895.2451723,000000000201,e78f135624ce,-73,11.549086073,15.165990214,1.832728482,-0.946556336,-0.013,0.012407277,0.013543036,0.004,1.0,-0.013,0.946556336,-0.004
1581252895.705192,000000000201,e78f135624ce,-76,11.535886597,15.392958785,1.846783507,-0.982783507,-0.019556701,0.010443299,0.011,0.005556701,1.0,-0.019556701,0.982783507,-0.005556701
1581252896.156191,000000000201,e78f135624ce,-77,11.531280916,15.612966038,1.854539313,-0.994359542,-0.020179771,0.009640458,0.009640458,0.005179771,1.0,-0.020179771,0.994359542,-0.005179771
1581252896.6124651,000000000201,e78f135624ce,-77,11.528169631,15.831161402,1.861491107,-0.998,-0.023,0.004339262,0.004339262,0.005830369,1.0,-0.023,0.998,-0.005830369
1581252897.0632377,000000000201,e78f135624ce,-78,11.535,16.040368099,1.864739581,-0.999,-0.02342014,-0.002100698,-0.002100698,0.005159721,1.0,-0.02342014,0.999,-0.005159721
1581252897.513212,000000000201,e78f135624ce,-74,11.547006517,16.255179211,1.849016292,-0.999003258,-0.021003258,-0.006986966,-0.006986966,9.775e-06,1.0,-0.021003258,1.0,-9.775e-06
1581252897.968207,000000000201,e78f135624ce,-77,11.540340601,16.458374189,1.859049499,-0.9993901,-0.021,0.010659399,0.010659399,0.0052198,1.0,-0.021,1.0,-0.0052198
1581252898.4212122,000000000201,e78f135624ce,-84,11.546822671,16.66398541,1.840354658,-0.999,-0.017451553,0.028274224,0.028274224,0.0,0.999,-0.017451553,1.0,0.000274224
1581252898.8762074,000000000201,e78f135624ce,-82,11.565879755,16.859753373,1.832420859,-0.999,-0.011060123,0.024240491,0.024240491,0.001120245,0.999,-0.011060123,1.0,-0.001120245
1581252899.3331888,000000000201,e78f135624ce,-76,11.605256005,17.038281538,1.836841592,-0.999,-0.006902402,0.018256005,0.018256005,0.006195196,0.999,-0.006902402,1.0,-0.005646397
1581252899.7902222,000000000201,e78f135624ce,-74,11.563429405,17.232751459,1.853683614,-0.999,-0.006158193,-0.004734456,-0.004734456,0.009683614,0.999,-0.005158193,1.0,-0.009683614
1581252900.24323,000000000201,e78f135624ce,-81,11.928952308,17.453756842,1.850104507,-0.979,0.0,0.098845452,0.096845452,-0.002195466,0.976,-0.003634089,0.996,0.002406829
1581252900.6942427,000000000201,e78f135624ce,-78,11.793928909,17.603375093,1.794335819,-0.992316182,-0.005316182,0.018806363,0.017806363,-0.010490181,0.990316182,-0.006877455,0.998,0.010490181
1581252902.509229,000000000201,e78f135624ce,-92,11.535763936,17.972790892,1.87883643,-0.999,-0.012,-0.01916357,-0.01916357,0.002313661,0.999,-0.012,1.0,-0.002313661
