1581252856.13038,000000000101,e78f135624ce,-72,11.714,-0.144,1.77,1.002,0.013,0.023,-0.018,0.004,1.002,0.013,-0.997,0.004
1581252857.0425541,000000000101,e78f135624ce,-70,11.647891138,-0.13651334,1.797784422,0.999,0.016,0.031,-0.031,-0.008229991,0.999,0.016,-1.0,-0.008229991
1581252857.4935637,000000000101,e78f135624ce,-69,11.524505754,-0.108135722,1.824691422,0.999,0.016172856,0.044345711,-0.044345711,-0.011827144,0.999,0.016172856,-1.0,-0.011
1581252857.9515376,000000000101,e78f135624ce,-77,11.431139408,-0.087117263,1.834553095,0.998,0.016,0.050776547,-0.050776547,-0.010223453,0.999,0.017,-1.0,-0.009223453
1581252858.403931,000000000101,e78f135624ce,-80,11.439166496,-0.092491999,1.870674498,0.999,0.0184365,0.033198502,-0.033198502,-0.018309499,0.999,0.018873,-0.9995635,-0.017745999
1581252858.858544,000000000101,e78f135624ce,-65,11.494743048,-0.112989222,1.897326148,0.999,0.021775383,0.012235396,-0.011347704,-0.021550765,0.999,0.021775383,-0.999,-0.020663074
1581252859.311532,000000000101,e78f135624ce,-66,11.480604444,-0.111155555,1.893137778,0.999,0.021431111,0.014844445,-0.014844445,-0.018568889,0.999,0.021431111,-0.999,-0.017568889
1581252859.7696013,000000000101,e78f135624ce,-69,11.486303351,-0.115656328,1.879662531,0.999,0.021665633,0.017678039,-0.016678039,-0.012665633,0.999,0.021665633,-1.0,-0.012665633
1581252860.2265239,000000000101,e78f135624ce,-68,11.451574277,-0.09467469,1.868820083,0.999,0.02,0.029415269,-0.028460248,-0.011865062,0.999,0.020955021,-1.0,-0.010910041
1581252860.6805341,000000000101,e78f135624ce,-62,11.503144795,-0.088867387,1.83010825,0.999,0.021,0.021,-0.021,-0.002120432,0.999,0.021626523,-0.999373477,-0.001746955
1581252861.1315527,000000000101,e78f135624ce,-68,11.493979801,-0.046850166,1.834913577,0.999,0.020553311,0.028723344,-0.028723344,-0.0075101,0.998,0.021276656,-0.999,-0.0065101
1581252861.5895443,000000000101,e78f135624ce,-70,11.66388085,0.016795747,1.733514889,0.992889362,0.028,8.512e-06,-0.000897873,0.016123406,0.989221276,0.026,-0.995331915,0.016012767
1581252862.9535272,000000000101,e78f135624ce,-67,11.414773558,0.456057164,1.789578462,0.996225337,0.024225337,0.062521298,-0.062521298,-0.001070625,0.995225337,0.025,-0.998225337,0.000704038
1581252863.4115257,000000000101,e78f135624ce,-66,11.430263691,0.575997675,1.867546099,0.996096849,0.024,0.043095686,-0.042644111,-0.013418905,0.995645274,0.024451575,-0.998548425,-0.011967329
1581252863.8645306,000000000101,e78f135624ce,-69,11.29456452,0.758134244,1.933033254,0.995819851,0.026090074,0.055667245,-0.055577171,-0.017882383,0.994549628,0.027549628,-0.997729777,-0.016972457
1581252864.3165548,000000000101,e78f135624ce,-72,11.487670966,0.939866938,2.024204232,0.995697782,0.026,0.036373388,-0.035373388,-0.022719959,0.993697782,0.024697782,-0.996697782,-0.021719959
1581252864.7675197,000000000101,e78f135624ce,-70,11.516144617,1.095843349,1.994084343,0.996132531,0.028,0.038963846,-0.038674689,-0.014421687,0.995421687,0.028,-0.998,-0.013132531
1581252865.219508,000000000101,e78f135624ce,-71,11.394945752,1.322957926,1.863921672,0.995102408,0.027102408,0.062897592,-0.062897592,0.009204816,0.994897592,0.026,-0.998,0.011102408
1581252866.1265419,000000000101,e78f135624ce,-69,11.473277282,1.754948135,1.819817531,0.488037549,0.016,0.060452593,-0.012905187,0.005,0.997182469,0.016,-0.488037549,0.007817531
1581252866.5805392,000000000101,e78f135624ce,-72,11.490628639,1.974230527,1.815371361,0.142910307,0.012371361,0.050114083,0.006442958,-0.005442958,0.998,0.013371361,-0.142095987,0.009628639
1581252867.0316305,000000000101,e78f135624ce,-72,11.493,2.184777802,1.816593254,0.154478129,0.013,0.042,0.003626986,-0.007,0.999,0.013,-0.154478129,0.006406746
1581252867.4875128,000000000101,e78f135624ce,-65,11.496960901,2.388189527,1.822078197,0.38060768,0.015039099,0.030726309,0.001921803,-0.003,0.999,0.015039099,-0.379646779,0.002960901
1581252867.9475157,000000000101,e78f135624ce,-65,11.502734739,2.594583478,1.821676391,0.218414306,0.013618044,0.016734739,0.01241113,0.002,0.999323609,0.013618044,-0.218090698,0.003647217
1581252868.8585293,000000000101,e78f135624ce,-69,11.506040775,2.998201831,1.832040775,0.819038733,0.012040775,0.027040775,-0.020122324,0.001,1.0,0.012040775,-0.819997958,0.001959225
1581252869.315501,000000000101,e78f135624ce,-63,11.509,3.200000761,1.834,0.805070505,0.011,0.035982184,-0.026339272,0.000339272,0.999,0.011,-0.805731233,0.002
1581252869.767535,000000000101,e78f135624ce,-71,11.510550654,3.400357008,1.835,0.920167476,0.012,0.037775327,-0.033775327,-0.001,0.999,0.012,-0.920167476,0.0
1581252870.2265086,000000000101,e78f135624ce,-73,11.507,3.601708094,1.835,0.974951349,0.012116517,0.02734955,-0.026233034,-0.001,1.0,0.012116517,-0.974951349,-0.0
1581252870.6775126,000000000101,e78f135624ce,-74,11.503,3.80127615,1.829600537,0.598777455,0.008932975,0.020932975,-0.011332439,-0.003932975,1.0,0.008932975,-0.598777455,0.002932975
1581252871.5895054,000000000101,e78f135624ce,-81,11.485165773,4.168673819,1.833639932,-0.020953683,0.001,0.009,-0.000805705,0.000222818,1.0,0.001,0.020953683,0.002777182
1581252872.0435088,000000000101,e78f135624ce,-66,11.477844797,4.343542331,1.841422399,0.004388885,0.002,0.020111993,-0.001732804,0.004422399,1.0,0.002,-0.004388885,0.0
1581252872.5025077,000000000101,e78f135624ce,-78,11.469753028,4.532632519,1.830726504,-0.34213262,0.000484336,0.029291562,0.005820489,-0.002080723,0.998919277,0.000484336,0.342051898,0.005757832
1581252872.957984,000000000101,e78f135624ce,-71,11.384307279,4.707744977,1.789751674,0.082372046,0.007660116,0.046464047,-0.021784279,0.007,0.998,0.006928093,-0.082372046,0.016928093
1581252873.4104922,000000000101,e78f135624ce,-71,11.591830319,4.873735532,1.843799787,0.26330351,0.011733404,0.008700745,0.022165426,-0.001166489,0.987733404,0.008100106,-0.265670212,0.003733404
1581252875.2175088,000000000101,e78f135624ce,-72,11.520620104,5.627291008,1.851805291,0.657088888,0.02,0.043052911,-0.023663493,-0.002194709,0.988415873,0.015805291,-0.664283597,-0.005194709
1581252875.6764717,000000000101,e78f135624ce,-64,11.500771672,5.824991452,1.813863249,0.635614164,0.017489621,0.047593407,-0.028593407,0.007406593,0.995,0.015979243,-0.638124542,0.010365079
1581252876.1324985,000000000101,e78f135624ce,-79,11.511183604,6.008476514,1.774816396,0.860903287,0.024,0.041605465,-0.034908198,0.017243168,0.997,0.023,-0.861903287,0.020091802
1581252876.5920496,000000000101,e78f135624ce,-69,11.801250223,6.207383862,1.845826906,0.813921981,0.024173094,-0.064461881,0.070808069,-0.005173094,0.978788342,0.018826906,-0.83313364,-0.007173094
1581252877.0465024,000000000101,e78f135624ce,-74,11.628895573,6.434314164,1.855920797,0.772819898,0.020657964,0.018473452,-0.011236726,-0.006,0.99189469,0.019657964,-0.780372553,-0.007342036
1581252877.501515,000000000101,e78f135624ce,-75,11.698768358,6.67741942,1.886116313,-0.011767375,0.00592755,0.057985707,0.031855101,0.01007245,0.986217349,0.00207245,0.017694925,-0.008130606
1581252877.954636,000000000101,e78f135624ce,-76,11.618883548,6.876135308,1.863344177,0.021037711,0.007,0.031032532,0.009409242,0.00337671,0.994655823,0.005655823,-0.019349356,0.001
1581252878.4115126,000000000101,e78f135624ce,-77,11.570869818,7.062389898,1.856347798,-0.005784325,0.006347798,0.025304404,0.006304404,-0.005347798,0.998,0.006,0.006436527,0.002652202
1581252878.8644598,000000000101,e78f135624ce,-70,11.544941468,7.259667262,1.853964881,-0.029274207,0.004988294,0.015941468,0.007,-0.007988294,0.999,0.005,0.029274207,0.002011706
1581252879.781484,000000000101,e78f135624ce,-69,11.510478856,7.679852618,1.838478856,-0.727585208,-0.003260572,0.007521144,0.005781717,-0.011,1.0,-0.003260572,0.727585208,0.009260572
1581252880.2344716,000000000101,e78f135624ce,-68,11.507868933,7.898135973,1.833,-0.91293692,-0.006737866,0.022344664,0.021475732,-0.011,1.0,-0.006737866,0.91293692,0.010131067
1581252880.689453,000000000101,e78f135624ce,-77,11.511547371,8.122484384,1.828357886,-0.971926341,-0.008452629,0.032547371,0.032547371,-0.011547371,0.999,-0.008452629,0.972378969,0.011547371
1581252881.1404572,000000000101,e78f135624ce,-78,11.516,8.347831125,1.824,-0.990592206,-0.008,0.023210392,0.023210392,-0.011802598,1.0,-0.007802598,0.991394804,0.011802598
1581252881.5994556,000000000101,e78f135624ce,-71,11.531610579,8.568343806,1.824415868,-0.251374866,0.002610579,0.004610579,0.024389421,-0.007805289,0.999805289,0.003415868,0.251374866,0.005778843
1581252882.0525322,000000000101,e78f135624ce,-69,11.544414261,8.782098419,1.83,0.488545065,0.003585739,0.002071303,0.012242782,-0.001585739,1.0,0.003585739,-0.488545065,0.003414261
1581252882.9564774,000000000101,e78f135624ce,-74,11.546,9.228828238,1.835287023,0.929800761,0.003,-0.010643511,0.012643511,0.003712977,1.0,0.003,-0.929800761,0.004712977
1581252883.4085038,000000000101,e78f135624ce,-75,11.543274484,9.453566959,1.838,0.977646902,0.003451033,-0.017097935,0.017372419,0.002274484,1.0,0.003451033,-0.977646902,0.002274484
1581252883.860463,000000000101,e78f135624ce,-73,11.538411932,9.681409087,1.837308949,0.702057548,0.000102983,-0.027,0.021617898,0.002205966,1.0,0.000102983,-0.702160531,0.004897017
1581252884.3124795,000000000101,e78f135624ce,-77,11.52000569,9.912812221,1.837497155,0.135798739,0.000502845,-0.020514226,0.006,-0.000497155,1.0,0.000502845,-0.135798739,0.003
1581252884.771464,000000000101,e78f135624ce,-81,11.50884464,10.149098378,1.834310719,-0.011234062,-0.001,-0.003378561,0.003310719,-0.00484464,1.0,-0.001,0.011234062,0.00484464
1581252885.2304492,000000000101,e78f135624ce,-68,11.51282791,10.387158306,1.842483729,0.010642035,0.000655819,0.014139548,0.004344181,0.001483729,1.0,0.000655819,-0.010469945,0.002
1581252885.686444,000000000101,e78f135624ce,-72,11.502957635,10.602449254,1.804722417,-0.12908031,0.007957635,0.013531774,0.001,0.008957635,0.999510591,0.007957635,0.129590902,0.009936452
1581252886.142477,000000000101,e78f135624ce,-72,11.558965616,10.804862466,1.783463962,0.009099409,0.008604805,0.003941591,0.015604805,0.008663214,0.998848799,0.008604805,-0.009099409,0.012512013
1581252886.6014407,000000000101,e78f135624ce,-72,11.571959852,11.01188455,1.758712674,0.019893441,0.009712674,-0.006,0.015425347,0.008425347,0.999,0.010534505,-0.019071609,0.016178168
1581252887.0584333,000000000101,e78f135624ce,-77,11.510073127,11.230659935,1.747536564,-0.3602943,0.008463436,-0.019536564,-0.008536564,-0.006463436,0.999,0.007926873,0.3602943,0.016073127
1581252887.5085123,000000000101,e78f135624ce,-74,11.513047427,11.429561083,1.744952573,0.074782127,0.013047427,-0.022762863,-0.001047427,0.001142282,0.999,0.013047427,-0.074782127,0.016047427
1581252888.4164786,000000000101,e78f135624ce,-76,11.518430252,11.83377494,1.784064477,0.791334145,0.014311841,0.018064477,-0.018064477,0.007247364,0.999,0.014,-0.791334145,0.007935523
1581252888.8734581,000000000101,e78f135624ce,-75,11.541036417,12.040282229,1.762027313,0.935081938,0.014995448,0.009990896,-0.009990896,0.021986344,0.999,0.014995448,-0.935077386,0.021986344
1581252889.3285153,000000000101,e78f135624ce,-73,11.553597222,12.255041641,1.781,0.978583331,0.017597222,0.007402778,-0.008,0.012,1.0,0.017597222,-0.978583331,0.012
1581252889.7884395,000000000101,e78f135624ce,-74,11.577164481,12.468507977,1.789068415,0.993232896,0.018,-0.005931585,0.005931585,0.008465792,1.0,0.018,-0.993232896,0.007698688
1581252890.6995056,000000000101,e78f135624ce,-72,11.576738738,12.905864853,1.817,0.503996364,0.008643243,-0.021095495,0.011738738,-0.004547748,1.0,0.00819099,-0.503996364,-0.001547748
1581252891.1534417,000000000101,e78f135624ce,-84,11.566187199,13.134467036,1.82465616,0.228337105,0.00287488,-0.01731232,0.007968479,-0.00643744,1.0,0.00287488,-0.228555825,-9.36e-05
1581252891.6114383,000000000101,e78f135624ce,-74,11.564890941,13.356595952,1.826465435,0.301004756,0.005534565,-0.015534565,0.010356377,-0.006,1.0,0.005534565,-0.301182945,-0.000178188
1581252892.0705016,000000000101,e78f135624ce,-77,11.535115967,13.578359659,1.838961344,-0.5699294,-0.012442017,-0.008519328,3.8656e-05,-0.004,1.0,-0.012442017,0.5699294,0.002
1581252893.8805072,000000000101,e78f135624ce,-68,11.55194216,14.508823912,1.817154241,-0.78749615,0.00198072,0.01905784,0.01703856,-0.009903599,1.0,0.00198072,0.78749615,0.008922879
1581252894.3414187,000000000101,e78f135624ce,-72,11.561274911,14.732263876,1.816690036,-0.713568323,0.003,0.013929893,0.019619929,-0.004,1.0,0.003,0.713568323,0.004
1581252894.7934253,000000000101,e78f135624ce,-72,11.578959707,14.951282049,1.813295329,-0.834241757,-4.0293e-05,0.026724817,0.031214744,-0.002724817,0.999,0.000704671,0.834241757,0.002724817
1581252895.2435384,000000000101,e78f135624ce,-71,11.549186619,15.165248683,1.832703345,-0.946330107,-0.013,0.012444982,0.01359331,0.004,1.0,-0.013,0.946330107,-0.004
1581252895.704527,000000000101,e78f135624ce,-75,11.535896831,15.392646658,1.846757923,-0.982757923,-0.019551585,0.010448415,0.011,0.005551585,1.0,-0.019551585,0.982757923,-0.005551585
1581252896.1545696,000000000101,e78f135624ce,-72,11.531330807,15.612205188,1.854501895,-0.994334596,-0.020167298,0.009665404,0.009665404,0.005167298,1.0,-0.020167298,0.994334596,-0.005167298
1581252896.607909,000000000101,e78f135624ce,-71,11.528207599,15.828959246,1.861377202,-0.998,-0.023,0.004415198,0.004415198,0.005792401,1.0,-0.023,0.998,-0.005792401
1581252897.0584183,000000000101,e78f135624ce,-75,11.535,16.038038723,1.864860066,-0.999,-0.023379978,-0.00189989,-0.00189989,0.005240044,1.0,-0.023379978,0.999,-0.005240044
1581252897.5094452,000000000101,e78f135624ce,-68,11.546974033,16.253597759,1.849,-0.999,-0.020974033,-0.006974033,-0.006974033,-2.5967e-05,1.0,-0.020974033,0.999974033,2.5967e-05
1581252897.9634185,000000000101,e78f135624ce,-74,11.540545818,16.456390425,1.858878485,-0.999424303,-0.021,0.010454182,0.010454182,0.005151394,1.0,-0.021,1.0,-0.005151394
1581252898.4204314,000000000101,e78f135624ce,-76,11.546805939,16.663700969,1.840388121,-0.999,-0.017462707,0.028268646,0.028268646,0.0,0.999,-0.017462707,1.0,0.000268646
1581252898.8774586,000000000101,e78f135624ce,-72,11.565902504,16.860367609,1.832341236,-0.999,-0.011048748,0.024194992,0.024194992,0.001097496,0.999,-0.011048748,1.0,-0.001097496
1581252899.331394,000000000101,e78f135624ce,-74,11.605337588,17.037351497,1.836727377,-0.999,-0.006935035,0.018337588,0.018337588,0.00612993,0.999,-0.006935035,1.0,-0.005597447
1581252900.238415,000000000101,e78f135624ce,-70,11.926991875,17.452415493,1.852236908,-0.979,0.0,0.098983026,0.096983026,-0.001576382,0.976,-0.00373727,0.996,0.001822138
1581252900.6894007,000000000101,e78f135624ce,-73,11.794171011,17.601611208,1.793678685,-0.992212424,-0.005212424,0.018979293,0.017979293,-0.010766869,0.990212424,-0.006808283,0.998,0.010766869
1581252901.1444135,000000000101,e78f135624ce,-74,11.715343912,17.765980959,1.830407675,-0.997082804,-0.008,-0.001165609,-0.002082804,0.001414022,0.996082804,-0.009,0.999,-0.001414022
1581252901.5945234,000000000101,e78f135624ce,-74,11.668709065,17.87856034,1.846572734,-0.998597521,-0.010195042,0.001829745,0.001829745,0.000390085,0.998,-0.009597521,0.999,-0.000792564
1581252902.0525508,000000000101,e78f135624ce,-72,11.600725238,17.938689221,1.888486494,-0.999,-0.012247749,-0.008522511,-0.009274762,0.011,0.999,-0.012247749,0.999247749,-0.011
1581252902.5086844,000000000101,e78f135624ce,-75,11.535914734,17.972782515,1.878869941,-0.999,-0.012,-0.019130059,-0.019130059,0.002326228,0.999,-0.012,1.0,-0.002326228
1581252902.9614077,000000000101,e78f135624ce,-74,11.414410487,17.957858677,1.845472409,-0.998,-0.009055181,-0.044030961,-0.044030961,-0.006472409,0.998,-0.010055181,1.0,0.005472409
