1581252856.1269362,b827eb4521b4,e78f135624ce,-84,11.714,-0.144,1.77,1.002,0.013,0.023,-0.018,0.004,1.002,0.013,-0.997,0.004
1581252857.0399644,b827eb4521b4,e78f135624ce,-71,11.648452241,-0.136642825,1.797309642,0.999,0.016,0.031,-0.031,-0.008035763,0.999,0.016,-1.0,-0.008035763
1581252857.491201,b827eb4521b4,e78f135624ce,-72,11.525017679,-0.108234169,1.824612665,0.999,0.016153166,0.044306332,-0.044306332,-0.011846834,0.999,0.016153166,-1.0,-0.011
1581252857.9495857,b827eb4521b4,e78f135624ce,-77,11.431460083,-0.087186975,1.83452521,0.998,0.016,0.050762605,-0.050762605,-0.010237395,0.999,0.017,-1.0,-0.009237395
1581252858.4014132,b827eb4521b4,e78f135624ce,-75,11.438788841,-0.09234813,1.870440711,0.999,0.018418516,0.033396321,-0.033396321,-0.018255549,0.999,0.018837033,-0.999581484,-0.017674065
1581252858.856549,b827eb4521b4,e78f135624ce,-77,11.495156316,-0.113117477,1.897411652,0.999,0.021803884,0.012078639,-0.011176697,-0.021607768,0.999,0.021803884,-0.999,-0.020705826
1581252859.309665,b827eb4521b4,e78f135624ce,-76,11.480163139,-0.110985823,1.893205671,0.999,0.021397165,0.015014177,-0.015014177,-0.018602835,0.999,0.021397165,-0.999,-0.017602835
1581252859.76701,b827eb4521b4,e78f135624ce,-70,11.486986532,-0.115891907,1.879756763,0.999,0.021689191,0.017418902,-0.016418902,-0.012689191,0.999,0.021689191,-1.0,-0.012689191
1581252860.2227397,b827eb4521b4,e78f135624ce,-72,11.452520321,-0.095080138,1.868711963,0.999,0.02,0.029063881,-0.02813589,-0.011783972,0.999,0.020927991,-1.0,-0.010855982
1581252860.229463,b827eb4521b4,e78f135624ce,-75,11.450839471,-0.094359773,1.86890406,0.999,0.02,0.029688196,-0.028712181,-0.011928045,0.999,0.020976015,-1.0,-0.01095203
1581252860.6783385,b827eb4521b4,e78f135624ce,-81,11.502940918,-0.088945801,1.830280762,0.999,0.021,0.021,-0.021,-0.00216748,0.999,0.02161084,-0.99938916,-0.00177832
1581252861.1295989,b827eb4521b4,e78f135624ce,-72,11.493728593,-0.047059506,1.835220609,0.999,0.020525399,0.0287373,-0.0287373,-0.007635703,0.998,0.0212627,-0.999,-0.006635703
1581252861.5869758,b827eb4521b4,e78f135624ce,-78,11.664244719,0.015982393,1.735355637,0.992867958,0.028,-0.000376761,-0.000491196,0.0155669,0.989264085,0.026,-0.995396127,0.015434858
1581252862.9512112,b827eb4521b4,e78f135624ce,-72,11.416020632,0.45511295,1.788438279,0.996243152,0.024243152,0.062325329,-0.062325329,-0.000839025,0.995243152,0.025,-0.998243152,0.000917823
1581252863.409593,b827eb4521b4,e78f135624ce,-77,11.432493636,0.575075964,1.866639255,0.996126582,0.024,0.042664564,-0.042227855,-0.013240509,0.995689873,0.024436709,-0.998563291,-0.0118038
1581252863.862375,b827eb4521b4,e78f135624ce,-75,11.291331209,0.757189123,1.930081822,0.995853013,0.026073493,0.056280745,-0.056207252,-0.017351788,0.994632533,0.027632533,-0.99777952,-0.016425282
1581252864.313107,b827eb4521b4,e78f135624ce,-73,11.488590373,0.938143051,2.02555461,0.995669051,0.026,0.03602861,-0.03502861,-0.022978542,0.993669051,0.024669051,-0.996669051,-0.021978542
1581252864.3155901,b827eb4521b4,e78f135624ce,-72,11.487928204,0.939384617,2.02458205,0.995689744,0.026,0.036276923,-0.035276923,-0.022792307,0.993689744,0.024689744,-0.996689744,-0.021792307
1581252864.7655907,b827eb4521b4,e78f135624ce,-77,11.518137965,1.094573393,1.994357624,0.996180757,0.028,0.038465509,-0.038192428,-0.014453838,0.995453838,0.028,-0.998,-0.013180757
1581252866.5781348,b827eb4521b4,e78f135624ce,-72,11.490588565,1.973068375,1.815411435,0.145274686,0.012411435,0.050234306,0.006382847,-0.005382847,0.998,0.013411435,-0.144480404,0.009588565
1581252867.029718,b827eb4521b4,e78f135624ce,-80,11.493,2.183885257,1.816609192,0.156183527,0.013,0.042,0.003563233,-0.007,0.999,0.013,-0.156183527,0.006390808
1581252867.485508,b827eb4521b4,e78f135624ce,-86,11.496977609,2.387253924,1.822044783,0.377784163,0.015022391,0.03084326,0.001955217,-0.003,0.999,0.015022391,-0.376806555,0.002977609
1581252867.9449568,b827eb4521b4,e78f135624ce,-71,11.502606792,2.593486787,1.821658113,0.225780412,0.013709434,0.016606792,0.012264905,0.002,0.999341887,0.013709434,-0.225438525,0.003683774
1581252868.8561814,b827eb4521b4,e78f135624ce,-71,11.506024004,2.997296196,1.832024004,0.818200181,0.012024004,0.027024004,-0.020072011,0.001,1.0,0.012024004,-0.819176178,0.001975996
1581252869.312335,b827eb4521b4,e78f135624ce,-81,11.509,3.198388998,1.834,0.807027646,0.011,0.035895839,-0.026368054,0.000368054,0.999,0.011,-0.807659592,0.002
1581252869.7632375,b827eb4521b4,e78f135624ce,-73,11.510628791,3.398208259,1.835,0.919268908,0.012,0.037814395,-0.033814395,-0.001,0.999,0.012,-0.919268908,0.0
1581252869.7681997,b827eb4521b4,e78f135624ce,-70,11.510538569,3.400689364,1.835,0.920306461,0.012,0.037769284,-0.033769284,-0.001,0.999,0.012,-0.920306461,0.0
1581252870.2229624,b827eb4521b4,e78f135624ce,-77,11.507,3.600340261,1.835,0.974723377,0.012141847,0.027425541,-0.026283694,-0.001,1.0,0.012141847,-0.974723377,-0.0
1581252870.6757255,b827eb4521b4,e78f135624ce,-70,11.503,3.800599573,1.82956224,0.600385921,0.008958507,0.020958507,-0.011396267,-0.003958507,1.0,0.008958507,-0.600385921,0.002958507
1581252871.5872529,b827eb4521b4,e78f135624ce,-72,11.485278402,4.167772787,1.833508531,-0.01978985,0.001,0.009,-0.000786933,0.000147732,1.0,0.001,0.01978985,0.002852268
1581252872.041296,b827eb4521b4,e78f135624ce,-68,11.477807918,4.342601906,1.841403959,0.005550587,0.002,0.020019795,-0.001788123,0.004403959,1.0,0.002,-0.005550587,0.0
1581252872.4999597,b827eb4521b4,e78f135624ce,-67,11.471133185,4.531677026,1.830535405,-0.349988898,0.000356937,0.028951831,0.006393784,-0.002059489,0.998940511,0.000356937,0.349929408,0.005821532
1581252872.9555037,b827eb4521b4,e78f135624ce,-71,11.384898727,4.70694366,1.79001878,0.079052305,0.007564721,0.046425889,-0.021555331,0.007,0.998,0.006851777,-0.079052305,0.016851777
1581252873.4078145,b827eb4521b4,e78f135624ce,-67,11.593581108,4.872458486,1.843923372,0.261264356,0.011692209,0.008268197,0.022886339,-0.001269477,0.987692209,0.008038314,-0.263610461,0.003692209
1581252875.214963,b827eb4521b4,e78f135624ce,-80,11.521285937,5.626213925,1.851785708,0.657500138,0.02,0.042857077,-0.023428493,-0.002214292,0.988357123,0.015785708,-0.66471443,-0.005214292
1581252876.1299553,b827eb4521b4,e78f135624ce,-72,11.511418362,6.007380978,1.774581638,0.860140324,0.024,0.041527213,-0.034790819,0.017340984,0.997,0.023,-0.861140324,0.020209181
1581252876.5888596,b827eb4521b4,e78f135624ce,-64,11.801595811,6.20621418,1.845800322,0.812220625,0.024199678,-0.064993555,0.07139291,-0.005199678,0.978602256,0.018800322,-0.831618369,-0.007199678
1581252877.498731,b827eb4521b4,e78f135624ce,-72,11.699162761,6.676004212,1.886719516,-0.010560968,0.005950751,0.058310509,0.031901501,0.010049249,0.986147748,0.002049249,0.016511718,-0.008409007
1581252877.9524794,b827eb4521b4,e78f135624ce,-71,11.619191653,6.875380451,1.863359583,0.020144207,0.007,0.031078748,0.009517078,0.003438331,0.994640417,0.005640417,-0.018425042,0.001
1581252878.409014,b827eb4521b4,e78f135624ce,-75,11.571030444,7.061497532,1.856329951,-0.006873012,0.006329951,0.025340099,0.006340099,-0.005329951,0.998,0.006,0.007543061,0.002670049
1581252878.8622894,b827eb4521b4,e78f135624ce,-67,11.545024156,7.258734282,1.854014494,-0.029695632,0.005,0.016014494,0.006995169,-0.008004831,0.999,0.005,0.029700464,0.001995169
1581252879.7786934,b827eb4521b4,e78f135624ce,-67,11.510529591,7.678406656,1.838529591,-0.725581155,-0.003235204,0.007470409,0.005705613,-0.011,1.0,-0.003235204,0.725581155,0.009235204
1581252880.2316966,b827eb4521b4,e78f135624ce,-76,11.507849112,7.896946708,1.833,-0.912322466,-0.006698224,0.022245559,0.021396447,-0.011,1.0,-0.006698224,0.912322466,0.010150888
1581252880.687504,b827eb4521b4,e78f135624ce,-64,11.511533451,8.12160741,1.828399647,-0.971801059,-0.008466549,0.032533451,0.032533451,-0.011533451,0.999,-0.008466549,0.972267608,0.011533451
1581252881.1376832,b827eb4521b4,e78f135624ce,-71,11.516,8.346543197,1.824,-0.990532763,-0.008,0.023289649,0.023289649,-0.011822412,1.0,-0.007822412,0.991355175,0.011822412
1581252881.5975137,b827eb4521b4,e78f135624ce,-80,11.531578213,8.567291932,1.82436732,-0.253899363,0.002578213,0.004578213,0.024421787,-0.007789107,0.999789107,0.00336732,0.253899363,0.005843573
1581252882.0500762,b827eb4521b4,e78f135624ce,-68,11.544393794,8.780809044,1.83,0.490346097,0.003606206,0.001968972,0.012181383,-0.001606206,1.0,0.003606206,-0.490346097,0.003393794
1581252883.405877,b827eb4521b4,e78f135624ce,-65,11.543254279,9.452273836,1.838,0.977525672,0.003491443,-0.017017115,0.017271393,0.002254279,1.0,0.003491443,-0.977525672,0.002254279
1581252883.858652,b827eb4521b4,e78f135624ce,-74,11.538472292,9.680443332,1.837354219,0.706901414,0.000118073,-0.027,0.021708438,0.002236146,1.0,0.000118073,-0.707019487,0.004881927
1581252884.3099015,b827eb4521b4,e78f135624ce,-72,11.520048657,9.911394309,1.837475671,0.138054508,0.000524329,-0.020621643,0.006,-0.000475671,1.0,0.000524329,-0.138054508,0.003
1581252884.7689438,b827eb4521b4,e78f135624ce,-78,11.508865643,10.147733201,1.834268714,-0.010120918,-0.001,-0.003462572,0.003268714,-0.004865643,1.0,-0.001,0.010120918,0.004865643
1581252885.2276607,b827eb4521b4,e78f135624ce,-68,11.512806459,10.385806936,1.842419378,0.009226314,0.000612919,0.014032297,0.004387081,0.001419378,1.0,0.000612919,-0.009032773,0.002
1581252886.599097,b827eb4521b4,e78f135624ce,-81,11.572174687,11.010556477,1.758790795,0.026787698,0.009790795,-0.006,0.015581591,0.008581591,0.999,0.010593097,-0.025985397,0.016197699
1581252887.0562575,b827eb4521b4,e78f135624ce,-71,11.510109391,11.229499503,1.747554695,-0.358952551,0.008445305,-0.019554695,-0.008554695,-0.006445305,0.999,0.007890609,0.358952551,0.016109391
1581252887.506038,b827eb4521b4,e78f135624ce,-75,11.513026808,11.428447643,1.744973192,0.071833574,0.013026808,-0.022865959,-0.001026808,0.001080425,0.999,0.013026808,-0.071833574,0.016026808
1581252887.9628398,b827eb4521b4,e78f135624ce,-79,11.520072915,11.622078591,1.755571969,0.652301121,0.016642992,0.004,-0.013071023,0.007642992,0.999,0.016,-0.652658128,0.014
1581252888.8713071,b827eb4521b4,e78f135624ce,-81,11.540862389,12.039188095,1.762110089,0.934669734,0.014972478,0.010068806,-0.010068806,0.021931194,0.999,0.014972478,-0.934669734,0.021944956
1581252889.3256922,b827eb4521b4,e78f135624ce,-73,11.553571557,12.253578753,1.781,0.978429342,0.017571557,0.007428443,-0.008,0.012,1.0,0.017571557,-0.978429342,0.012
1581252889.7858818,b827eb4521b4,e78f135624ce,-70,11.577048219,12.467159342,1.789161425,0.993209644,0.018,-0.005838575,0.005838575,0.008419288,1.0,0.018,-0.993209644,0.007628931
1581252890.2430093,b827eb4521b4,e78f135624ce,-75,11.580273604,12.682084773,1.799009419,0.812424981,0.014424535,-0.014575465,0.007707558,0.003566046,1.0,0.014424535,-0.812424981,0.005283023
1581252890.697455,b827eb4521b4,e78f135624ce,-76,11.576665501,12.904986008,1.817,0.501696722,0.0085993,-0.0210662,0.011665501,-0.0045331,1.0,0.008132401,-0.501696722,-0.0015331
1581252891.1513906,b827eb4521b4,e78f135624ce,-82,11.566040691,13.13363194,1.824612207,0.225099276,0.002816276,-0.017224415,0.007836622,-0.006408138,1.0,0.002816276,-0.225303345,-2.0346e-05
1581252891.608848,b827eb4521b4,e78f135624ce,-76,11.564998866,13.355214521,1.826400681,0.30476052,0.005599319,-0.015599319,0.010399546,-0.006,1.0,0.005599319,-0.304960293,-0.000199773
1581252892.0680304,b827eb4521b4,e78f135624ce,-75,11.535239527,13.577144647,1.838920158,-0.567190475,-0.012380236,-0.008539921,7.9842e-05,-0.004,1.0,-0.012380236,0.567190475,0.002
1581252893.8784478,b827eb4521b4,e78f135624ce,-76,11.551890673,14.507777019,1.817291539,-0.786157499,0.001963558,0.019109327,0.017072885,-0.009817788,1.0,0.001963558,0.786157499,0.008854231
1581252894.7911787,b827eb4521b4,e78f135624ce,-86,11.579109482,14.950233627,1.813126833,-0.833343109,0.000109482,0.026818426,0.031345797,-0.002818426,0.999,0.000873167,0.833343109,0.002818426
1581252895.2414398,b827eb4521b4,e78f135624ce,-82,11.549315761,15.16429626,1.83267106,-0.946039537,-0.013,0.01249341,0.013657881,0.004,1.0,-0.013,0.946039537,-0.004
1581252895.7020526,b827eb4521b4,e78f135624ce,-81,11.535934897,15.391485638,1.846662757,-0.982662757,-0.019532551,0.010467449,0.011,0.005532551,1.0,-0.019532551,0.982662757,-0.005532551
1581252896.1525083,b827eb4521b4,e78f135624ce,-80,11.531394234,15.611237932,1.854454325,-0.994302883,-0.020151442,0.009697117,0.009697117,0.005151442,1.0,-0.020151442,0.994302883,-0.005151442
1581252896.6051927,b827eb4521b4,e78f135624ce,-75,11.528230235,15.827646365,1.861309295,-0.998,-0.023,0.00446047,0.00446047,0.005769765,1.0,-0.023,0.998,-0.005769765
1581252897.0564613,b827eb4521b4,e78f135624ce,-78,11.535,16.037092868,1.86490899,-0.999,-0.02336367,-0.001818351,-0.001818351,0.00527266,1.0,-0.02336367,0.999,-0.00527266
1581252897.5065718,b827eb4521b4,e78f135624ce,-78,11.546951929,16.252404185,1.849,-0.999,-0.020951929,-0.006951929,-0.006951929,-4.8071e-05,1.0,-0.020951929,0.999951929,4.8071e-05
1581252897.9607475,b827eb4521b4,e78f135624ce,-82,11.54066029,16.455283868,1.858783092,-0.999443382,-0.021,0.01033971,0.01033971,0.005113237,1.0,-0.021,1.0,-0.005113237
1581252898.417813,b827eb4521b4,e78f135624ce,-73,11.546749833,16.662747156,1.840500335,-0.999,-0.017500112,0.028249944,0.028249944,0.0,0.999,-0.017500112,1.0,0.000249944
1581252898.8734212,b827eb4521b4,e78f135624ce,-85,11.565829097,16.858385621,1.83259816,-0.999,-0.011085451,0.024341806,0.024341806,0.001170903,0.999,-0.011085451,1.0,-0.001170903
1581252898.8768313,b827eb4521b4,e78f135624ce,-80,11.565891099,16.860059672,1.832381154,-0.999,-0.011054451,0.024217802,0.024217802,0.001108901,0.999,-0.011054451,1.0,-0.001108901
1581252899.3295162,b827eb4521b4,e78f135624ce,-81,11.605422942,17.036378462,1.836607881,-0.999,-0.006969177,0.018422942,0.018422942,0.006061646,0.999,-0.006969177,1.0,-0.005546235
1581252900.236126,b827eb4521b4,e78f135624ce,-77,11.926059903,17.451777828,1.853250632,-0.979,0.0,0.099048428,0.097048428,-0.001282075,0.976,-0.003786321,0.996,0.001544181
1581252900.6870863,b827eb4521b4,e78f135624ce,-83,11.794286727,17.600768131,1.793364598,-0.992162831,-0.005162831,0.019061948,0.018061948,-0.010899117,0.990162831,-0.006775221,0.998,0.010899117
1581252901.1420755,b827eb4521b4,e78f135624ce,-80,11.715677902,17.765379777,1.830123783,-0.997066105,-0.008,-0.00113221,-0.002066105,0.001330525,0.996066105,-0.009,0.999,-0.001330525
1581252901.5924098,b827eb4521b4,e78f135624ce,-80,11.669484046,17.878278529,1.846378989,-0.998579908,-0.010159816,0.002041103,0.002041103,0.000319632,0.998,-0.009579908,0.999,-0.000739724
1581252902.0488894,b827eb4521b4,e78f135624ce,-82,11.60038961,17.937865407,1.888303424,-0.999,-0.012217237,-0.008827627,-0.00961039,0.011,0.999,-0.012217237,0.999217237,-0.011
1581252902.5061135,b827eb4521b4,e78f135624ce,-80,11.536626666,17.972742963,1.879028148,-0.999,-0.012,-0.018971852,-0.018971852,0.002385556,0.999,-0.012,1.0,-0.002385556
1581252902.9593658,b827eb4521b4,e78f135624ce,-79,11.41389218,17.957654495,1.845488116,-0.998,-0.009023768,-0.044297968,-0.044297968,-0.006488116,0.998,-0.010023768,1.0,0.005488116
