1581252856.5874038,000000000301,e78f135624ce,-83,11.715909715,-0.144045143,1.773774287,1.002,0.014954857,0.022045143,-0.018045143,0.003045143,1.002,0.014954857,-0.998,0.003090285
1581252857.046395,000000000301,e78f135624ce,-76,11.647058937,-0.136321293,1.798488592,0.999,0.016,0.031,-0.031,-0.00851806,0.999,0.016,-1.0,-0.00851806
1581252857.4973817,000000000301,e78f135624ce,-76,11.523678512,-0.107976637,1.82481869,0.999,0.016204673,0.044409345,-0.044409345,-0.011795327,0.999,0.016204673,-1.0,-0.011
1581252857.955399,000000000301,e78f135624ce,-80,11.430505031,-0.086979355,1.834608258,0.998,0.016,0.050804129,-0.050804129,-0.010195871,0.999,0.017,-1.0,-0.009195871
1581252858.4073772,000000000301,e78f135624ce,-81,11.439683447,-0.092688932,1.870994515,0.999,0.018461117,0.032927718,-0.032927718,-0.01838335,0.999,0.018922233,-0.999538883,-0.017844466
1581252859.3123748,000000000301,e78f135624ce,-84,11.480803653,-0.111232174,1.89310713,0.999,0.021446435,0.014767826,-0.014767826,-0.018553565,0.999,0.021446435,-0.999,-0.017553565
1581252859.772372,000000000301,e78f135624ce,-77,11.485572903,-0.115404449,1.87956178,0.999,0.021640445,0.017955106,-0.016955106,-0.012640445,0.999,0.021640445,-1.0,-0.012640445
1581252860.2293863,000000000301,e78f135624ce,-81,11.450858664,-0.094367999,1.868901867,0.999,0.02,0.029681068,-0.028705601,-0.0119264,0.999,0.020975467,-1.0,-0.010950933
1581252861.1354082,000000000301,e78f135624ce,-88,11.494475503,-0.046437081,1.834307718,0.999,0.020608389,0.028695805,-0.028695805,-0.007262248,0.998,0.021304195,-0.999,-0.006262248
1581252862.9573667,000000000301,e78f135624ce,-76,11.41270614,0.457622494,1.791468672,0.996195802,0.024195802,0.062846178,-0.062846178,-0.001454574,0.995195802,0.025,-0.998195802,0.000349624
1581252863.4153485,000000000301,e78f135624ce,-78,11.425852767,0.577820856,1.869339875,0.996038037,0.024,0.043948465,-0.043467483,-0.013771779,0.995557055,0.024480982,-0.998519018,-0.012290797
1581252863.8683503,000000000301,e78f135624ce,-72,11.300294071,0.759809036,1.938263306,0.995761086,0.026119457,0.054580099,-0.054460643,-0.018822617,0.994402716,0.027402716,-0.99764163,-0.017942074
1581252864.3193743,000000000301,e78f135624ce,-78,11.486919089,0.941276709,2.023099911,0.995721278,0.026,0.036655342,-0.035655342,-0.022508494,0.993721278,0.024721278,-0.996721278,-0.021508494
1581252864.7703068,000000000301,e78f135624ce,-75,11.513264597,1.0976782,1.993689501,0.996062853,0.028,0.039683851,-0.039371468,-0.014375235,0.995375235,0.028,-0.998,-0.013062853
1581252866.1282728,000000000301,e78f135624ce,-84,11.473370486,1.75574702,1.819804216,0.48694574,0.016,0.060412649,-0.012825298,0.005,0.997195784,0.016,-0.48694574,0.007804216
1581252867.0353734,000000000301,e78f135624ce,-79,11.493,2.186524505,1.816562062,0.151140677,0.013,0.042,0.00375175,-0.007,0.999,0.013,-0.151140677,0.006437938
1581252867.4903495,000000000301,e78f135624ce,-81,11.496937262,2.389513324,1.822125476,0.384602709,0.015062738,0.030560835,0.001874524,-0.003,0.999,0.015062738,-0.383665447,0.002937262
1581252867.493303,000000000301,e78f135624ce,-83,11.496912649,2.390891639,1.822174701,0.388762267,0.015087351,0.030388545,0.001825299,-0.003,0.999,0.015087351,-0.387849617,0.002912649
1581252867.9493926,000000000301,e78f135624ce,-80,11.502828581,2.595387834,1.821689797,0.213011718,0.013551014,0.016828581,0.012518378,0.002,0.999310203,0.013551014,-0.212701515,0.003620406
1581252868.4052994,000000000301,e78f135624ce,-83,11.50887546,2.799241712,1.826749693,0.422848448,0.011374847,0.020749693,0.002001228,0.001625153,1.0,0.011374847,-0.422848448,0.003
1581252868.8623722,000000000301,e78f135624ce,-75,11.506068223,2.999684065,1.832068223,0.820411171,0.012068223,0.027068223,-0.02020467,0.001,1.0,0.012068223,-0.821342948,0.001931777
1581252869.3183148,000000000301,e78f135624ce,-80,11.509,3.20143325,1.834,0.803331053,0.011,0.036058924,-0.026313692,0.000313692,0.999,0.011,-0.804017361,0.002
1581252869.7693193,000000000301,e78f135624ce,-86,11.510518212,3.401249171,1.835,0.920540563,0.012,0.037759106,-0.033759106,-0.001,0.999,0.012,-0.920540563,0.0
1581252870.2282968,000000000301,e78f135624ce,-77,11.507,3.602397805,1.835,0.975066301,0.012103744,0.027311233,-0.026207489,-0.001,1.0,0.012103744,-0.975066301,-0.0
1581252871.137284,000000000301,e78f135624ce,-74,11.494,3.990308265,1.828246165,0.169215488,0.003753835,0.009507669,-0.002507669,-0.004753835,1.0,0.003753835,-0.169215488,0.004
1581252871.5932639,000000000301,e78f135624ce,-77,11.484977851,4.170177193,1.833859174,-0.022895541,0.001,0.009,-0.000837025,0.000348099,1.0,0.001,0.022895541,0.002651901
1581252872.5052552,000000000301,e78f135624ce,-83,11.468264778,4.533662846,1.830932569,-0.333661044,0.000621713,0.029657901,0.005202292,-0.002103619,0.998896381,0.000621713,0.333557425,0.005689144
1581252872.9602609,000000000301,e78f135624ce,-78,11.383764327,4.708480589,1.78950647,0.085419583,0.007747689,0.046499076,-0.021994454,0.007,0.998,0.006998151,-0.085419583,0.016998151
1581252873.8662553,000000000301,e78f135624ce,-72,11.458026419,5.066188837,1.804207442,0.307113487,0.013105674,0.044079256,-0.024052837,0.00318493,0.994026419,0.012079256,-0.31006065,0.015211349
1581252874.767256,000000000301,e78f135624ce,-72,11.426920297,5.424384903,1.782140802,0.533629004,0.017610877,0.039746211,-0.02900844,0.006945617,0.99333474,0.013778247,-0.53666526,0.012280357
1581252875.2202566,000000000301,e78f135624ce,-78,11.519901456,5.628453527,1.851826428,0.656645017,0.02,0.043264278,-0.023917133,-0.002173572,0.988479283,0.015826428,-0.663818589,-0.005173572
1581252875.6792297,000000000301,e78f135624ce,-75,11.501238415,5.826031015,1.813120704,0.635380793,0.017510837,0.047402467,-0.028402467,0.007597533,0.995,0.016021674,-0.637869956,0.010640881
1581252876.1362307,000000000301,e78f135624ce,-79,11.510839093,6.010084231,1.775160907,0.862022947,0.024,0.041720302,-0.035080453,0.017099622,0.997,0.023,-0.863022947,0.019919547
1581252876.591239,000000000301,e78f135624ce,-78,11.80133804,6.207086633,1.845820151,0.813489649,0.024179849,-0.064596985,0.070956683,-0.005179849,0.978741055,0.018820151,-0.832748593,-0.007179849
1581252877.0482483,000000000301,e78f135624ce,-80,11.62837179,6.43533263,1.856080842,0.770244636,0.020614316,0.018618947,-0.011309474,-0.006,0.991923789,0.019614316,-0.777782741,-0.007385684
1581252877.505257,000000000301,e78f135624ce,-75,11.698238244,6.679321595,1.88530555,-0.013388901,0.005896367,0.057549142,0.031792735,0.010103633,0.986310898,0.002103633,0.019285268,-0.007756408
1581252877.9582622,000000000301,e78f135624ce,-72,11.618365533,6.877404444,1.863318277,0.022539955,0.007,0.03095483,0.009227937,0.003273107,0.994681723,0.005681723,-0.020903401,0.001
1581252878.8682513,000000000301,e78f135624ce,-88,11.544806055,7.261210971,1.853883633,-0.027595084,0.004961211,0.015806055,0.007,-0.007961211,0.999,0.005,0.027595084,0.002038789
1581252879.3252213,000000000301,e78f135624ce,-70,11.522025444,7.4702002,1.846683629,-0.151633743,0.002367258,0.007683629,0.003,-0.008658185,1.0,0.002367258,0.151633743,0.004974556
1581252879.785214,000000000301,e78f135624ce,-69,11.510411036,7.681785469,1.838411036,-0.730264071,-0.003294482,0.007588964,0.005883446,-0.011,1.0,-0.003294482,0.730264071,0.009294482
1581252880.2372446,000000000301,e78f135624ce,-75,11.50788874,7.899324421,1.833,-0.913550951,-0.006777481,0.022443702,0.021554961,-0.011,1.0,-0.006777481,0.913550951,0.01011126
1581252880.6937375,000000000301,e78f135624ce,-73,11.511577976,8.124412462,1.828266073,-0.97220178,-0.008422024,0.032577976,0.032577976,-0.011577976,0.999,-0.008422024,0.972623805,0.011577976
1581252881.1434088,000000000301,e78f135624ce,-77,11.516,8.34920152,1.824,-0.990655455,-0.008,0.02312606,0.02312606,-0.011781515,1.0,-0.007781515,0.99143697,0.011781515
1581252882.0531979,000000000301,e78f135624ce,-74,11.544419808,8.782447894,1.83,0.488056911,0.003580192,0.002099039,0.012259424,-0.001580192,1.0,0.003580192,-0.488056911,0.003419808
1581252882.506176,000000000301,e78f135624ce,-73,11.545055917,9.003733432,1.832055917,0.782649556,0.002,-0.002111834,0.010027959,0.003027959,1.0,0.002972041,-0.782649556,0.005
1581252882.9582007,000000000301,e78f135624ce,-69,11.546,9.229689882,1.835313535,0.930105651,0.003,-0.010656767,0.012656767,0.003686465,1.0,0.003,-0.930105651,0.004686465
1581252883.4112008,000000000301,e78f135624ce,-76,11.54329523,9.454894707,1.838,0.977771379,0.00340954,-0.017180919,0.017476149,0.00229523,1.0,0.00340954,-0.977771379,0.00229523
1581252883.4141798,000000000301,e78f135624ce,-70,11.543318145,9.45636131,1.838,0.977908873,0.003363709,-0.017272582,0.017590727,0.002318145,1.0,0.003363709,-0.977908873,0.002318145
1581252883.8657966,000000000301,e78f135624ce,-72,11.538234143,9.684253709,1.837175607,0.687789989,5.8536e-05,-0.027,0.021351215,0.002117072,1.0,5.8536e-05,-0.687848525,0.004941464
1581252884.315468,000000000301,e78f135624ce,-79,11.519955881,9.91445594,1.83752206,0.133183731,0.00047794,-0.020389701,0.006,-0.00052206,1.0,0.00047794,-0.133183731,0.003
1581252884.7751896,000000000301,e78f135624ce,-75,11.508813594,10.151116374,1.834372812,-0.012879505,-0.001,-0.003254377,0.003372812,-0.004813594,1.0,-0.001,0.012879505,0.004813594
1581252885.6891649,000000000301,e78f135624ce,-70,11.503041353,10.603537586,1.804282898,-0.126945505,0.008041353,0.013468985,0.001,0.009041353,0.999489662,0.008041353,0.127435167,0.010062029
1581252886.1479275,000000000301,e78f135624ce,-75,11.559510665,10.807042659,1.782206159,0.016059256,0.008772512,0.003648104,0.015772512,0.009124409,0.998806872,0.008772512,-0.016059256,0.01293128
1581252886.606845,000000000301,e78f135624ce,-69,11.571464464,11.014946952,1.758532532,0.003995971,0.009532532,-0.006,0.015065064,0.008065064,0.999,0.010399399,-0.003129104,0.016133133
1581252887.5116255,000000000301,e78f135624ce,-72,11.513073371,11.430962056,1.744926629,0.07849211,0.013073371,-0.022633143,-0.001073371,0.001220114,0.999,0.013073371,-0.07849211,0.016073371
1581252887.9651656,000000000301,e78f135624ce,-74,11.520255654,11.622959062,1.75563842,0.654194963,0.016659605,0.004,-0.013021185,0.007659605,0.999,0.016,-0.654535358,0.014
1581252888.4181507,000000000301,e78f135624ce,-63,11.518561625,11.834455694,1.784028648,0.792074615,0.014323784,0.018028648,-0.018028648,0.007295136,0.999,0.014,-0.792074615,0.007971352
1581252888.8788385,000000000301,e78f135624ce,-71,11.541343867,12.042664973,1.762257901,0.935773702,0.014957017,0.009914033,-0.009914033,0.02187105,0.999,0.014957017,-0.935730718,0.02187105
1581252889.3316495,000000000301,e78f135624ce,-74,11.553625715,12.256665754,1.781,0.97875429,0.017625715,0.007374285,-0.008,0.012,1.0,0.017625715,-0.97875429,0.012
1581252889.7916408,000000000301,e78f135624ce,-68,11.577309992,12.470195909,1.788952006,0.993261998,0.018,-0.006047994,0.006047994,0.008523997,1.0,0.018,-0.993261998,0.007785995
1581252890.2451384,000000000301,e78f135624ce,-73,11.580136735,12.683042857,1.799115873,0.809155328,0.014378912,-0.014621088,0.007631519,0.003505215,1.0,0.014378912,-0.809155328,0.005252608
1581252890.704714,000000000301,e78f135624ce,-60,11.576924755,12.908097062,1.817,0.509837312,0.008754853,-0.021169902,0.011924755,-0.004584951,1.0,0.008339804,-0.509837312,-0.001584951
1581252891.1588185,000000000301,e78f135624ce,-62,11.566571257,13.136656167,1.824771377,0.236824786,0.003028503,-0.017542754,0.008314132,-0.006514251,1.0,0.003028503,-0.237081912,-0.000285629
1581252891.6144018,000000000301,e78f135624ce,-72,11.56476746,13.358176509,1.826539524,0.296707615,0.005460476,-0.015460476,0.010306984,-0.006,1.0,0.005460476,-0.296861107,-0.000153492
1581252892.5261261,000000000301,e78f135624ce,-63,11.519556493,13.79998523,1.846110877,-0.864102437,-0.017110877,-0.00266737,-0.00066737,-0.002110877,1.0,-0.017110877,0.864213313,0.001110877
1581252892.9771273,000000000301,e78f135624ce,-66,11.515528904,14.031878627,1.845372831,-0.564147288,-0.013471096,0.006549133,0.006823699,-0.002274566,1.0,-0.013471096,0.564147288,0.003
1581252893.4281378,000000000301,e78f135624ce,-67,11.532788732,14.277007039,1.834908451,-0.3267183,-0.000302817,0.021045774,0.014742957,-0.003045774,1.0,-0.000302817,0.327066891,0.003045774
1581252893.8856852,000000000301,e78f135624ce,-65,11.552088134,14.511388112,1.817044067,-0.790255911,0.001977966,0.018955933,0.016977966,-0.009911866,1.0,0.001977966,0.790255911,0.008933899
1581252894.3466444,000000000301,e78f135624ce,-65,11.561492647,14.735007349,1.816602941,-0.717661759,0.003,0.014191176,0.019794117,-0.004,1.0,0.003,0.717661759,0.004
1581252894.7986007,000000000301,e78f135624ce,-63,11.578614683,14.953697216,1.813683481,-0.836311899,-0.000385317,0.026509177,0.030912848,-0.002509177,0.999,0.000316519,0.836311899,0.002509177
1581252895.2471142,000000000301,e78f135624ce,-66,11.54896657,15.166871546,1.832758357,-0.946825217,-0.013,0.012362464,0.013483285,0.004,1.0,-0.013,0.946825217,-0.004
1581252895.7040884,000000000301,e78f135624ce,-77,11.535903576,15.392440924,1.846741059,-0.982741059,-0.019548212,0.010451788,0.011,0.005548212,1.0,-0.019548212,0.982741059,-0.005548212
1581252896.1550968,000000000301,e78f135624ce,-63,11.531314588,15.61245254,1.854514059,-0.994342706,-0.020171353,0.009657294,0.009657294,0.005171353,1.0,-0.020171353,0.994342706,-0.005171353
1581252896.610085,000000000301,e78f135624ce,-63,11.528189465,15.830011003,1.861431604,-0.998,-0.023,0.004378931,0.004378931,0.005810535,1.0,-0.023,0.998,-0.005810535
1581252897.0630815,000000000301,e78f135624ce,-65,11.535,16.040292619,1.864743485,-0.999,-0.023418838,-0.002094191,-0.002094191,0.005162323,1.0,-0.023418838,0.999,-0.005162323
1581252897.5136473,000000000301,e78f135624ce,-70,11.547013773,16.255378748,1.849034432,-0.999006886,-0.021006886,-0.006972455,-0.006972455,2.0659e-05,1.0,-0.021006886,1.0,-2.0659e-05
1581252897.9676929,000000000301,e78f135624ce,-71,11.540362631,16.458161234,1.859031141,-0.999393772,-0.021,0.010637369,0.010637369,0.005212456,1.0,-0.021,1.0,-0.005212456
1581252898.4257872,000000000301,e78f135624ce,-81,11.546920707,16.665652022,1.840158586,-0.999,-0.017386195,0.028306902,0.028306902,0.0,0.999,-0.017386195,1.0,0.000306902
1581252898.8805604,000000000301,e78f135624ce,-67,11.565958901,16.861890325,1.832143847,-0.999,-0.01102055,0.024082198,0.024082198,0.001041099,0.999,-0.01102055,1.0,-0.001041099
1581252899.332078,000000000301,e78f135624ce,-60,11.605306496,17.037705945,1.836770906,-0.999,-0.006922598,0.018306496,0.018306496,0.006154803,0.999,-0.006922598,1.0,-0.005616102
1581252899.7870474,000000000301,e78f135624ce,-77,11.562621278,17.231337237,1.853741337,-0.999,-0.006129331,-0.004965349,-0.004965349,0.009741337,0.999,-0.005129331,1.0,-0.009741337
1581252900.2420576,000000000301,e78f135624ce,-72,11.928474916,17.453430206,1.850623776,-0.979,0.0,0.098878953,0.096878953,-0.00204471,0.976,-0.003659215,0.996,0.002264449
1581252900.693628,000000000301,e78f135624ce,-75,11.793959641,17.603151188,1.794252403,-0.992303011,-0.005303011,0.018828315,0.017828315,-0.010525304,0.990303011,-0.006868674,0.998,0.010525304
1581252901.1480703,000000000301,e78f135624ce,-77,11.714821503,17.766921295,1.830851722,-0.997108925,-0.008,-0.00121785,-0.002108925,0.001544624,0.996108925,-0.009,0.999,-0.001544624
1581252901.5994396,000000000301,e78f135624ce,-82,11.66690646,17.879215833,1.847023385,-0.99863849,-0.010276979,0.001338126,0.001338126,0.000553958,0.998,-0.00963849,0.999,-0.000915469
1581252902.0565035,000000000301,e78f135624ce,-68,11.601087573,17.939578589,1.888684131,-0.999,-0.012280688,-0.008193115,-0.008912427,0.011,0.999,-0.012280688,0.999280688,-0.011
1581252902.5124736,000000000301,e78f135624ce,-68,11.534865422,17.97284081,1.87863676,-0.999,-0.012,-0.01936324,-0.01936324,0.002238785,0.999,-0.012,1.0,-0.002238785
