1581251155.391895,b827eb917e19,e78f135624ce,-80,17.96,4.45,1.64,0.014,-0.01,-0.997,1.002,0.002,0.014,0.001,-0.997,0.015
1581251156.2965693,b827eb917e19,e78f135624ce,-80,17.953126644,4.341467118,1.729266441,0.014253288,0.002873356,-1.0,1.0,0.012,0.014253288,0.012,-1.0,-0.002
1581251156.75075,b827eb917e19,e78f135624ce,-80,17.947706661,4.283533305,1.772173356,0.017528893,0.004764446,-1.0,1.0,0.011,0.017528893,0.011,-1.0,-0.004
1581251157.2054482,b827eb917e19,e78f135624ce,-84,17.937454967,4.250068709,1.800158775,0.017,0.003613742,-1.0,1.0,0.009,0.017,0.009,-1.0,-0.003613742
1581251157.6630967,b827eb917e19,e78f135624ce,-83,17.923083748,4.233581261,1.809502487,0.016083748,0.001083748,-1.0,1.0,0.008916252,0.016083748,0.008916252,-1.0,-0.001083748
1581251158.5700812,b827eb917e19,e78f135624ce,-79,17.928521985,4.189173051,1.833478015,0.022521985,0.005739007,-1.0,1.0,0.013260993,0.022521985,0.013260993,-1.0,-0.005478015
1581251159.0214677,b827eb917e19,e78f135624ce,-75,17.924426522,4.178,1.835142174,0.031431304,0.005142174,-0.999142174,0.999,0.014,0.031431304,0.014,-1.0,-0.005142174
1581251159.4790752,b827eb917e19,e78f135624ce,-86,17.895119637,4.181995204,1.838220091,0.042114841,0.005,-0.999,0.999,0.011444977,0.042114841,0.011444977,-1.0,-0.004555023
1581251159.930253,b827eb917e19,e78f135624ce,-74,17.825667842,4.187412586,1.839,0.024762241,0.003793707,-1.0,0.999206293,0.012,0.024762241,0.012793707,-1.0,-0.003
1581251160.3812463,b827eb917e19,e78f135624ce,-77,17.736778271,4.200246859,1.847497906,0.007004188,0.005,-1.0,1.0,0.012,0.007004188,0.012,-1.0,-0.005
1581251160.837857,b827eb917e19,e78f135624ce,-88,17.623378752,4.194063125,1.850612625,-0.004162125,0.004612625,-1.0,1.0,0.012,-0.004162125,0.012,-1.0,-0.004612625
1581251161.292481,b827eb917e19,e78f135624ce,-80,17.497658094,4.185,1.845009241,-0.016018481,0.003,-1.0,1.0,0.013990759,-0.016018481,0.013990759,-1.0,-0.003
1581251161.7458506,b827eb917e19,e78f135624ce,-77,17.358006602,4.17140066,1.843050495,-0.01370033,0.001350165,-1.0,1.0,0.014,-0.01370033,0.014,-1.0,-0.00170033
1581251162.1961226,b827eb917e19,e78f135624ce,-76,17.206238235,4.159198061,1.842732687,-0.000396123,0.003267313,-1.0,1.0,0.014534626,-0.000396123,0.014534626,-1.0,-0.003267313
1581251163.1098688,b827eb917e19,e78f135624ce,-79,16.875313711,4.150287581,1.835287581,0.026570806,0.007429194,-1.0,0.999,0.015,0.027141613,0.015,-1.0,-0.007
1581251163.569833,b827eb917e19,e78f135624ce,-72,16.709615597,4.151,1.83952565,0.02152565,0.008762825,-1.0,1.0,0.01247435,0.022288475,0.013237175,-1.0,-0.008762825
1581251164.019442,b827eb917e19,e78f135624ce,-89,16.545759832,4.149662616,1.838,0.016168692,0.006168692,-1.0,1.0,0.014831308,0.016168692,0.014831308,-1.0,-0.006168692
1581251164.4701314,b827eb917e19,e78f135624ce,-86,16.386016194,4.147,1.838355986,0.021451995,0.004451995,-1.0,1.0,0.015548005,0.021451995,0.016,-1.0,-0.004451995
1581251164.92069,b827eb917e19,e78f135624ce,-87,16.225917858,4.142,1.838,0.022784967,0.003,-1.0,1.0,0.016,0.022784967,0.016,-1.0,-0.002928322
1581251165.3802416,b827eb917e19,e78f135624ce,-81,16.081117362,4.155702902,1.83874058,-0.002924644,0.002,-1.0,1.0,0.01774058,-0.002924644,0.01774058,-1.0,-0.00174058
1581251165.833734,b827eb917e19,e78f135624ce,-80,15.91829011,4.159175866,1.827528882,-0.013881899,0.007765084,-1.0,0.319911384,0.014293966,-0.01394095,0.014293966,-0.320558367,0.007118101
1581251166.7359,b827eb917e19,e78f135624ce,-77,15.556775168,4.128280125,1.805719875,-0.004413667,0.014706833,-1.0,-0.097774634,0.013146583,0.016146583,0.013573292,0.097347926,0.013706833
1581251167.1924849,b827eb917e19,e78f135624ce,-85,15.394777195,4.120777765,1.81688894,0.015666705,0.007,-1.0,0.65322349,0.016777765,0.022222235,0.016777765,-0.65322349,0.00155553
1581251167.6476088,b827eb917e19,e78f135624ce,-93,15.230255041,4.10187584,1.8066256,0.00050048,0.01662464,-1.0,-0.213216634,0.01112512,0.01937536,0.01125024,0.213216634,0.0133744
1581251168.106145,b827eb917e19,e78f135624ce,-81,15.061592902,4.095004129,1.788506193,-0.018493807,0.024497936,-0.999,-0.746336905,0.007502064,0.025,0.008004129,0.746336905,0.023497936
1581251169.9162624,b827eb917e19,e78f135624ce,-83,14.396183552,4.111104795,1.757860273,-0.038104795,0.025,-0.999,-0.8494322,0.007034932,0.043069863,0.008034932,0.8494322,0.024
1581251170.372844,b827eb917e19,e78f135624ce,-83,14.207624401,4.1357868,1.7472132,-0.052,0.026,-0.998,-0.9495296,0.0064044,0.0544044,0.008,0.9505296,0.0255956
1581251171.2823563,b827eb917e19,e78f135624ce,-78,13.839313759,4.151122349,1.733414899,-0.051,0.026438826,-0.998,-0.99370745,0.00329255,0.051,0.004438826,0.99470745,0.026438826
1581251171.7430139,b827eb917e19,e78f135624ce,-100,13.655894348,4.156857639,1.74540873,-0.044897818,0.019795635,-0.999,-0.997551091,0.002,0.044897818,0.002448909,0.998,0.019346726
1581251172.1999135,b827eb917e19,e78f135624ce,-80,13.483413491,4.127267645,1.743658651,-0.025706745,0.021121799,-0.999,-0.904154268,0.004658651,0.029560899,0.005658651,0.904154268,0.021560899
1581251172.6517575,b827eb917e19,e78f135624ce,-78,13.336047797,4.103326908,1.751730921,-0.006326908,0.021,-0.999,-0.321748623,0.01,0.022490362,0.010836546,0.321748623,0.016471086
1581251173.102388,b827eb917e19,e78f135624ce,-83,13.222395759,4.537994699,1.802946554,-0.131395759,0.022748675,-0.964251325,0.163542625,0.018425133,-0.120671157,0.011275398,-0.1972913,-0.000323542
1581251173.5613208,b827eb917e19,e78f135624ce,-76,13.057854692,4.376937598,1.812331625,-0.044507689,0.013,-0.988248718,0.376937598,0.016834188,-0.031673501,0.013917094,-0.387688879,-0.001
1581251174.020759,b827eb917e19,e78f135624ce,-76,12.900535488,4.253706452,1.835938708,-0.001,0.016764516,-0.995764516,0.545735466,0.017764516,0.001235484,0.016764516,-0.54897095,-0.00682258
1581251174.9260037,b827eb917e19,e78f135624ce,-77,12.523824247,4.145786227,1.754249402,0.002,0.018786227,-0.999,-0.222135585,0.011071258,-0.005893113,0.011071258,0.222099956,0.020821856
1581251175.3803732,b827eb917e19,e78f135624ce,-85,12.392691214,4.146291719,1.766316688,-0.004633375,2.4968e-05,-0.999658344,0.605584702,0.013658344,-0.007316688,0.013658344,-0.605584702,0.012683312
1581251175.8361592,b827eb917e19,e78f135624ce,-82,12.251404263,4.152,1.77286968,-0.012289893,-0.004,-1.0,0.874436163,0.016,-0.013289893,0.016,-0.874726057,0.008420213
1581251176.2884734,b827eb917e19,e78f135624ce,-77,12.108968822,4.166107015,1.787404677,-0.016900779,-0.002099221,-1.0,0.959610912,0.012198441,-0.016900779,0.012198441,-0.959610912,0.003198441
1581251176.7404747,b827eb917e19,e78f135624ce,-77,11.996837256,4.171747526,1.802810644,-0.006342204,0.000873763,-1.0,0.987126237,0.012531559,-0.006342204,0.012531559,-0.987126237,-0.000405322
1581251177.1991951,b827eb917e19,e78f135624ce,-72,11.918826522,4.165397474,1.801993685,0.004397474,-0.001602526,-1.0,0.996198737,0.014801263,0.004397474,0.014,-0.996198737,0.001602526
1581251178.1125998,b827eb917e19,e78f135624ce,-75,11.820342922,4.151794247,1.802259955,0.012602877,-0.001602877,-1.0,0.999,0.014931416,0.012602877,0.014931416,-0.999,0.002137169
1581251178.5690553,b827eb917e19,e78f135624ce,-82,11.80865076,4.147790456,1.797930152,0.013,-0.004,-1.0,1.0,0.013069848,0.013,0.013,-1.0,0.004
1581251179.0201242,b827eb917e19,e78f135624ce,-83,11.783357018,4.1727591,1.802116118,0.004883882,-0.001589254,-1.0,1.0,0.012,0.004883882,0.012,-1.0,0.002294627
1581251179.4800508,b827eb917e19,e78f135624ce,-73,11.780742597,4.211742597,1.824419134,-0.005742597,0.006580866,-1.0,1.0,0.014580866,-0.005742597,0.014580866,-1.0,-0.006580866
1581251179.929635,b827eb917e19,e78f135624ce,-74,11.778,4.202354133,1.829354133,-0.000118044,0.006118044,-1.0,1.0,0.015059022,-0.000118044,0.015059022,-1.0,-0.006177067
1581251180.3875809,b827eb917e19,e78f135624ce,-76,11.775729852,4.202189555,1.825554481,0.000905223,0.004094777,-1.0,1.0,0.017,0.001270148,0.017,-1.0,-0.004094777
1581251180.8473227,b827eb917e19,e78f135624ce,-84,11.768400822,4.197101233,1.832202465,0.003599178,0.007801644,-1.0,1.0,0.018700411,0.003599178,0.018700411,-1.0,-0.007801644
1581251181.302542,b827eb917e19,e78f135624ce,-81,11.767203771,4.204728306,1.833864153,6.7924e-05,0.007,-1.0,1.0,0.016,6.7924e-05,0.016,-1.0,-0.007
1581251181.7564168,b827eb917e19,e78f135624ce,-74,11.759113661,4.203845465,1.826113661,0.002154535,0.003422732,-1.0,1.0,0.015154535,0.002154535,0.015154535,-1.0,-0.003422732
1581251182.207089,b827eb917e19,e78f135624ce,-74,11.762604354,4.206021769,1.826197823,0.000989115,0.003,-1.0,1.0,0.014,0.001791292,0.014,-1.0,-0.003
1581251182.6625292,b827eb917e19,e78f135624ce,-73,11.756157023,4.193099158,1.816628091,0.006371909,0.0,-1.0,1.0,0.014685955,0.006371909,0.014685955,-1.0,0.0
1581251183.117396,b827eb917e19,e78f135624ce,-74,11.754466868,4.188334339,1.813734942,0.005066265,-0.000132529,-1.0,1.0,0.013466868,0.005066265,0.013466868,-1.0,0.000132529
1581251183.5731323,b827eb917e19,e78f135624ce,-80,11.75,4.203666035,1.815803996,-0.002588012,0.001,-1.0,1.0,0.015,-0.002588012,0.015,-1.0,-0.001
1581251184.0279176,b827eb917e19,e78f135624ce,-79,11.737514683,4.261882537,1.830742659,-0.003029366,0.008,-1.0,1.0,0.018742659,-0.002772024,0.018742659,-1.0,-0.008
1581251184.4863844,b827eb917e19,e78f135624ce,-74,11.74669269,4.387080552,1.817115862,-0.002423172,0.002846345,-1.0,1.0,0.022,-0.002423172,0.022,-1.0,-0.002846345
1581251185.8474224,b827eb917e19,e78f135624ce,-83,11.704,4.721716365,1.806502098,0.003098741,0.013,-0.999,0.083065172,0.00969958,0.031502098,0.01069958,-0.083065172,0.00569958
1581251186.3037045,b827eb917e19,e78f135624ce,-81,11.711,4.880876683,1.810117962,-0.003294905,0.008117962,-0.999,0.049815024,0.009941019,0.037882038,0.009941019,-0.049815024,0.008941019
1581251186.7655997,b827eb917e19,e78f135624ce,-70,11.716647906,5.01319764,1.800295811,0.012422773,0.003,-0.999,0.298370379,0.012943717,0.039943717,0.012943717,-0.298370379,0.009056283
1581251187.2207785,b827eb917e19,e78f135624ce,-71,11.707281475,5.242162777,1.886370499,-0.02631115,0.017340824,-0.99156295,0.293400173,0.01343705,-0.010496399,0.008718525,-0.297837223,-0.023466724
1581251187.6724722,b827eb917e19,e78f135624ce,-72,11.707485438,5.324375408,1.848161813,0.017330091,0.005,-0.995080906,0.366796074,0.010919094,0.034896435,0.009838187,-0.369715168,-0.001919094
1581251188.1287816,b827eb917e19,e78f135624ce,-78,11.698521905,5.521963832,1.722956189,0.008521905,-0.030868568,-0.995521905,0.32884182,0.009434284,0.023609526,0.008434284,-0.328363725,0.044956189
1581251188.57883,b827eb917e19,e78f135624ce,-71,11.699,5.710322191,1.771271199,0.004661001,0.0040678,-0.9960678,0.126440039,0.004796601,0.0280678,0.004728801,-0.124507839,0.0121356
1581251189.0377636,b827eb917e19,e78f135624ce,-77,11.70048012,5.890996996,1.754321081,0.00603976,-0.006839459,-0.99724006,0.003915975,0.00251988,0.03651988,0.00175994,-0.003156035,0.024319579
1581251189.4932373,b827eb917e19,e78f135624ce,-71,11.70111621,6.104025906,1.808441895,0.00211621,0.00723242,-0.997441895,0.04000592,0.00576758,0.029581051,0.00576758,-0.03900592,0.00011621
1581251189.9506042,b827eb917e19,e78f135624ce,-75,11.696862627,6.30979189,1.815115161,0.000373733,-0.005098986,-0.998,0.101618066,0.00641212,0.04658788,0.006274747,-0.101618066,0.006961613
1581251190.8642013,b827eb917e19,e78f135624ce,-71,11.696356911,6.693916281,1.818784555,-0.003784555,0.009070733,-0.998,0.048588588,0.004643089,0.048070733,0.005,-0.048231678,0.005643089
1581251190.8663568,b827eb917e19,e78f135624ce,-74,11.696374874,6.694868313,1.818874369,-0.003874369,0.009124622,-0.998,0.047259336,0.004625126,0.048124622,0.005,-0.046884462,0.005625126
1581251191.318651,b827eb917e19,e78f135624ce,-68,11.703979069,6.882953435,1.819125588,0.003686031,0.011041863,-0.997020931,0.148525404,0.002958137,0.064895344,0.003958137,-0.148525404,0.006
1581251191.7738914,b827eb917e19,e78f135624ce,-69,11.697712886,7.134390603,1.84746094,-0.020052753,0.008365235,-0.996,-0.064371287,0.00453906,0.082365235,0.004904295,0.065736522,0.000365235
1581251192.231484,b827eb917e19,e78f135624ce,-70,11.73246843,7.283810578,1.848223017,0.035308554,0.009074339,-0.997308554,0.664546818,0.012,0.067223017,0.013,-0.665238264,-0.005382893
1581251193.1412716,b827eb917e19,e78f135624ce,-72,11.764747491,7.648454832,1.826252509,0.020252509,0.002417503,-0.999582497,0.965407466,0.013417503,0.023670012,0.013417503,-0.965824969,-0.002
1581251193.5957448,b827eb917e19,e78f135624ce,-65,11.766593786,7.840561564,1.823593786,0.009390679,0.002,-1.0,0.988609321,0.014796893,0.010390679,0.014796893,-0.988812428,-0.002
1581251194.0522108,b827eb917e19,e78f135624ce,-67,11.761147394,8.019072487,1.824557818,-0.000705212,0.003705212,-1.0,0.996705212,0.013147394,-0.000557818,0.013147394,-0.996705212,-0.003705212
1581251194.5024357,b827eb917e19,e78f135624ce,-66,11.765939442,8.183137439,1.824530279,-0.006,0.003,-1.0,0.999,0.012530279,-0.005469721,0.012530279,-0.999,-0.003
1581251194.9566386,b827eb917e19,e78f135624ce,-70,11.765765129,8.339170764,1.819234871,-0.006882564,0.003,-1.0,1.0,0.011117436,-0.006882564,0.011117436,-1.0,-0.003
1581251195.4075863,b827eb917e19,e78f135624ce,-69,11.764,8.433087518,1.818689281,-0.008,0.002563094,-1.0,1.0,0.011281547,-0.008,0.011281547,-1.0,-0.002563094
1581251195.8638563,b827eb917e19,e78f135624ce,-72,11.770708072,8.488018613,1.818937892,-0.006708072,0.002645964,-1.0,1.0,0.013645964,-0.006708072,0.013,-1.0,-0.002645964
1581251196.7727852,b827eb917e19,e78f135624ce,-66,11.767373745,8.531626255,1.819373745,0.012252511,0.004,-1.0,1.0,0.010373745,0.012252511,0.010373745,-1.0,-0.004
1581251197.2290182,b827eb917e19,e78f135624ce,-68,11.767,8.537731098,1.815,0.015537804,0.003,-1.0,1.0,0.008268902,0.015537804,0.009,-1.0,-0.003
1581251197.680679,b827eb917e19,e78f135624ce,-70,11.759708377,8.557611169,1.820486038,0.010902792,0.003194415,-1.0,1.0,0.013,0.010902792,0.013,-1.0,-0.003194415
1581251198.13207,b827eb917e19,e78f135624ce,-68,11.764,8.552617325,1.819,0.015460892,0.003,-1.0,1.0,0.011,0.015460892,0.011,-1.0,-0.003
1581251198.5887647,b827eb917e19,e78f135624ce,-70,11.764067206,8.54933603,1.818731176,0.016865588,0.003865588,-1.0,1.0,0.01,0.016865588,0.01,-1.0,-0.002932794
1581251199.4970593,b827eb917e19,e78f135624ce,-66,11.765,8.553806699,1.814193301,0.017397767,0.002397767,-1.0,1.0,0.009397767,0.017397767,0.009397767,-1.0,-0.002397767
1581251199.9495323,b827eb917e19,e78f135624ce,-69,11.763708559,8.560408017,1.811766847,0.031825135,-5.8288e-05,-0.999,0.999,0.014825135,0.031825135,0.013883424,-1.0,0.001
1581251200.4027684,b827eb917e19,e78f135624ce,-74,11.736265388,8.57440503,1.809,0.019,-0.001,-1.0,1.0,0.012,0.019,0.012,-1.0,0.001
1581251200.855653,b827eb917e19,e78f135624ce,-71,11.672536764,8.572214052,1.811,0.023595316,-0.001404684,-1.0,1.0,0.012,0.023595316,0.012,-1.0,0.002202342
1581251201.3118608,b827eb917e19,e78f135624ce,-65,11.573052327,8.576150086,1.808600345,0.028399655,-0.006549741,-0.999150086,0.999150086,0.012150086,0.028399655,0.012,-1.0,0.006699828
1581251201.7626398,b827eb917e19,e78f135624ce,-69,11.451090951,8.557172255,1.817942582,0.046413872,-0.005,-0.999,0.999,0.013528709,0.046413872,0.013528709,-1.0,0.005528709
1581251202.22031,b827eb917e19,e78f135624ce,-67,11.314881554,8.556834582,1.819145677,0.050582709,-0.006,-0.998854323,0.998854323,0.012145677,0.050582709,0.011291355,-1.0,0.006145677
1581251202.6757042,b827eb917e19,e78f135624ce,-70,11.162411487,8.542641692,1.822,0.056,-0.003,-0.998,0.998,0.011213897,0.056,0.011,-1.0,0.003213897
1581251203.128468,b827eb917e19,e78f135624ce,-68,11.000946511,8.541784934,1.819,0.052607533,-0.004392467,-0.999,0.998392467,0.010392467,0.052607533,0.010392467,-1.0,0.004392467
1581251203.5895147,b827eb917e19,e78f135624ce,-68,10.823064353,8.546253584,1.821,0.049135712,-0.006,-0.999,0.999,0.010067856,0.049135712,0.01,-1.0,0.006067856
1581251204.0399878,b827eb917e19,e78f135624ce,-74,10.650145373,8.58536332,1.819,-0.011093438,0.002,-0.99668166,0.303781829,0.00204498,0.072501739,0.00236332,-0.301463489,0.00795502
1581251204.4992676,b827eb917e19,e78f135624ce,-70,10.431894326,8.588105284,1.816526288,0.018105284,0.002631572,-0.998368428,0.7106848,0.007368428,0.04815786,0.007368428,-0.710053228,0.001
1581251204.9558055,b827eb917e19,e78f135624ce,-68,10.198817291,8.586102314,1.822204629,-0.000306943,0.006034105,-0.999,-0.03496957,0.004,0.034965895,0.004965895,0.03496957,0.005034105
1581251205.4077764,b827eb917e19,e78f135624ce,-69,9.96361428,8.57608989,1.834273407,-0.011,0.010273407,-1.0,-0.685943745,0.002,0.022453186,0.002,0.686580448,0.010273407
1581251205.8694122,b827eb917e19,e78f135624ce,-67,9.70256491,8.569365997,1.817,0.001414992,0.010268007,-0.999,-0.349864316,-0.004682998,-0.020829984,-0.004682998,0.349864316,0.010268007
1581251206.3214054,b827eb917e19,e78f135624ce,-70,9.50221664,8.56,1.826693335,-0.009693335,0.014,-0.999,-0.792250037,-0.002076666,0.003540003,-0.002,0.792326703,0.014076666
1581251206.7776158,b827eb917e19,e78f135624ce,-69,9.303329494,8.555827018,1.833586491,-0.017586491,0.011413509,-1.0,-0.933902799,-0.003413509,0.015172982,-0.003413509,0.933902799,0.011413509
1581251207.2288632,b827eb917e19,e78f135624ce,-72,9.109788942,8.553803633,1.835607267,-0.021196367,0.009196367,-1.0,-0.978178199,-0.003607267,0.020196367,-0.002803633,0.979178199,0.009196367
1581251208.5891414,b827eb917e19,e78f135624ce,-66,8.524892257,8.554968134,1.836015933,-0.025,0.010968134,-1.0,-0.999,-0.003,0.025,-0.002015933,0.999,0.010984067
1581251209.0501602,b827eb917e19,e78f135624ce,-70,8.306662205,8.55241126,1.83458874,-0.023,0.01241126,-1.0,-0.999,-0.00158874,0.023,-0.00158874,1.0,0.01241126
1581251209.5099075,b827eb917e19,e78f135624ce,-66,8.082659011,8.559581889,1.832418111,-0.018163778,0.010581889,-1.0,-1.0,-0.003418111,0.018163778,-0.003418111,1.0,0.011163778
1581251210.4170904,b827eb917e19,e78f135624ce,-71,7.643664712,8.556369013,1.834583089,-0.017,0.006261975,-1.0,-1.0,-0.006630987,0.017,-0.006630987,1.0,0.006892962
1581251210.8702884,b827eb917e19,e78f135624ce,-69,7.426746656,8.54003612,1.84,-0.00927709,0.004,-1.0,-1.0,-0.00824097,0.00927709,-0.00824097,1.0,0.004
1581251211.3309412,b827eb917e19,e78f135624ce,-62,7.216653743,8.540598815,1.839919763,-8.0237e-05,0.005,-1.0,-1.0,-0.009160474,8.0237e-05,-0.009160474,1.0,0.005
1581251211.787868,b827eb917e19,e78f135624ce,-63,7.023401577,8.534411569,1.822823138,0.007588431,0.008588431,-1.0,-1.0,-0.009823138,-0.007588431,-0.009823138,1.0,0.008588431
1581251212.241418,b827eb917e19,e78f135624ce,-71,6.843674984,8.547386737,1.820080105,0.006768877,0.005,-1.0,-0.925853578,-0.008306632,-0.006768877,-0.008537754,0.925853578,0.007537754
1581251212.6946876,b827eb917e19,e78f135624ce,-76,6.726780718,8.59494121,1.829973251,-0.00430482,0.007139036,-1.0,-0.189651984,-0.000278072,-0.011139036,-0.000278072,0.189651984,0.002860964
1581251213.1512861,b827eb917e19,e78f135624ce,-67,6.576031471,8.577001431,1.806012875,0.006998569,0.011496424,-0.999,-0.383862671,-0.005496424,-0.019001431,-0.005995708,0.383862671,0.011496424
1581251213.6035433,b827eb917e19,e78f135624ce,-64,6.492362889,8.624608564,1.822202855,-0.008898573,0.011898573,-0.999,0.306058607,0.004,-0.014188581,0.004,-0.306058607,0.001
1581251214.062945,b827eb917e19,e78f135624ce,-64,6.39912276,8.63643734,1.82187468,-0.00131202,0.00565601,-1.0,0.697258321,0.01178133,-0.00031202,0.01178133,-0.697258321,-0.001
1581251215.8832784,b827eb917e19,e78f135624ce,-68,6.004015601,8.68053986,1.86565078,0.00760312,0.013,-1.0,0.99634922,0.01865078,0.00860312,0.01865078,-0.99634922,-0.013
1581251216.3396072,b827eb917e19,e78f135624ce,-69,5.971149327,8.701837098,1.862986425,0.006054301,0.012,-1.0,0.998986425,0.019986425,0.007040726,0.019986425,-0.998986425,-0.011986425
1581251216.7999246,b827eb917e19,e78f135624ce,-61,5.955550607,8.718130567,1.863681174,0.004956478,0.012,-1.0,0.999,0.020681174,0.004956478,0.021,-0.999,-0.012
1581251217.2565382,b827eb917e19,e78f135624ce,-69,5.933032152,8.729,1.858096457,0.003322616,0.009032152,-1.0,1.0,0.021,0.003322616,0.021,-1.0,-0.009032152
1581251217.707454,b827eb917e19,e78f135624ce,-68,5.911,8.743035618,1.852786294,-0.002964382,0.007,-1.0,0.895846701,0.019,0.00185753,0.019,-0.895846701,-0.007964382
1581251218.166376,b827eb917e19,e78f135624ce,-68,5.92609053,8.715318523,1.849636212,0.008045265,0.009409053,-1.0,0.964091364,0.018409053,0.010045265,0.018409053,-0.964500417,-0.009409053
1581251218.6184905,b827eb917e19,e78f135624ce,-70,5.910443775,8.724400602,1.856533133,0.003533133,0.012844378,-1.0,0.988466867,0.017844378,0.00437751,0.017844378,-0.988466867,-0.012844378
1581251219.0760188,b827eb917e19,e78f135624ce,-60,5.887086565,8.747456718,1.845637812,-0.005,0.009818906,-1.0,0.912386083,0.015,0.000362188,0.015,-0.912386083,-0.008818906
1581251219.527068,b827eb917e19,e78f135624ce,-60,5.911245946,8.712569595,1.851530743,0.004776689,0.011061486,-1.0,0.971754054,0.017938514,0.006307432,0.017938514,-0.971754054,-0.010530743
1581251220.4362967,b827eb917e19,e78f135624ce,-69,5.909292294,8.828692662,1.859707706,-0.020415413,0.012,-0.999292294,0.978246239,0.020707706,-0.020415413,0.020707706,-0.978953945,-0.012707706
1581251220.8865082,b827eb917e19,e78f135624ce,-66,5.917364781,8.926712085,1.861585604,-0.030878406,0.011292802,-0.999,0.992585604,0.020585604,-0.030878406,0.020292802,-0.992585604,-0.012
1581251221.3439133,b827eb917e19,e78f135624ce,-65,5.90648363,9.023909885,1.863114749,-0.033885251,0.012057374,-0.999,0.996942626,0.018172123,-0.032942626,0.018172123,-0.997942626,-0.012057374
1581251221.7999885,b827eb917e19,e78f135624ce,-66,5.94007114,9.146422907,1.870371544,-0.044023713,0.014185772,-0.999,0.998,0.018604743,-0.044023713,0.018,-0.999,-0.014790515
1581251222.2531548,b827eb917e19,e78f135624ce,-65,5.964222417,9.290001751,1.876755517,-0.047755517,0.017,-0.999,0.998,0.017244483,-0.047755517,0.017,-0.999,-0.018
1581251222.7126732,b827eb917e19,e78f135624ce,-66,5.975710043,9.459303048,1.891,-0.040217468,0.021072489,-0.999,0.999,0.016855021,-0.040217468,0.015927511,-0.999,-0.022
1581251224.0708756,b827eb917e19,e78f135624ce,-60,6.010481192,9.992875137,1.890703762,-0.042654128,0.017234587,-0.998,0.912196972,0.011234587,-0.047123303,0.010469174,-0.913962385,-0.019234587
1581251224.5243022,b827eb917e19,e78f135624ce,-58,5.935449719,10.100921656,1.865114125,-0.008706969,0.016814312,-0.999,-0.04048246,-0.003814312,-0.028814312,-0.003814312,0.04048246,0.002850094
1581251224.5266979,b827eb917e19,e78f135624ce,-58,5.935062733,10.10123493,1.86489299,-0.008467406,0.016851168,-0.999,-0.04584498,-0.003851168,-0.028851168,-0.003851168,0.04584498,0.002979089
1581251225.4275393,b827eb917e19,e78f135624ce,-55,5.827191629,10.539826358,1.887461086,-0.009766516,0.003904185,-0.994634728,-0.610975789,0.001,-0.010790384,-0.000634728,0.611975789,0.002269457
1581251225.881519,b827eb917e19,e78f135624ce,-56,5.86527084,10.54984194,1.823251226,0.031231612,0.007748774,-0.994502452,-0.402893272,0.006507355,-0.047487741,0.005507355,0.405642046,0.019492645
1581251226.336447,b827eb917e19,e78f135624ce,-59,5.88445923,10.790700583,1.810574038,0.007033269,-0.002425962,-0.997885192,-0.229960202,0.001574038,-0.019655577,0.00145923,0.230845395,0.012885192
1581251228.1477475,b827eb917e19,e78f135624ce,-63,5.827023818,11.579605798,1.839047636,-0.002,-0.011346566,-0.998,0.184971008,0.013669313,-0.006354505,0.014338626,-0.184301695,0.015322748
1581251229.0560322,b827eb917e19,e78f135624ce,-74,5.82297642,11.86991125,1.758604716,0.003952841,-0.008790568,-0.999,0.186418864,0.007604716,0.003952841,0.007,-0.186418864,0.025185852
1581251229.5161316,b827eb917e19,e78f135624ce,-75,5.830516835,12.027358278,1.673264462,0.008408632,-0.02,-0.996680288,0.020812368,0.005721151,-0.001605755,0.004721151,-0.019492656,0.04596633
1581251229.969799,b827eb917e19,e78f135624ce,-71,5.858942805,12.124741721,1.730872216,0.039271674,0.012613937,-0.987985701,-0.317411045,-0.003942805,0.006971403,-0.000914208,0.315439642,0.023671132
1581251231.3258796,b827eb917e19,e78f135624ce,-85,5.907273018,12.942247401,1.805088871,-0.04536189,-0.004180945,-0.997,-0.312647717,-0.004453963,0.045726982,-0.004726982,0.314374698,0.006273018
1581251231.7789578,b827eb917e19,e78f135624ce,-68,5.885267909,12.848819462,1.888464182,0.022973499,-0.011633954,-0.989098137,-0.428108902,-0.008267909,-0.004973499,-0.005633954,0.437010766,-0.009633954
1581251232.2381914,b827eb917e19,e78f135624ce,-82,5.874262288,13.08719991,1.878475425,-0.006367203,-0.002,-0.996052458,-0.377711708,-0.007895085,0.002052458,-0.006895085,0.381606793,-0.00179017
1581251232.6977007,b827eb917e19,e78f135624ce,-74,5.867158221,13.225668731,1.869474662,-0.007402966,0.003,-0.998,-0.449569821,-0.005841779,0.008877628,-0.005561186,0.450569821,0.000841779
1581251233.5995097,b827eb917e19,e78f135624ce,-72,5.860182496,13.351171305,1.82844505,-0.013543759,0.003638737,-0.999,-0.467620086,-0.006182496,0.008817504,-0.007091248,0.466711334,0.001638737
1581251234.0505614,b827eb917e19,e78f135624ce,-72,5.862806639,13.434613278,1.861226556,-0.023742185,0.002322268,-0.999,-0.605935546,-0.006,0.013677732,-0.006467773,0.605935546,-0.000209959
1581251234.9587362,b827eb917e19,e78f135624ce,-77,5.872679583,13.458661487,1.838868214,-0.017868214,0.007565893,-0.999,-0.466322974,-0.006622738,0.017490952,-0.006622738,0.466322974,0.006377262
1581251235.4113195,b827eb917e19,e78f135624ce,-83,5.87541623,13.476329837,1.847172786,-0.019832459,0.006497377,-0.999,-0.339882136,-0.00641623,0.011,-0.006832459,0.339882136,0.002497377
1581251235.871299,b827eb917e19,e78f135624ce,-73,5.892014591,13.510277359,1.802510943,-0.027007296,0.006661803,-0.999,-0.294131446,-0.011165451,0.019172746,-0.011248176,0.295131446,0.014413627
1581251236.3226457,b827eb917e19,e78f135624ce,-70,5.84727684,13.426191578,1.7660221,-0.010510527,0.02172316,-0.999,-0.533528445,-0.013106316,0.013808422,-0.012404211,0.53282634,0.022425265
1581251236.7784195,b827eb917e19,e78f135624ce,-83,5.825809522,13.425485721,1.784980949,-0.013590485,0.013276191,-0.997638096,-0.364704904,-0.008466669,0.050533331,-0.007828574,0.364981095,0.011190478
1581251237.232896,b827eb917e19,e78f135624ce,-80,5.799749594,13.388945564,1.823032662,0.046902015,0.010967338,-0.996989113,0.567911279,0.005978226,0.068087098,0.006978226,-0.569900392,-0.002
1581251237.6877415,b827eb917e19,e78f135624ce,-85,5.705485761,13.37420672,1.837,0.02555296,0.00579328,-0.996,0.278479204,0.00179328,0.08679328,0.00279328,-0.279479204,-0.00439664
1581251238.1441073,b827eb917e19,e78f135624ce,-75,5.585732589,13.357379944,1.856446797,0.034933147,0.010206685,-0.996,0.311823952,0.004793315,0.086759888,0.005793315,-0.313617266,-0.010206685
1581251238.1462555,b827eb917e19,e78f135624ce,-73,5.584951443,13.357321358,1.856583498,0.034737861,0.010226214,-0.996,0.308972766,0.004773786,0.086642716,0.005773786,-0.310746552,-0.010226214
1581251238.5942607,b827eb917e19,e78f135624ce,-72,5.437327033,13.362,1.868,0.019193652,0.010193652,-0.997806348,0.175257133,0.003193652,0.06496826,0.004193652,-0.175450784,-0.011
1581251239.0474553,b827eb917e19,e78f135624ce,-85,5.27300713,13.364695831,1.863304169,0.016080362,0.006888097,-0.998527976,0.199589966,0.003416072,0.051888097,0.003888097,-0.20006199,-0.006416072
1581251239.506553,b827eb917e19,e78f135624ce,-69,5.077927586,13.348820135,1.858640271,-0.008539594,0.004820135,-0.999,-0.508001172,-0.007359729,0.037100677,-0.006359729,0.508001172,-0.001820135
1581251240.8700914,b827eb917e19,e78f135624ce,-78,4.448600871,13.336019701,1.844980299,-0.00100985,0.00500985,-1.0,-0.983940898,-0.01300985,0.00200985,-0.01300985,0.983940898,0.004019701
1581251241.3268912,b827eb917e19,e78f135624ce,-78,4.237160943,13.331684319,1.844,0.001315681,0.00334216,-1.0,-0.99465784,-0.013,-0.001315681,-0.013,0.99465784,0.00334216
1581251241.7818503,b827eb917e19,e78f135624ce,-76,4.037808627,13.325688627,1.845,0.008622745,0.002,-1.0,-0.998311373,-0.011311373,-0.008311373,-0.011311373,0.998311373,0.002
1581251242.243138,b827eb917e19,e78f135624ce,-72,3.866347863,13.345013586,1.840918483,0.001,0.006040759,-1.0,-0.398214547,-0.007081517,-0.003,-0.007081517,0.398214547,0.002054345
1581251243.1522446,b827eb917e19,e78f135624ce,-73,3.523165498,13.351257272,1.808456369,-0.000771815,0.013771815,-1.0,-0.550445331,-0.015771815,0.000771815,-0.015771815,0.550445331,0.013771815
1581251243.6116395,b827eb917e19,e78f135624ce,-89,3.351443799,13.345,1.797775404,0.000925135,0.016224596,-1.0,-0.481561385,-0.015224596,0.004775404,-0.015224596,0.481561385,0.015299461
1581251244.0665226,b827eb917e19,e78f135624ce,-95,3.188142473,13.352156164,1.803734246,-0.003,0.015,-1.0,-0.320454801,-0.011421918,0.015156164,-0.010421918,0.320454801,0.009843836
1581251244.5269742,b827eb917e19,e78f135624ce,-71,3.010842033,13.340796587,1.793261362,-0.002630681,0.020095455,-0.999,-0.530519347,-0.015821592,0.017261362,-0.015095455,0.530245483,0.015369319
1581251245.4286945,b827eb917e19,e78f135624ce,-76,2.644249473,13.32361156,1.796343816,-0.009044624,0.015566936,-1.0,-0.95116532,-0.017566936,0.010044624,-0.017044624,0.95116532,0.014566936
1581251245.8814337,b827eb917e19,e78f135624ce,-75,2.451723756,13.311664608,1.801586935,-0.008083848,0.012748456,-1.0,-0.984335392,-0.011916152,0.009,-0.011916152,0.984335392,0.012748456
1581251246.335935,b827eb917e19,e78f135624ce,-75,2.27681178,13.299637045,1.823,-0.011182227,0.004,-1.0,-0.994727409,-0.011454818,0.011909636,-0.011454818,0.994727409,0.004
1581251246.7930467,b827eb917e19,e78f135624ce,-78,2.103317573,13.315192495,1.817025016,-0.021397498,0.004589994,-0.999602502,-0.998,-0.015794997,0.021397498,-0.015794997,0.998,0.005589994
1581251247.2474499,b827eb917e19,e78f135624ce,-71,1.9335688,13.319479029,1.802522443,-0.018826343,0.007130243,-0.999,-0.999,-0.019043414,0.018826343,-0.019043414,0.999,0.008130243
1581251247.6996872,b827eb917e19,e78f135624ce,-91,1.750915964,13.303589436,1.793789515,-0.009,0.008484194,-0.999,-0.999,-0.020621048,0.008621048,-0.020621048,0.999,0.008484194
1581251248.1527479,b827eb917e19,e78f135624ce,-74,1.591146084,13.320753185,1.794,-0.011639715,0.007,-1.0,-0.999,-0.019,0.011639715,-0.019,1.0,0.007
1581251248.604363,b827eb917e19,e78f135624ce,-77,1.405646068,13.314157528,1.784665506,-0.020807079,0.01364955,-0.999,-0.999,-0.020421236,0.02,-0.020421236,0.999192921,0.01364955
1581251249.0567458,b827eb917e19,e78f135624ce,-78,1.230321758,13.342806077,1.76633478,-0.033801736,0.018132176,-0.998533044,-0.999,-0.020533044,0.033268692,-0.02,0.999,0.018599132
1581251249.516933,b827eb917e19,e78f135624ce,-76,1.055236203,13.369365158,1.775547737,-0.025904525,0.013452263,-0.999,-0.999,-0.022182579,0.025087104,-0.022182579,0.999,0.013452263
1581251249.9698792,b827eb917e19,e78f135624ce,-73,0.85801093,13.084379847,1.834712382,0.065493937,-0.00436772,-0.982827669,-0.983023057,-0.026195389,-0.065493937,-0.021,0.999,-0.00636772
1581251250.4265509,b827eb917e19,e78f135624ce,-78,0.700563864,13.19455368,1.762376491,0.013482107,0.010247018,-0.993376491,-0.993752982,-0.024247018,-0.013482107,-0.023247018,0.999,0.010247018
1581251250.8794174,b827eb917e19,e78f135624ce,-79,0.553661541,13.272864685,1.794270631,-0.007,0.000924825,-0.99596993,-0.996984965,-0.02596993,0.007,-0.025984965,0.997984965,0.000924825
1581251251.3318317,b827eb917e19,e78f135624ce,-94,0.424337756,13.314905394,1.786135275,-0.016143236,0.00504863,-0.995762158,-0.997381079,-0.026,0.016143236,-0.027618921,0.997381079,0.005429709
1581251251.783139,b827eb917e19,e78f135624ce,-85,0.319533826,13.275485029,1.761601478,-0.004665435,0.009733087,-0.995244362,-0.996,-0.026244362,0.004665435,-0.027244362,0.998,0.009733087
