1581251155.3906248,000000000102,e78f135624ce,-85,17.96,4.45,1.64,0.014,-0.01,-0.997,1.002,0.002,0.014,0.001,-0.997,0.015
1581251155.8436162,000000000102,e78f135624ce,-73,17.955962596,4.401663365,1.677261828,0.014,-0.001962596,-0.999,1.001,0.008037404,0.014,0.008037404,-0.999,0.003962596
1581251156.299627,000000000102,e78f135624ce,-75,17.953152125,4.340957498,1.729521251,0.01430425,0.002847875,-1.0,1.0,0.012,0.01430425,0.012,-1.0,-0.002
1581251156.7536268,000000000102,e78f135624ce,-74,17.947640274,4.283201372,1.772438903,0.01757315,0.004786575,-1.0,1.0,0.011,0.01757315,0.011,-1.0,-0.004
1581251157.661676,000000000102,e78f135624ce,-77,17.9230736,4.233632001,1.809441599,0.0160736,0.0010736,-1.0,1.0,0.0089264,0.0160736,0.0089264,-1.0,-0.0010736
1581251158.1126316,000000000102,e78f135624ce,-76,17.928,4.212521858,1.824943443,0.018943443,0.004647814,-1.0,1.0,0.010647814,0.018943443,0.011295628,-1.0,-0.004
1581251158.569657,000000000102,e78f135624ce,-73,17.928514274,4.189200042,1.833485726,0.022514274,0.005742863,-1.0,1.0,0.013257137,0.022514274,0.013257137,-1.0,-0.005485726
1581251159.019627,000000000102,e78f135624ce,-73,17.924465963,4.178,1.835155321,0.031378716,0.005155321,-0.999155321,0.999,0.014,0.031378716,0.014,-1.0,-0.005155321
1581251159.4816298,000000000102,e78f135624ce,-76,17.894827676,4.182159432,1.838293081,0.041987108,0.005,-0.999,0.999,0.01142673,0.041987108,0.01142673,-1.0,-0.00457327
1581251159.9326289,000000000102,e78f135624ce,-77,17.825311466,4.187446527,1.839,0.024660419,0.003776736,-1.0,0.999223264,0.012,0.024660419,0.012776736,-1.0,-0.003
1581251160.383629,000000000102,e78f135624ce,-78,17.73624215,4.200306428,1.847537619,0.006924763,0.005,-1.0,1.0,0.012,0.006924763,0.012,-1.0,-0.005
1581251162.193629,000000000102,e78f135624ce,-78,17.207082229,4.159255606,1.842751869,-0.000511213,0.003248131,-1.0,1.0,0.014496262,-0.000511213,0.014496262,-1.0,-0.003248131
1581251162.6546044,000000000102,e78f135624ce,-72,17.041481423,4.14628198,1.83528198,0.021661624,0.005056396,-1.0,0.999056396,0.016943604,0.02171802,0.017,-1.0,-0.004056396
1581251162.6576977,000000000102,e78f135624ce,-71,17.040347233,4.146153095,1.835153095,0.021816286,0.005030619,-1.0,0.999030619,0.016969381,0.021846905,0.017,-1.0,-0.004030619
1581251163.112648,000000000102,e78f135624ce,-84,16.874271493,4.1502181,1.8352181,0.026593967,0.007406033,-1.0,0.999,0.015,0.027187934,0.015,-1.0,-0.007
1581251163.5691967,000000000102,e78f135624ce,-77,16.709870133,4.151,1.839536256,0.021536256,0.008768128,-1.0,1.0,0.012463744,0.022304383,0.013231872,-1.0,-0.008768128
1581251164.0186102,000000000102,e78f135624ce,-78,16.546054176,4.149649818,1.838,0.016175091,0.006175091,-1.0,1.0,0.014824909,0.016175091,0.014824909,-1.0,-0.006175091
1581251164.4686048,000000000102,e78f135624ce,-80,16.386509401,4.147,1.838320757,0.021440252,0.004440252,-1.0,1.0,0.015559748,0.021440252,0.016,-1.0,-0.004440252
1581251164.919611,000000000102,e78f135624ce,-78,16.226274785,4.142,1.838,0.022809869,0.003,-1.0,1.0,0.016,0.022809869,0.016,-1.0,-0.002936623
1581251165.3786144,000000000102,e78f135624ce,-78,16.081646204,4.155635102,1.83872702,-0.002816163,0.002,-1.0,1.0,0.01772702,-0.002816163,0.01772702,-1.0,-0.00172702
1581251165.8326058,000000000102,e78f135624ce,-83,15.918788397,4.159251079,1.827594694,-0.013938309,0.007718076,-1.0,0.323615633,0.01431277,-0.013969155,0.01431277,-0.324272018,0.007061691
1581251166.2845917,000000000102,e78f135624ce,-74,15.725816466,4.13815647,1.811208627,-0.014739216,0.017947843,-1.0,-0.578020014,0.011,0.005582746,0.011,0.577967858,0.017895686
1581251166.7376325,000000000102,e78f135624ce,-71,15.556188754,4.128240142,1.805759858,-0.004307046,0.014653523,-1.0,-0.093096651,0.013173238,0.016173238,0.013586619,0.09268327,0.013653523
1581251167.195616,000000000102,e78f135624ce,-80,15.393748389,4.1207554,1.816978401,0.015733801,0.007,-1.0,0.655460025,0.0167554,0.0222446,0.0167554,-0.655460025,0.0015108
1581251167.646726,000000000102,e78f135624ce,-72,15.230592135,4.101932022,1.80666573,0.000532584,0.016600562,-1.0,-0.210985394,0.011133146,0.019399438,0.011266292,0.210985394,0.01333427
1581251168.1035933,000000000102,e78f135624ce,-80,15.062636721,4.095050521,1.788575781,-0.018424219,0.02447474,-0.999,-0.744504423,0.00752526,0.025,0.008050521,0.744504423,0.02347474
1581251168.5645778,000000000102,e78f135624ce,-81,14.896357531,4.087120053,1.78451979,-0.010720315,0.021240105,-0.999,-0.606205779,0.008,0.029120053,0.009,0.606205779,0.020240105
1581251169.0165942,000000000102,e78f135624ce,-78,14.715669075,4.104006347,1.767248413,-0.034006347,0.027248413,-0.999,-0.873318231,0.006248413,0.039751587,0.008,0.873318231,0.027248413
1581251169.9186463,000000000102,e78f135624ce,-81,14.395298086,4.11115588,1.75779216,-0.03815588,0.025,-0.999,-0.850130355,0.00705196,0.04310392,0.00805196,0.850130355,0.024
1581251170.3755958,000000000102,e78f135624ce,-77,14.206454873,4.135855596,1.747144404,-0.052,0.026,-0.998,-0.94989651,0.006381468,0.054381468,0.008,0.95089651,0.025618532
1581251170.8305857,000000000102,e78f135624ce,-75,14.02655797,4.138269658,1.73702621,-0.049269658,0.028486895,-0.998,-0.98297379,0.005243447,0.050269658,0.006243447,0.98397379,0.028243447
1581251171.28162,000000000102,e78f135624ce,-75,13.839596926,4.151088369,1.733392246,-0.051,0.026455816,-0.998,-0.993696123,0.003303877,0.051,0.004455816,0.994696123,0.026455816
1581251171.7415872,000000000102,e78f135624ce,-75,13.656454051,4.156780816,1.745320933,-0.044919767,0.019839533,-0.999,-0.997540117,0.002,0.044919767,0.002459883,0.998,0.01937965
1581251172.2025898,000000000102,e78f135624ce,-72,13.482795896,4.126917674,1.74372041,-0.025397948,0.021039453,-0.999,-0.895260896,0.00472041,0.029519726,0.00572041,0.895260896,0.021519726
1581251172.6546018,000000000102,e78f135624ce,-70,13.335170793,4.103279502,1.752204977,-0.006279502,0.021,-0.999,-0.317434713,0.01,0.022419254,0.010860249,0.317434713,0.016257761
1581251173.1055877,000000000102,e78f135624ce,-74,13.221542474,4.536928093,1.80225326,-0.130542474,0.022482023,-0.964517977,0.167089091,0.018451798,-0.119897867,0.011355393,-0.200571114,-3.0226e-05
1581251173.5605814,000000000102,e78f135624ce,-73,13.058162749,4.377239494,1.81230698,-0.04461859,0.013,-0.988230235,0.377239494,0.01684651,-0.03177208,0.013923255,-0.388009259,-0.001
1581251174.0195794,000000000102,e78f135624ce,-71,12.900825874,4.253733676,1.835820739,-0.001,0.016755441,-0.995755441,0.544337982,0.017755441,0.001244559,0.016755441,-0.54758254,-0.006777207
1581251174.4765728,000000000102,e78f135624ce,-77,12.707522723,4.184535225,1.770575379,-0.000726136,0.025150757,-0.998,-0.200607593,0.013301515,-0.000273864,0.013301515,0.199032214,0.020575379
1581251174.9285886,000000000102,e78f135624ce,-79,12.523168072,4.145666922,1.754388591,0.002,0.018666922,-0.999,-0.215514182,0.011111026,-0.005833461,0.011111026,0.215458669,0.020722435
1581251175.383583,000000000102,e78f135624ce,-72,12.391541024,4.146425462,1.766370185,-0.00474037,-5.5277e-05,-0.999685092,0.609062021,0.013685092,-0.007370185,0.013685092,-0.609062021,0.012629815
1581251176.2865932,000000000102,e78f135624ce,-78,12.109547335,4.16597685,1.7873179,-0.016886317,-0.002113683,-1.0,0.959408433,0.012227367,-0.016886317,0.012227367,-0.959408433,0.003227367
1581251176.739577,000000000102,e78f135624ce,-84,11.99698226,4.171802766,1.802852074,-0.006376729,0.000901383,-1.0,0.987098617,0.012524654,-0.006376729,0.012524654,-0.987098617,-0.000426037
1581251177.197587,000000000102,e78f135624ce,-72,11.919067741,4.165374501,1.801936252,0.004374501,-0.001625499,-1.0,0.99618725,0.01481275,0.004374501,0.014,-0.99618725,0.001625499
1581251177.6545684,000000000102,e78f135624ce,-81,11.854749667,4.156305519,1.803305519,0.012847241,-0.001847241,-1.0,0.998847241,0.014,0.012847241,0.014,-0.998847241,0.001847241
1581251178.1155465,000000000102,e78f135624ce,-71,11.820075048,4.151954971,1.802447467,0.012522514,-0.001522514,-1.0,0.999,0.01498499,0.012522514,0.01498499,-0.999,0.002030019
1581251178.567578,000000000102,e78f135624ce,-72,11.808717907,4.147830744,1.797943581,0.013,-0.004,-1.0,1.0,0.013056419,0.013,0.013,-1.0,0.004
1581251179.01963,000000000102,e78f135624ce,-74,11.78338526,4.172720267,1.802105527,0.004894473,-0.001596315,-1.0,1.0,0.012,0.004894473,0.012,-1.0,0.002298158
1581251179.4785554,000000000102,e78f135624ce,-77,11.78077464,4.21177464,1.824408453,-0.00577464,0.006591547,-1.0,1.0,0.014591547,-0.00577464,0.014591547,-1.0,-0.006591547
1581251179.928569,000000000102,e78f135624ce,-80,11.778,4.202308449,1.829308449,-0.000102816,0.006102816,-1.0,1.0,0.015051408,-0.000102816,0.015051408,-1.0,-0.006154224
1581251180.3906648,000000000102,e78f135624ce,-71,11.775678453,4.202035358,1.825374584,0.000982321,0.004017679,-1.0,1.0,0.017,0.001321547,0.017,-1.0,-0.004017679
1581251181.301635,000000000102,e78f135624ce,-75,11.7672247,4.2047004,1.8338502,7.49e-05,0.007,-1.0,1.0,0.016,7.49e-05,0.016,-1.0,-0.007
1581251181.7545247,000000000102,e78f135624ce,-72,11.759186434,4.203874574,1.826186434,0.002125426,0.003437287,-1.0,1.0,0.015125426,0.002125426,0.015125426,-1.0,-0.003437287
1581251182.2055576,000000000102,e78f135624ce,-72,11.762627913,4.206139566,1.826186043,0.000930217,0.003,-1.0,1.0,0.014,0.001744173,0.014,-1.0,-0.003
1581251182.6605296,000000000102,e78f135624ce,-78,11.756173686,4.193215803,1.816694744,0.006305256,0.0,-1.0,1.0,0.014652628,0.006305256,0.014652628,-1.0,0.0
1581251183.1198559,000000000102,e78f135624ce,-69,11.754487366,4.188436829,1.813898926,0.005025268,-5.0537e-05,-1.0,1.0,0.013487366,0.005025268,0.013487366,-1.0,5.0537e-05
1581251183.5755534,000000000102,e78f135624ce,-71,11.75,4.20400903,1.815763644,-0.002709069,0.001,-1.0,1.0,0.015,-0.002709069,0.015,-1.0,-0.001
1581251184.0265648,000000000102,e78f135624ce,-74,11.737535495,4.26171604,1.830732253,-0.00307099,0.008,-1.0,1.0,0.018732253,-0.002803242,0.018732253,-1.0,-0.008
1581251184.4845273,000000000102,e78f135624ce,-70,11.74663555,4.386537725,1.817044438,-0.002408888,0.002817775,-1.0,1.0,0.022,-0.002408888,0.022,-1.0,-0.002817775
1581251184.9445024,000000000102,e78f135624ce,-80,11.705393981,4.570404013,1.766,-0.027989968,0.026101003,-0.996101003,0.443920429,0.01669699,0.039090971,0.01869699,-0.442021432,0.017898997
1581251184.9475124,000000000102,e78f135624ce,-74,11.705255056,4.570496629,1.766,-0.027758427,0.026124157,-0.996124157,0.439775846,0.016627528,0.038882584,0.018627528,-0.437900004,0.017875843
1581251185.3975134,000000000102,e78f135624ce,-76,11.694589226,4.582535358,1.787742762,0.007307072,0.019846464,-0.998,0.12285524,0.011717845,0.016589226,0.013,-0.12185524,0.007846464
1581251185.8495758,000000000102,e78f135624ce,-74,11.704,4.72241622,1.806591823,0.003044906,0.013,-0.999,0.081575738,0.009681635,0.031591823,0.010681635,-0.081575738,0.005681635
1581251187.2195241,000000000102,e78f135624ce,-78,11.707272516,5.241902953,1.886549687,-0.026364906,0.017457297,-0.991545031,0.293642078,0.013454969,-0.01063975,0.008727484,-0.298097047,-0.023547359
1581251187.6715333,000000000102,e78f135624ce,-72,11.70753665,5.324520509,1.848178883,0.017048423,0.005,-0.995089442,0.36487561,0.010910558,0.034674515,0.009821117,-0.367786169,-0.001910558
1581251188.1315377,000000000102,e78f135624ce,-77,11.698546961,5.52306628,1.722906078,0.008546961,-0.030718234,-0.995546961,0.324657527,0.009359117,0.023734805,0.008359117,-0.324204487,0.044906078
1581251188.5815337,000000000102,e78f135624ce,-74,11.699,5.711526552,1.771369514,0.004538107,0.004092379,-0.996092379,0.121524276,0.004722864,0.028092379,0.004630486,-0.119616655,0.012184757
1581251189.0365324,000000000102,e78f135624ce,-75,11.700497709,5.890557284,1.754479378,0.006004583,-0.006760311,-0.997248854,0.003326761,0.002502291,0.036502291,0.001751146,-0.002575615,0.02425802
1581251189.4915023,000000000102,e78f135624ce,-76,11.701140996,6.103071672,1.808429502,0.002140996,0.007281991,-0.997429502,0.037874384,0.005718009,0.029704978,0.005718009,-0.036874384,0.000140996
1581251189.949509,000000000102,e78f135624ce,-73,11.69687045,6.309291184,1.815279455,0.000295497,-0.005036398,-0.998,0.099646536,0.006388649,0.046611351,0.006259099,-0.099646536,0.006906848
1581251190.4095416,000000000102,e78f135624ce,-78,11.698530506,6.492145841,1.800734747,0.003387276,-0.000795759,-0.998,0.107586296,0.005530506,0.054530506,0.005530506,-0.108321043,0.012
1581251191.317515,000000000102,e78f135624ce,-74,11.70397033,6.882516488,1.819178021,0.003554946,0.01105934,-0.99702967,0.147074739,0.00294066,0.064851649,0.00394066,-0.147074739,0.006
1581251191.7724779,000000000102,e78f135624ce,-73,11.697615022,7.133955654,1.847504435,-0.020411585,0.008376109,-0.996,-0.068133591,0.004495565,0.082376109,0.004871674,0.0695097,0.000376109
1581251192.2305102,000000000102,e78f135624ce,-79,11.73240851,7.283451058,1.848290427,0.035301064,0.009096809,-0.997301064,0.663805308,0.012,0.067290427,0.013,-0.664504244,-0.005397873
1581251192.6824806,000000000102,e78f135624ce,-78,11.750703622,7.460776608,1.834296378,0.028444568,0.004148189,-0.998925905,0.89311031,0.013925905,0.038666851,0.014,-0.893184405,-0.003074095
1581251193.1445096,000000000102,e78f135624ce,-80,11.76482844,7.649911916,1.82617156,0.02017156,0.00239052,-0.99960948,0.965704279,0.01339052,0.02356208,0.01339052,-0.966094799,-0.002
1581251194.0505068,000000000102,e78f135624ce,-77,11.761160501,8.018456434,1.824518496,-0.000678997,0.003678997,-1.0,0.996678997,0.013160501,-0.000518496,0.013160501,-0.996678997,-0.003678997
1581251194.501501,000000000102,e78f135624ce,-82,11.765925063,8.182813924,1.824537468,-0.006,0.003,-1.0,0.999,0.012537468,-0.005462532,0.012537468,-0.999,-0.003
1581251195.4064956,000000000102,e78f135624ce,-73,11.764,8.432896634,1.818743819,-0.008,0.002581273,-1.0,1.0,0.011290636,-0.008,0.011290636,-1.0,-0.002581273
1581251195.8624706,000000000102,e78f135624ce,-73,11.770684977,8.487822306,1.818972534,-0.006684977,0.002657511,-1.0,1.0,0.013657511,-0.006684977,0.013,-1.0,-0.002657511
1581251196.3224957,000000000102,e78f135624ce,-71,11.768990636,8.528037456,1.819,-0.001953181,0.003009364,-1.0,1.0,0.011990636,-0.001953181,0.011990636,-1.0,-0.003009364
1581251196.7755096,000000000102,e78f135624ce,-71,11.767352788,8.531647212,1.819352788,0.012294425,0.004,-1.0,1.0,0.010352788,0.012294425,0.010352788,-1.0,-0.004
1581251197.2274895,000000000102,e78f135624ce,-82,11.767,8.537742018,1.815,0.015515965,0.003,-1.0,1.0,0.008257982,0.015515965,0.009,-1.0,-0.003
1581251197.6794796,000000000102,e78f135624ce,-85,11.759675664,8.557567552,1.82054056,0.010891888,0.003216224,-1.0,1.0,0.013,0.010891888,0.013,-1.0,-0.003216224
1581251198.1304798,000000000102,e78f135624ce,-83,11.764,8.552660695,1.819,0.015446435,0.003,-1.0,1.0,0.011,0.015446435,0.011,-1.0,-0.003
1581251198.5874808,000000000102,e78f135624ce,-71,11.764055534,8.549277671,1.818777863,0.016888932,0.003888932,-1.0,1.0,0.01,0.016888932,0.01,-1.0,-0.002944466
1581251199.047496,000000000102,e78f135624ce,-72,11.763241971,8.564725913,1.813241971,0.012516058,0.001758029,-1.0,1.0,0.010241971,0.012516058,0.010241971,-1.0,-0.001
1581251199.4994898,000000000102,e78f135624ce,-70,11.765,8.553754618,1.814245382,0.017415127,0.002415127,-1.0,1.0,0.009415127,0.017415127,0.009415127,-1.0,-0.002415127
1581251199.9524786,000000000102,e78f135624ce,-82,11.763603331,8.560555336,1.811682665,0.031761999,-7.9334e-05,-0.999,0.999,0.014761999,0.031761999,0.013841333,-1.0,0.001
1581251201.3104615,000000000102,e78f135624ce,-75,11.573342946,8.57616085,1.808643399,0.028356601,-0.00651745,-0.99916085,0.99916085,0.01216085,0.028356601,0.012,-1.0,0.0066783
1581251201.7614908,000000000102,e78f135624ce,-75,11.451426795,8.557225283,1.817924906,0.046387358,-0.005,-0.999,0.999,0.013537547,0.046387358,0.013537547,-1.0,0.005537547
1581251202.2184787,000000000102,e78f135624ce,-71,11.315473202,8.556947277,1.81913159,0.050526362,-0.006,-0.99886841,0.99886841,0.01213159,0.050526362,0.011263181,-1.0,0.00613159
1581251202.6724808,000000000102,e78f135624ce,-72,11.163593409,8.542722278,1.822,0.056,-0.003,-0.998,0.998,0.011240759,0.056,0.011,-1.0,0.003240759
1581251203.1315808,000000000102,e78f135624ce,-69,10.999753272,8.541836814,1.819,0.052581593,-0.004418407,-0.999,0.998418407,0.010418407,0.052581593,0.010418407,-1.0,0.004418407
1581251203.589255,000000000102,e78f135624ce,-80,10.823189845,8.546277384,1.821,0.049131385,-0.006,-0.999,0.999,0.010065692,0.049131385,0.01,-1.0,0.006065692
1581251204.0384555,000000000102,e78f135624ce,-77,10.650817234,8.585339746,1.819,-0.011282031,0.002,-0.996669873,0.30107081,0.002009619,0.072631396,0.002339746,-0.298740683,0.007990381
1581251204.4974525,000000000102,e78f135624ce,-77,10.432732054,8.588063397,1.816582137,0.018063397,0.002645534,-0.998354466,0.709484055,0.007354466,0.048227671,0.007354466,-0.708838521,0.001
1581251204.9525564,000000000102,e78f135624ce,-77,10.20041688,8.586027334,1.822054667,-8.2001e-05,0.006009111,-0.999,-0.028396259,0.004,0.034990889,0.004990889,0.028396259,0.005009111
1581251205.4104724,000000000102,e78f135624ce,-69,9.962153925,8.576022489,1.834318341,-0.011,0.010318341,-1.0,-0.688235379,0.002,0.022363318,0.002,0.688894549,0.010318341
1581251205.869405,000000000102,e78f135624ce,-69,9.702568188,8.569366116,1.817,0.00141529,0.010267768,-0.999,-0.349852872,-0.004683058,-0.02083058,-0.004683058,0.349852872,0.010267768
1581251206.3206165,000000000102,e78f135624ce,-72,9.502550416,8.56,1.826669061,-0.009669061,0.014,-0.999,-0.791794887,-0.002082735,0.003503591,-0.002,0.791877622,0.014082735
1581251206.7755005,000000000102,e78f135624ce,-77,9.304208136,8.555859561,1.83357022,-0.01757022,0.01142978,-1.0,-0.933544834,-0.00342978,0.015140439,-0.00342978,0.933544834,0.01142978
1581251207.2274585,000000000102,e78f135624ce,-69,9.11031071,8.553813668,1.835627335,-0.021186332,0.009186332,-1.0,-0.978117995,-0.003627335,0.020186332,-0.002813668,0.979117995,0.009186332
1581251207.6874478,000000000102,e78f135624ce,-77,8.918835485,8.554746834,1.831746834,-0.023873417,0.008126583,-1.0,-0.992746834,-0.005126583,0.023746834,-0.004253166,0.993620251,0.008253166
1581251208.141148,000000000102,e78f135624ce,-81,8.725111938,8.55990502,1.834,-0.02745251,0.00745251,-1.0,-0.99745251,-0.00445251,0.02745251,-0.00445251,0.99745251,0.00745251
1581251208.5925117,000000000102,e78f135624ce,-73,8.523388738,8.554906757,1.836020721,-0.024968919,0.01098964,-1.0,-0.999,-0.003,0.024958558,-0.00201036,0.999,0.01098964
1581251209.048442,000000000102,e78f135624ce,-78,8.307398612,8.552386713,1.834613287,-0.023,0.012386713,-1.0,-0.999,-0.001613287,0.023,-0.001613287,1.0,0.012386713
1581251209.508449,000000000102,e78f135624ce,-83,8.083315293,8.559592306,1.832407694,-0.018184612,0.010592306,-1.0,-1.0,-0.003407694,0.018184612,-0.003407694,1.0,0.011184612
1581251209.9650278,000000000102,e78f135624ce,-77,7.855245017,8.560804916,1.837,-0.015,0.007902458,-1.0,-1.0,-0.005,0.015,-0.005,1.0,0.007902458
1581251210.4194572,000000000102,e78f135624ce,-70,7.642560213,8.55634929,1.834445027,-0.017,0.006301421,-1.0,-1.0,-0.00665071,0.017,-0.00665071,1.0,0.006952131
1581251210.873448,000000000102,e78f135624ce,-69,7.42529854,8.539930803,1.84,-0.009198102,0.004,-1.0,-1.0,-0.008267299,0.009198102,-0.008267299,1.0,0.004
1581251211.3294444,000000000102,e78f135624ce,-78,7.217321542,8.540541246,1.839908249,-9.1751e-05,0.005,-1.0,-1.0,-0.009183501,9.1751e-05,-0.009183501,1.0,0.005
1581251211.786446,000000000102,e78f135624ce,-70,7.023970348,8.534422507,1.822845013,0.007577493,0.008577493,-1.0,-1.0,-0.009845013,-0.007577493,-0.009845013,1.0,0.008577493
1581251212.2394464,000000000102,e78f135624ce,-74,6.844418081,8.547295745,1.819943618,0.006784042,0.005,-1.0,-0.925535108,-0.008352127,-0.006784042,-0.008568085,0.925535108,0.007568085
1581251212.69344,000000000102,e78f135624ce,-71,6.726988659,8.594712475,1.830046031,-0.004252835,0.007149433,-1.0,-0.192542363,-0.000298866,-0.011149433,-0.000298866,0.192542363,0.002850567
1581251213.1534543,000000000102,e78f135624ce,-67,6.575236472,8.576965294,1.805687648,0.007034706,0.011586765,-0.999,-0.38733176,-0.005586765,-0.018965294,-0.006104117,0.38733176,0.011586765
1581251214.0624545,000000000102,e78f135624ce,-74,6.39922839,8.636444885,1.82188977,-0.001334655,0.005667328,-1.0,0.69686598,0.011777557,-0.000334655,0.011777557,-0.69686598,-0.001
1581251214.5194366,000000000102,e78f135624ce,-69,6.268047117,8.639766744,1.853699767,0.004446651,0.013786605,-1.0,0.903952883,0.015446651,0.005,0.015446651,-0.903952883,-0.012233256
1581251214.9734335,000000000102,e78f135624ce,-71,6.156309339,8.639278344,1.866278344,0.013278344,0.014092781,-1.0,0.969742251,0.018,0.014185563,0.018,-0.969742251,-0.013092781
1581251215.433448,000000000102,e78f135624ce,-72,6.07358477,8.646905711,1.86313841,0.016465397,0.012301904,-1.0,0.990301904,0.017767301,0.016465397,0.018,-0.990301904,-0.012069205
1581251216.3384175,000000000102,e78f135624ce,-79,5.971249994,8.701727279,1.862977273,0.006090907,0.012,-1.0,0.998977273,0.019977273,0.00706818,0.019977273,-0.998977273,-0.011977273
1581251216.7984157,000000000102,e78f135624ce,-74,5.955643466,8.718026101,1.863669567,0.0049913,0.012,-1.0,0.999,0.020669567,0.0049913,0.021,-0.999,-0.012
1581251217.2584229,000000000102,e78f135624ce,-74,5.932991766,8.729,1.857975298,0.003336078,0.008991766,-1.0,1.0,0.021,0.003336078,0.021,-1.0,-0.008991766
1581251217.7094219,000000000102,e78f135624ce,-72,5.911,8.743017728,1.852893635,-0.002982272,0.007,-1.0,0.893914572,0.019,0.00192909,0.019,-0.893914572,-0.007982272
1581251218.6174257,000000000102,e78f135624ce,-79,5.910540573,8.724313484,1.856562172,0.003562172,0.012854057,-1.0,0.988437828,0.017854057,0.004416229,0.017854057,-0.988437828,-0.012854057
1581251219.0734313,000000000102,e78f135624ce,-77,5.88719746,8.74740127,1.845600847,-0.005,0.009800423,-1.0,0.911813124,0.015,0.000399153,0.015,-0.911813124,-0.008800423
1581251219.52556,000000000102,e78f135624ce,-76,5.911332117,8.712418796,1.851541515,0.004873631,0.011083029,-1.0,0.971667883,0.017916971,0.006415146,0.017916971,-0.971667883,-0.010541515
1581251219.9784827,000000000102,e78f135624ce,-80,5.91751112,8.742933282,1.853977761,-0.01236666,0.01036666,-1.0,0.935199962,0.01812222,-0.01136666,0.01812222,-0.935199962,-0.00948888
1581251220.4384243,000000000102,e78f135624ce,-66,5.909274563,8.829135923,1.859725437,-0.020450874,0.012,-0.999274563,0.978352621,0.020725437,-0.020450874,0.020725437,-0.979078058,-0.012725437
1581251220.8894203,000000000102,e78f135624ce,-67,5.917146377,8.927682768,1.861634138,-0.030951208,0.011317069,-0.999,0.992634138,0.020634138,-0.030951208,0.020317069,-0.992634138,-0.012
1581251221.7984204,000000000102,e78f135624ce,-82,5.939890208,9.145855986,1.870443917,-0.043963403,0.014221958,-0.999,0.998,0.018592681,-0.043963403,0.018,-0.999,-0.014814639
1581251222.7114127,000000000102,e78f135624ce,-69,5.975668026,9.458767327,1.891,-0.040248981,0.021082994,-0.999,0.999,0.016834013,-0.040248981,0.015917006,-0.999,-0.022
1581251223.1633868,000000000102,e78f135624ce,-69,5.971,9.602255579,1.876067163,-0.017932837,0.016516791,-0.999,0.999,0.017516791,-0.017449628,0.017,-1.0,-0.017033581
1581251223.6174586,000000000102,e78f135624ce,-65,5.981351374,9.778137385,1.895318901,-0.025485429,0.02192756,-0.998865945,0.998865945,0.016134055,-0.025351374,0.016134055,-0.999134055,-0.02292756
1581251224.0724232,000000000102,e78f135624ce,-69,6.010659759,9.993744159,1.890668048,-0.042773172,0.017222683,-0.998,0.9125422,0.011222683,-0.047218538,0.010445366,-0.914319517,-0.019222683
1581251225.880403,000000000102,e78f135624ce,-73,5.865112734,10.549144416,1.823241926,0.031371117,0.007758074,-0.994483851,-0.405599665,0.006451553,-0.047580745,0.005451553,0.408357739,0.019548447
1581251226.3343728,000000000102,e78f135624ce,-71,5.884523053,10.789408172,1.810653817,0.00717687,-0.002346183,-0.997869237,-0.227870007,0.001653817,-0.01960771,0.001523053,0.228739244,0.012869237
1581251226.7944634,000000000102,e78f135624ce,-71,5.892811209,10.942,1.827120354,0.016871386,0.000124484,-0.998437758,-0.019518586,0.002124484,-0.027309144,0.002124484,0.020643069,0.002626549
1581251227.244385,000000000102,e78f135624ce,-71,5.854013724,11.024533371,1.934342483,0.047931691,-0.002493138,-0.993671241,-0.044725826,0.004328759,-0.024465689,0.007164379,0.046232688,-0.022684966
1581251227.6954036,000000000102,e78f135624ce,-75,5.838777213,11.396960134,1.901403166,-0.006180379,-0.003652531,-0.994763924,-0.004182921,0.011236076,-0.031124682,0.012236076,0.002946846,-0.004055697
1581251228.150392,000000000102,e78f135624ce,-78,5.826807446,11.580158748,1.838614893,-0.002,-0.011226359,-0.998,0.18220626,0.013645272,-0.006162175,0.014290544,-0.181560989,0.015418913
1581251228.605395,000000000102,e78f135624ce,-83,5.837487693,11.722420388,1.783683076,0.010658462,-0.016829231,-0.999,0.429120018,0.010914616,0.016743847,0.010914616,-0.429120018,0.023957308
1581251229.5133808,000000000102,e78f135624ce,-68,5.830300695,12.024509161,1.672203412,0.008998105,-0.02,-0.996699937,0.024388501,0.005799747,-0.001998736,0.004799747,-0.023088438,0.04639861
1581251229.968383,000000000102,e78f135624ce,-72,5.858891316,12.123608945,1.731657436,0.03951625,0.012266381,-0.987972829,-0.31418006,-0.003891316,0.006945658,-0.000836974,0.312234403,0.023375065
1581251230.4233742,000000000102,e78f135624ce,-77,5.889100112,12.345617918,1.757516685,0.026349832,0.000933259,-0.994516685,-0.148266965,-0.004066741,0.019449944,-0.004066741,0.146783651,0.013516685
1581251230.874371,000000000102,e78f135624ce,-75,5.907133395,12.59836614,1.770375116,0.002458372,0.001649954,-0.997108326,0.04260972,-0.000216651,0.019324977,-0.000108326,-0.04260972,0.011758279
1581251231.3283675,000000000102,e78f135624ce,-71,5.907253881,12.943912378,1.805222835,-0.045476716,-0.004238358,-0.997,-0.311901348,-0.004492239,0.045746119,-0.004746119,0.313647467,0.006253881
1581251231.7824311,000000000102,e78f135624ce,-74,5.885214474,12.850849994,1.888571052,0.022679606,-0.011607237,-0.989178289,-0.42629211,-0.008214474,-0.004679606,-0.005607237,0.435113821,-0.009607237
1581251232.2374065,000000000102,e78f135624ce,-70,5.8742321,13.086831623,1.878535799,-0.00632494,-0.002,-0.99604642,-0.378665631,-0.00790716,0.00204642,-0.00690716,0.382572791,-0.00181432
1581251232.6953676,000000000102,e78f135624ce,-69,5.867099892,13.225299313,1.869299675,-0.007500181,0.003,-0.998,-0.451203037,-0.005900108,0.008799855,-0.005600072,0.452203037,0.000900108
1581251232.6983495,000000000102,e78f135624ce,-76,5.867174439,13.225771448,1.869523317,-0.007375935,0.003,-0.998,-0.449115705,-0.005825561,0.008899252,-0.005550374,0.450115705,0.000825561
1581251233.1473708,000000000102,e78f135624ce,-73,5.859799943,13.238799466,1.756799847,0.007200153,0.027200057,-0.998,-0.405700582,-0.00870001,-0.001500048,-0.010400019,0.405000572,0.026600076
1581251233.5983605,000000000102,e78f135624ce,-76,5.860200176,13.350897271,1.828197535,-0.01349956,0.003700616,-0.999,-0.467195774,-0.006200176,0.008799824,-0.007100088,0.466295863,0.001700616
1581251234.0493681,000000000102,e78f135624ce,-74,5.862861714,13.434723427,1.861446855,-0.023815618,0.002230477,-0.999,-0.605953905,-0.006,0.013769523,-0.006476952,0.605953905,-0.000292571
1581251234.5083594,000000000102,e78f135624ce,-70,5.854339229,13.438640476,1.834602494,-0.014339229,0.015453175,-0.999,-0.523233107,-0.003415193,-0.001830386,-0.003415193,0.523233107,0.010660771
1581251234.9604793,000000000102,e78f135624ce,-72,5.872781263,13.458995577,1.838955368,-0.017955368,0.007522316,-0.999,-0.466991155,-0.006651789,0.017607157,-0.006651789,0.466991155,0.006348211
1581251235.4134667,000000000102,e78f135624ce,-70,5.875434123,13.476472983,1.846922279,-0.019868246,0.006604737,-0.999,-0.341295709,-0.006434123,0.011,-0.006868246,0.341295709,0.002604737
1581251235.8693457,000000000102,e78f135624ce,-70,5.892405264,13.511009871,1.802803948,-0.027202632,0.006531579,-0.999,-0.290957228,-0.011132895,0.019335527,-0.011199342,0.291957228,0.014332237
1581251236.3213515,000000000102,e78f135624ce,-72,5.847386344,13.426231398,1.76639043,-0.010460753,0.021613656,-0.999,-0.531975483,-0.013076452,0.013768602,-0.012384301,0.531283333,0.022305806
1581251236.7773602,000000000102,e78f135624ce,-72,5.82576878,13.425632392,1.784891316,-0.013802344,0.013292488,-0.997646244,-0.368021305,-0.008523708,0.050476292,-0.007877464,0.368313793,0.01123122
1581251237.2324905,000000000102,e78f135624ce,-68,5.79981622,13.388960048,1.823023971,0.046928086,0.010976029,-0.99699201,0.568200958,0.005984019,0.068063923,0.006984019,-0.570192967,-0.002
1581251237.6894708,000000000102,e78f135624ce,-73,5.704951265,13.374238161,1.837,0.025332874,0.005761839,-0.996,0.276042532,0.001761839,0.086761839,0.002761839,-0.277042532,-0.00438092
1581251239.5043445,000000000102,e78f135624ce,-75,5.078810973,13.34883591,1.85867182,-0.008492269,0.00483591,-0.999,-0.505808477,-0.00732818,0.037179551,-0.00632818,0.505808477,-0.00183591
1581251239.964319,000000000102,e78f135624ce,-75,4.873681479,13.341310053,1.852310053,-0.005465079,0.003,-1.0,-0.844628574,-0.011844974,0.014930158,-0.011844974,0.844628574,0.001689947
1581251240.4164608,000000000102,e78f135624ce,-74,4.666455594,13.337,1.84862426,0.002,0.003,-1.0,-0.948636101,-0.013,0.001,-0.013,0.948636101,0.00237574
1581251240.8723528,000000000102,e78f135624ce,-71,4.447517746,13.335991826,1.845,-0.001008174,0.004991826,-1.0,-0.984032695,-0.013,0.002,-0.013,0.984032695,0.004
1581251241.781335,000000000102,e78f135624ce,-80,4.038014716,13.325692591,1.845,0.008614819,0.002,-1.0,-0.998307409,-0.011307409,-0.008307409,-0.011307409,0.998307409,0.002
1581251242.2426727,000000000102,e78f135624ce,-67,3.866519701,13.345010006,1.840939963,0.001,0.006030019,-1.0,-0.397631016,-0.007060037,-0.003,-0.007060037,0.397631016,0.002040025
1581251242.694319,000000000102,e78f135624ce,-72,3.69921327,13.352392108,1.82113686,-0.001392108,0.014215785,-1.0,-0.532791761,-0.01443157,-0.002,-0.01443157,0.532791761,0.010823677
1581251243.1543431,000000000102,e78f135624ce,-75,3.52236105,13.35127476,1.808351441,-0.000824279,0.013824279,-1.0,-0.552718773,-0.015824279,0.000824279,-0.015824279,0.552718773,0.013824279
1581251243.6103318,000000000102,e78f135624ce,-68,3.351906533,13.345,1.797745226,0.000915075,0.016254774,-1.0,-0.482577387,-0.015254774,0.004745226,-0.015254774,0.482577387,0.015339698
1581251244.0643156,000000000102,e78f135624ce,-71,3.188872494,13.35212221,1.803683314,-0.003,0.015,-1.0,-0.321116913,-0.011438895,0.01512221,-0.010438895,0.321116913,0.00987779
1581251244.5223134,000000000102,e78f135624ce,-68,3.012957338,13.341477787,1.793619888,-0.002809944,0.019952045,-0.999,-0.525607538,-0.015714034,0.017619888,-0.014952045,0.525369526,0.015190056
1581251244.9743102,000000000102,e78f135624ce,-83,2.826677777,13.332137448,1.792568724,-0.008568724,0.016715638,-0.999857819,-0.848322223,-0.020857819,0.012710905,-0.020715638,0.848322223,0.015715638
1581251245.4313352,000000000102,e78f135624ce,-73,2.643017134,13.32350153,1.796497858,-0.009000612,0.015500918,-1.0,-0.95149541,-0.017500918,0.010000612,-0.017000612,0.95149541,0.014500918
1581251245.883322,000000000102,e78f135624ce,-89,2.450921238,13.311601666,1.801697085,-0.008099584,0.012701249,-1.0,-0.984398334,-0.011900416,0.009,-0.011900416,0.984398334,0.012701249
1581251246.7913175,000000000102,e78f135624ce,-77,2.103942763,13.31515259,1.817158035,-0.021384197,0.004536786,-0.999615803,-0.998,-0.015768393,0.021384197,-0.015768393,0.998,0.005536786
1581251247.245344,000000000102,e78f135624ce,-74,1.93441118,13.319659539,1.80268791,-0.018886513,0.007085115,-0.999,-0.999,-0.019028372,0.018886513,-0.019028372,0.999,0.008085115
1581251247.6983082,000000000102,e78f135624ce,-72,1.751442497,13.303476608,1.79391488,-0.009,0.008434048,-0.999,-0.999,-0.020608512,0.008608512,-0.020608512,0.999,0.008434048
1581251248.1513076,000000000102,e78f135624ce,-68,1.591944789,13.32110671,1.794,-0.011731369,0.007,-1.0,-0.999,-0.019,0.011731369,-0.019,1.0,0.007
1581251248.602318,000000000102,e78f135624ce,-71,1.406376395,13.314245167,1.78494303,-0.020792472,0.013547305,-0.999,-0.999,-0.020377416,0.02,-0.020377416,0.999207528,0.013547305
1581251249.0593057,000000000102,e78f135624ce,-86,1.229590358,13.343190062,1.766426205,-0.033911446,0.018059036,-0.998514759,-0.999,-0.020514759,0.033396687,-0.02,0.999,0.018544277
1581251249.9683037,000000000102,e78f135624ce,-74,0.858598152,13.08382127,1.834984509,0.065823353,-0.004467977,-0.982741734,-0.982951445,-0.026209711,-0.065823353,-0.021,0.999,-0.006467977
1581251250.424309,000000000102,e78f135624ce,-78,0.701329831,13.193881124,1.762357809,0.013706292,0.010284382,-0.993357809,-0.993715618,-0.024284382,-0.013706292,-0.023284382,0.999,0.010284382
1581251250.8789978,000000000102,e78f135624ce,-75,0.553803565,13.272835634,1.794328731,-0.007,0.000908686,-0.995963474,-0.996981737,-0.025963474,0.007,-0.025981737,0.997981737,0.000908686
1581251251.3313704,000000000102,e78f135624ce,-78,0.424461963,13.314923138,1.785922349,-0.016153883,0.00507702,-0.995769255,-0.997384628,-0.026,0.016153883,-0.027615372,0.997384628,0.005461648
1581251251.7812731,000000000102,e78f135624ce,-77,0.319619943,13.274810448,1.761859828,-0.004450143,0.009690029,-0.99523001,-0.996,-0.02623001,0.004450143,-0.02723001,0.998,0.009690029
