1581251155.3957465,000000000401,e78f135624ce,-62,17.96,4.45,1.64,0.014,-0.01,-0.997,1.002,0.002,0.014,0.001,-0.997,0.015
1581251156.3007946,000000000401,e78f135624ce,-65,17.953161855,4.340762908,1.729618546,0.014323709,0.002838145,-1.0,1.0,0.012,0.014323709,0.012,-1.0,-0.002
1581251156.754735,000000000401,e78f135624ce,-66,17.947614701,4.283073506,1.772541195,0.017590199,0.0047951,-1.0,1.0,0.011,0.017590199,0.011,-1.0,-0.004
1581251157.2087262,000000000401,e78f135624ce,-65,17.937361309,4.249951637,1.800229018,0.017,0.003590327,-1.0,1.0,0.009,0.017,0.009,-1.0,-0.003590327
1581251157.6677334,000000000401,e78f135624ce,-62,17.923116868,4.233415662,1.809701206,0.016116868,0.001116868,-1.0,1.0,0.008883132,0.016116868,0.008883132,-1.0,-0.001116868
1581251158.1187298,000000000401,e78f135624ce,-62,17.928,4.211967469,1.825109759,0.019109759,0.004703253,-1.0,1.0,0.010703253,0.019109759,0.011406506,-1.0,-0.004
1581251158.5737362,000000000401,e78f135624ce,-62,17.928588439,4.188940462,1.833411561,0.022588439,0.00570578,-1.0,1.0,0.01329422,0.022588439,0.01329422,-1.0,-0.005411561
1581251159.0258296,000000000401,e78f135624ce,-67,17.924333053,4.178,1.835111018,0.031555929,0.005111018,-0.999111018,0.999,0.014,0.031555929,0.014,-1.0,-0.005111018
1581251159.4828947,000000000401,e78f135624ce,-62,17.894683127,4.182240741,1.838329218,0.041923868,0.005,-0.999,0.999,0.011417695,0.041923868,0.011417695,-1.0,-0.004582305
1581251159.9337387,000000000401,e78f135624ce,-65,17.825144991,4.187462382,1.839,0.024612854,0.003768809,-1.0,0.999231191,0.012,0.024612854,0.012768809,-1.0,-0.003
1581251160.3847663,000000000401,e78f135624ce,-71,17.735986267,4.200334859,1.847556573,0.006886854,0.005,-1.0,1.0,0.012,0.006886854,0.012,-1.0,-0.005
1581251160.8417487,000000000401,e78f135624ce,-61,17.622405825,4.193900971,1.850580194,-0.004259418,0.004580194,-1.0,1.0,0.012,-0.004259418,0.012,-1.0,-0.004580194
1581251161.7497263,000000000401,e78f135624ce,-64,17.35681407,4.171281407,1.842961055,-0.013640704,0.001320352,-1.0,1.0,0.014,-0.013640704,0.014,-1.0,-0.001640704
1581251162.2004504,000000000401,e78f135624ce,-60,17.204773451,4.15909819,1.842699397,-0.00019638,0.003300603,-1.0,1.0,0.014601207,-0.00019638,0.014601207,-1.0,-0.003300603
1581251162.6577175,000000000401,e78f135624ce,-66,17.040339977,4.14615227,1.83515227,0.021817276,0.005030454,-1.0,0.999030454,0.016969546,0.02184773,0.017,-1.0,-0.004030454
1581251163.11371,000000000401,e78f135624ce,-75,16.873873274,4.150191552,1.835191552,0.026602816,0.007397184,-1.0,0.999,0.015,0.027205632,0.015,-1.0,-0.007
1581251163.5737174,000000000401,e78f135624ce,-64,16.70806187,4.151,1.839460911,0.021460911,0.008730456,-1.0,1.0,0.012539089,0.022191367,0.013269544,-1.0,-0.008730456
1581251164.0227134,000000000401,e78f135624ce,-60,16.544602281,4.149712944,1.838,0.016143528,0.006143528,-1.0,1.0,0.014856472,0.016143528,0.014856472,-1.0,-0.006143528
1581251164.4737093,000000000401,e78f135624ce,-63,16.384860243,4.147,1.838438554,0.021479518,0.004479518,-1.0,1.0,0.015520482,0.021479518,0.016,-1.0,-0.004479518
1581251164.9247499,000000000401,e78f135624ce,-79,16.224575005,4.142,1.838,0.022691279,0.003,-1.0,1.0,0.016,0.022691279,0.016,-1.0,-0.002897093
1581251165.3836975,000000000401,e78f135624ce,-61,16.0799942,4.155846897,1.838769379,-0.003155036,0.002,-1.0,1.0,0.017769379,-0.003155036,0.017769379,-1.0,-0.001769379
1581251166.7396998,000000000401,e78f135624ce,-63,15.555489044,4.128192435,1.805807565,-0.004179826,0.014589913,-1.0,-0.087514872,0.013205043,0.016205043,0.013602522,0.087117394,0.013589913
1581251167.19668,000000000401,e78f135624ce,-61,15.393398768,4.120747799,1.817008803,0.015756602,0.007,-1.0,0.656220069,0.016747799,0.022252201,0.016747799,-0.656220069,0.001495599
1581251167.6516984,000000000401,e78f135624ce,-57,15.228693558,4.101615593,1.806439709,0.000351767,0.016736174,-1.0,-0.223552163,0.011087942,0.019263826,0.011175884,0.223552163,0.013560291
1581251168.1096988,000000000401,e78f135624ce,-54,15.060139046,4.094939513,1.78840927,-0.01859073,0.024530243,-0.999,-0.748889231,0.007469757,0.025,0.007939513,0.748889231,0.023530243
1581251168.5667062,000000000401,e78f135624ce,-62,14.895448138,4.087139401,1.784442395,-0.010836408,0.021278803,-0.999,-0.608334144,0.008,0.029139401,0.009,0.608334144,0.020278803
1581251169.0176923,000000000401,e78f135624ce,-58,14.715269033,4.104037723,1.767240569,-0.034037723,0.027240569,-0.999,-0.873655521,0.006240569,0.039759431,0.008,0.873655521,0.027240569
1581251169.4701242,000000000401,e78f135624ce,-60,14.579177734,4.106580341,1.764901705,-0.022098295,0.024419659,-0.998419659,-0.52743089,0.01,0.04,0.011,0.52743089,0.022839318
1581251169.9196942,000000000401,e78f135624ce,-74,14.394908885,4.111178334,1.757762222,-0.038178334,0.025,-0.999,-0.850437225,0.007059445,0.043118889,0.008059445,0.850437225,0.024
1581251170.377696,000000000401,e78f135624ce,-68,14.205562275,4.135908101,1.747091899,-0.052,0.026,-0.998,-0.950176541,0.006363966,0.054363966,0.008,0.951176541,0.025636034
1581251170.8357346,000000000401,e78f135624ce,-64,14.02454132,4.138140935,1.73685458,-0.049140935,0.02857271,-0.998,-0.98314542,0.005286355,0.050140935,0.006286355,0.98414542,0.028286355
1581251171.2857115,000000000401,e78f135624ce,-65,13.838023273,4.151277207,1.733518138,-0.051,0.026361396,-0.998,-0.993759069,0.003240931,0.051,0.004361396,0.994759069,0.026361396
1581251172.2037184,000000000401,e78f135624ce,-61,13.482535433,4.126770078,1.743746457,-0.025267716,0.021004724,-0.999,-0.89151023,0.004746457,0.029502362,0.005746457,0.89151023,0.021502362
1581251172.6557412,000000000401,e78f135624ce,-68,13.334819477,4.103260512,1.752394877,-0.006260512,0.021,-0.999,-0.315706618,0.01,0.022390768,0.010869744,0.315706618,0.016172305
1581251173.1057146,000000000401,e78f135624ce,-63,13.221508651,4.536885813,1.802225779,-0.130508651,0.022471453,-0.964528547,0.167229671,0.018452855,-0.119867215,0.011358564,-0.200701124,-1.8599e-05
1581251173.108686,000000000401,e78f135624ce,-62,13.220716274,4.535895342,1.801581972,-0.129716274,0.022223836,-0.964776164,0.170522988,0.018477616,-0.119149123,0.011432849,-0.203746823,0.000253781
1581251173.56568,000000000401,e78f135624ce,-62,13.056038338,4.375157571,1.812476933,-0.043853802,0.013,-0.9883577,0.375157571,0.016761534,-0.031092268,0.013880767,-0.385799871,-0.001
1581251174.024695,000000000401,e78f135624ce,-68,12.899566673,4.253615626,1.836332289,-0.001,0.016794791,-0.995794791,0.550397887,0.017794791,0.001205209,0.016794791,-0.553603096,-0.006973957
1581251174.4776726,000000000401,e78f135624ce,-56,12.707015112,4.1843068,1.770566919,-0.000700756,0.025133837,-0.998,-0.202671878,0.013267674,-0.000299244,0.013267674,0.201104959,0.020566919
1581251174.9296932,000000000401,e78f135624ce,-62,12.522887676,4.145615941,1.754448069,0.002,0.018615941,-0.999,-0.212684727,0.01112802,-0.005807971,0.01112802,0.212620717,0.020679951
1581251175.3836887,000000000401,e78f135624ce,-66,12.391503177,4.146429863,1.766371945,-0.004743891,-5.7918e-05,-0.999685973,0.609176442,0.013685973,-0.007371945,0.013685973,-0.609176442,0.012628055
1581251175.8396716,000000000401,e78f135624ce,-64,12.250233468,4.152,1.77295749,-0.012319163,-0.004,-1.0,0.875489879,0.016,-0.013319163,0.016,-0.875809042,0.008361673
1581251176.291672,000000000401,e78f135624ce,-70,12.107984631,4.166328458,1.787552305,-0.016925384,-0.002074616,-1.0,0.959955379,0.012149232,-0.016925384,0.012149232,-0.959955379,0.003149232
1581251176.744682,000000000401,e78f135624ce,-69,11.996157604,4.171488611,1.802616458,-0.006180382,0.000744305,-1.0,0.987255695,0.012563924,-0.006180382,0.012563924,-0.987255695,-0.000308229
1581251177.2026658,000000000401,e78f135624ce,-66,11.918305923,4.165447055,1.802117637,0.004447055,-0.001552945,-1.0,0.996223527,0.014776473,0.004447055,0.014,-0.996223527,0.001552945
1581251178.1176658,000000000401,e78f135624ce,-71,11.819882384,4.15207057,1.802582331,0.012464715,-0.001464715,-1.0,0.999,0.015023523,0.012464715,0.015023523,-0.999,0.001952953
1581251178.5726664,000000000401,e78f135624ce,-72,11.808486619,4.147691972,1.797897324,0.013,-0.004,-1.0,1.0,0.013102676,0.013,0.013,-1.0,0.004
1581251179.0236723,000000000401,e78f135624ce,-71,11.783154267,4.173037883,1.80219215,0.00480785,-0.001538567,-1.0,1.0,0.012,0.00480785,0.012,-1.0,0.002269283
1581251179.4836686,000000000401,e78f135624ce,-63,11.780665073,4.211665073,1.824444976,-0.005665073,0.006555024,-1.0,1.0,0.014555024,-0.005665073,0.014555024,-1.0,-0.006555024
1581251179.9336598,000000000401,e78f135624ce,-64,11.778,4.202526622,1.829526622,-0.000175541,0.006175541,-1.0,1.0,0.01508777,-0.000175541,0.01508777,-1.0,-0.006263311
1581251180.3932164,000000000401,e78f135624ce,-66,11.775635927,4.20190778,1.825225743,0.00104611,0.00395389,-1.0,1.0,0.017,0.001364073,0.017,-1.0,-0.00395389
1581251180.8506837,000000000401,e78f135624ce,-75,11.768344805,4.197017208,1.832034416,0.003655195,0.007689611,-1.0,1.0,0.018672403,0.003655195,0.018672403,-1.0,-0.007689611
1581251181.3066783,000000000401,e78f135624ce,-69,11.767108317,4.204855577,1.833927789,3.6106e-05,0.007,-1.0,1.0,0.016,3.6106e-05,0.016,-1.0,-0.007
1581251181.3096733,000000000401,e78f135624ce,-66,11.767039201,4.204947731,1.833973866,1.3067e-05,0.007,-1.0,1.0,0.016,1.3067e-05,0.016,-1.0,-0.007
1581251181.7606444,000000000401,e78f135624ce,-63,11.75895106,4.203780424,1.82595106,0.002219576,0.003390212,-1.0,1.0,0.015219576,0.002219576,0.015219576,-1.0,-0.003390212
1581251182.2106493,000000000401,e78f135624ce,-62,11.76254958,4.2057479,1.82622521,0.00112605,0.003,-1.0,1.0,0.014,0.00190084,0.014,-1.0,-0.003
1581251182.6666536,000000000401,e78f135624ce,-63,11.756122653,4.192858568,1.81649061,0.00650939,0.0,-1.0,1.0,0.014754695,0.00650939,0.014754695,-1.0,0.0
1581251183.1206522,000000000401,e78f135624ce,-65,11.754494002,4.188470009,1.813952014,0.005011996,-2.3993e-05,-1.0,1.0,0.013494002,0.005011996,0.013494002,-1.0,2.3993e-05
1581251183.5776527,000000000401,e78f135624ce,-68,11.75,4.204306428,1.815728656,-0.002814033,0.001,-1.0,1.0,0.015,-0.002814033,0.015,-1.0,-0.001
1581251184.031655,000000000401,e78f135624ce,-69,11.737457184,4.26234253,1.830771408,-0.002914367,0.008,-1.0,1.0,0.018771408,-0.002685776,0.018771408,-1.0,-0.008
1581251184.489666,000000000401,e78f135624ce,-68,11.746793662,4.388039787,1.817242077,-0.002448415,0.002896831,-1.0,1.0,0.022,-0.002448415,0.022,-1.0,-0.002896831
1581251184.9476593,000000000401,e78f135624ce,-65,11.705248278,4.570501148,1.766,-0.02774713,0.026125287,-0.996125287,0.439573624,0.016624139,0.038872417,0.018624139,-0.437698911,0.017874713
1581251185.3996809,000000000401,e78f135624ce,-66,11.694679537,4.583077224,1.78788726,0.007415445,0.019792278,-0.998,0.125745194,0.011735907,0.016679537,0.013,-0.124745194,0.007792278
1581251185.8506682,000000000401,e78f135624ce,-71,11.704,4.722771261,1.806637341,0.003017595,0.013,-0.999,0.080820137,0.009672532,0.031637341,0.010672532,-0.080820137,0.005672532
1581251186.3086324,000000000401,e78f135624ce,-73,11.711,4.882241323,1.810042149,-0.003105372,0.008042149,-0.999,0.051861985,0.009978926,0.037957851,0.009978926,-0.051861985,0.008978926
1581251186.769642,000000000401,e78f135624ce,-73,11.716679001,5.013975021,1.800358002,0.012827011,0.003,-0.999,0.305491193,0.013037003,0.040037003,0.013037003,-0.305491193,0.008962997
1581251187.2246509,000000000401,e78f135624ce,-69,11.707309135,5.242964915,1.8858173,-0.02614519,0.016981245,-0.99161827,0.292653355,0.01338173,-0.01005384,0.008690865,-0.297035085,-0.023217785
1581251187.6766517,000000000401,e78f135624ce,-79,11.707257466,5.323729488,1.848085822,0.018583935,0.005,-0.995042911,0.375345014,0.010957089,0.035884313,0.009914178,-0.378302103,-0.001957089
1581251188.1348488,000000000401,e78f135624ce,-71,11.698577062,5.524390745,1.722845875,0.008577062,-0.030537626,-0.995577062,0.319630583,0.009268813,0.023885312,0.008268813,-0.319207645,0.044845875
1581251188.5826614,000000000401,e78f135624ce,-74,11.699,5.712028901,1.771410523,0.004486847,0.004102631,-0.996102631,0.119473875,0.004692108,0.028102631,0.004589477,-0.117576505,0.012205261
1581251189.0416272,000000000401,e78f135624ce,-80,11.700424926,5.892376842,1.753824337,0.006150147,-0.007087832,-0.997212463,0.005764969,0.002575074,0.036575074,0.001787537,-0.004977432,0.024512758
1581251189.4976192,000000000401,e78f135624ce,-70,11.701053612,6.106435946,1.808473194,0.002053612,0.007107224,-0.997473194,0.045389387,0.005892776,0.029268059,0.005892776,-0.044389387,5.3612e-05
1581251189.9546282,000000000401,e78f135624ce,-60,11.696833884,6.311631444,1.814511557,0.000661163,-0.005328931,-0.998,0.108861312,0.006498349,0.046501651,0.006332233,-0.108861312,0.007162814
1581251190.4116282,000000000401,e78f135624ce,-66,11.698495728,6.493119607,1.800752136,0.003230777,-0.000743592,-0.998,0.105777873,0.005495728,0.054495728,0.005495728,-0.106530009,0.012
1581251190.8697689,000000000401,e78f135624ce,-65,11.696403307,6.696375285,1.819016536,-0.004016536,0.009209922,-0.998,0.045155262,0.004596693,0.048209922,0.005,-0.044751955,0.005596693
1581251191.323462,000000000401,e78f135624ce,-71,11.704191581,6.886089979,1.819400579,0.003233674,0.010878085,-0.996965167,0.14663572,0.002982584,0.065435412,0.003965167,-0.14658347,0.005912918
1581251191.7786107,000000000401,e78f135624ce,-64,11.698039603,7.135842681,1.847315732,-0.018854789,0.008328933,-0.996,-0.051810813,0.004684268,0.082328933,0.005013201,0.053139746,0.000328933
1581251192.235709,000000000401,e78f135624ce,-62,11.73272843,7.285370583,1.847930516,0.035341054,0.008976839,-0.997341054,0.667764327,0.012,0.066930516,0.013,-0.668423273,-0.005317892
1581251193.1456068,000000000401,e78f135624ce,-68,11.76485587,7.650405658,1.82614413,0.02014413,0.002381377,-0.999618623,0.965804856,0.013381377,0.023525507,0.013381377,-0.966186233,-0.002
1581251193.5996108,000000000401,e78f135624ce,-61,11.766529353,7.842236813,1.823529353,0.00929403,0.002,-1.0,0.98870597,0.014764677,0.01029403,0.014764677,-0.988941293,-0.002
1581251194.0556262,000000000401,e78f135624ce,-63,11.761121122,8.020307264,1.824636634,-0.000757756,0.003757756,-1.0,0.996757756,0.013121122,-0.000636634,0.013121122,-0.996757756,-0.003757756
1581251194.05859,000000000401,e78f135624ce,-61,11.761098324,8.021378784,1.824705029,-0.000803353,0.003803353,-1.0,0.996803353,0.013098324,-0.000705029,0.013098324,-0.996803353,-0.003803353
1581251194.5075922,000000000401,e78f135624ce,-66,11.766018773,8.184922386,1.824490614,-0.006,0.003,-1.0,0.999,0.012490614,-0.005509386,0.012490614,-0.999,-0.003
1581251194.9596143,000000000401,e78f135624ce,-65,11.765719349,8.339788794,1.819280651,-0.006859674,0.003,-1.0,1.0,0.011140326,-0.006859674,0.011140326,-1.0,-0.003
1581251195.4115996,000000000401,e78f135624ce,-67,11.764,8.433789846,1.818488616,-0.008,0.002496205,-1.0,1.0,0.011248103,-0.008,0.011248103,-1.0,-0.002496205
1581251196.3236287,000000000401,e78f135624ce,-65,11.768981195,8.528075221,1.819,-0.001905974,0.003018805,-1.0,1.0,0.011981195,-0.001905974,0.011981195,-1.0,-0.003018805
1581251196.7775998,000000000401,e78f135624ce,-62,11.767336709,8.531663291,1.819336709,0.012326582,0.004,-1.0,1.0,0.010336709,0.012326582,0.010336709,-1.0,-0.004
1581251197.233338,000000000401,e78f135624ce,-63,11.767,8.537700242,1.815,0.015599517,0.003,-1.0,1.0,0.008299758,0.015599517,0.009,-1.0,-0.003
1581251197.6845982,000000000401,e78f135624ce,-63,11.759815262,8.557753683,1.820307896,0.010938421,0.003123158,-1.0,1.0,0.013,0.010938421,0.013,-1.0,-0.003123158
1581251198.1356342,000000000401,e78f135624ce,-62,11.764,8.552520121,1.819,0.015493293,0.003,-1.0,1.0,0.011,0.015493293,0.011,-1.0,-0.003
1581251198.5925677,000000000401,e78f135624ce,-72,11.764101779,8.549508894,1.818592885,0.016796442,0.003796442,-1.0,1.0,0.01,0.016796442,0.01,-1.0,-0.002898221
1581251199.0485876,000000000401,e78f135624ce,-66,11.763234175,8.564702524,1.813234175,0.012531651,0.001765825,-1.0,1.0,0.010234175,0.012531651,0.010234175,-1.0,-0.001
1581251199.5005813,000000000401,e78f135624ce,-67,11.765,8.553731229,1.814268771,0.017422924,0.002422924,-1.0,1.0,0.009422924,0.017422924,0.009422924,-1.0,-0.002422924
1581251199.9535887,000000000401,e78f135624ce,-71,11.763563686,8.56061084,1.811650949,0.031738211,-8.7263e-05,-0.999,0.999,0.014738211,0.031738211,0.013825474,-1.0,0.001
1581251200.4065912,000000000401,e78f135624ce,-76,11.735851251,8.574373173,1.809,0.019,-0.001,-1.0,1.0,0.012,0.019,0.012,-1.0,0.001
1581251200.4095752,000000000401,e78f135624ce,-64,11.735527978,8.574348306,1.809,0.019,-0.001,-1.0,1.0,0.012,0.019,0.012,-1.0,0.001
1581251200.85958,000000000401,e78f135624ce,-68,11.67165319,8.572410402,1.811,0.023529866,-0.001470134,-1.0,1.0,0.012,0.023529866,0.012,-1.0,0.002235067
1581251201.3156128,000000000401,e78f135624ce,-66,11.572273068,8.576121225,1.808484899,0.028515101,-0.006636326,-0.999121225,0.999121225,0.012121225,0.028515101,0.012,-1.0,0.006757551
1581251201.76659,000000000401,e78f135624ce,-72,11.449936232,8.556989931,1.818003356,0.046505034,-0.005,-0.999,0.999,0.013498322,0.046505034,0.013498322,-1.0,0.005498322
1581251201.769569,000000000401,e78f135624ce,-69,11.449065506,8.556852448,1.818049184,0.046573776,-0.005,-0.999,0.999,0.013475408,0.046573776,0.013475408,-1.0,0.005475408
1581251202.2248595,000000000401,e78f135624ce,-63,11.313411716,8.556554612,1.819180673,0.050722694,-0.006,-0.998819327,0.998819327,0.012180673,0.050722694,0.011361347,-1.0,0.006180673
1581251203.5937722,000000000401,e78f135624ce,-64,10.821006588,8.545863318,1.821,0.049206669,-0.006,-0.999,0.999,0.010103335,0.049206669,0.01,-1.0,0.006103335
1581251204.0439727,000000000401,e78f135624ce,-65,10.648398137,8.585424627,1.819,-0.010602986,0.002,-0.996712313,0.31083208,0.00213694,0.072164553,0.002424627,-0.308544394,0.00786306
1581251204.502579,000000000401,e78f135624ce,-63,10.430365991,8.5881817,1.816424399,0.0181817,0.0026061,-0.9983939,0.712875414,0.0073939,0.048030499,0.0073939,-0.712269314,0.001
1581251205.4115698,000000000401,e78f135624ce,-65,9.961559478,8.575995053,1.834336631,-0.011,0.010336631,-1.0,-0.689168204,0.002,0.022326737,0.002,0.68983652,0.010336631
1581251205.8735769,000000000401,e78f135624ce,-68,9.700656089,8.569296585,1.817,0.001241463,0.01040683,-0.999,-0.356527835,-0.004648293,-0.020482925,-0.004648293,0.356527835,0.01040683
1581251206.3255444,000000000401,e78f135624ce,-64,9.500465549,8.56,1.826820687,-0.009820687,0.014,-0.999,-0.794637888,-0.002044828,0.003731031,-0.002,0.794682717,0.014044828
1581251206.781548,000000000401,e78f135624ce,-62,9.301696105,8.555766522,1.833616739,-0.017616739,0.011383261,-1.0,-0.934568254,-0.003383261,0.015233478,-0.003383261,0.934568254,0.011383261
1581251207.2341275,000000000401,e78f135624ce,-66,9.107833638,8.553766032,1.835532063,-0.021233968,0.009233968,-1.0,-0.978403811,-0.003532063,0.020233968,-0.002766032,0.979403811,0.009233968
1581251207.6885555,000000000401,e78f135624ce,-68,8.918291708,8.554766974,1.831766974,-0.023883487,0.008116513,-1.0,-0.992766974,-0.005116513,0.023766974,-0.004233026,0.993650461,0.008233026
1581251208.142547,000000000401,e78f135624ce,-68,8.724412536,8.559930453,1.834,-0.027465227,0.007465227,-1.0,-0.997465227,-0.004465227,0.027465227,-0.004465227,0.997465227,0.007465227
1581251208.5925498,000000000401,e78f135624ce,-84,8.523368277,8.554903635,1.836021414,-0.024967878,0.010989293,-1.0,-0.999,-0.003,0.024957171,-0.002010707,0.999,0.010989293
1581251209.5146525,000000000401,e78f135624ce,-68,8.080523759,8.559547996,1.832452004,-0.018095992,0.010547996,-1.0,-1.0,-0.003452004,0.018095992,-0.003452004,1.0,0.011095992
1581251209.9675453,000000000401,e78f135624ce,-67,7.854184088,8.560768952,1.837,-0.015,0.007884476,-1.0,-1.0,-0.005,0.015,-0.005,1.0,0.007884476
1581251210.4205563,000000000401,e78f135624ce,-70,7.642047294,8.55634013,1.834380912,-0.017,0.006319739,-1.0,-1.0,-0.00665987,0.017,-0.00665987,1.0,0.006979609
1581251210.8770418,000000000401,e78f135624ce,-71,7.423651324,8.539811005,1.84,-0.009108254,0.004,-1.0,-1.0,-0.008297249,0.009108254,-0.008297249,1.0,0.004
1581251211.337188,000000000401,e78f135624ce,-66,7.213866709,8.540839077,1.839967815,-3.2185e-05,0.005,-1.0,-1.0,-0.009064369,3.2185e-05,-0.009064369,1.0,0.005
1581251211.7916136,000000000401,e78f135624ce,-70,7.021903356,8.534382757,1.822765514,0.007617243,0.008617243,-1.0,-1.0,-0.009765514,-0.007617243,-0.009765514,1.0,0.008617243
1581251212.245524,000000000401,e78f135624ce,-70,6.842127323,8.547576246,1.820364369,0.006737292,0.005,-1.0,-0.926516862,-0.008211877,-0.006737292,-0.008474585,0.926516862,0.007474585
1581251213.1545901,000000000401,e78f135624ce,-76,6.574820002,8.576946364,1.805517273,0.007053636,0.011634091,-0.999,-0.389149083,-0.005634091,-0.018946364,-0.006160909,0.389149083,0.011634091
1581251213.608539,000000000401,e78f135624ce,-68,6.49128046,8.624858355,1.822286118,-0.008856941,0.011856941,-0.999,0.304851282,0.004,-0.013855526,0.004,-0.304851282,0.001
1581251214.068553,000000000401,e78f135624ce,-68,6.397914866,8.636351062,1.821702124,-0.001053186,0.005526593,-1.0,0.701744782,0.011824469,-5.3186e-05,0.011824469,-0.701744782,-0.001
1581251214.5255218,000000000401,e78f135624ce,-72,6.26668966,8.6395327,1.8544019,0.00449346,0.01397384,-1.0,0.90531034,0.01549346,0.005,0.01549346,-0.90531034,-0.0124673
1581251215.4356158,000000000401,e78f135624ce,-66,6.073151229,8.647068289,1.863282924,0.016429269,0.012356096,-1.0,0.990356096,0.017785365,0.016429269,0.018,-0.990356096,-0.012141462
1581251215.8885388,000000000401,e78f135624ce,-69,6.003138855,8.681109744,1.865606943,0.007427771,0.013,-1.0,0.996393057,0.018606943,0.008427771,0.018606943,-0.996393057,-0.013
1581251216.343548,000000000401,e78f135624ce,-70,5.970818663,8.702199471,1.863036267,0.005963733,0.012,-1.0,0.999,0.020018134,0.006945599,0.020018134,-0.999,-0.012
1581251216.8035674,000000000401,e78f135624ce,-70,5.955326435,8.718382761,1.863709196,0.004872413,0.012,-1.0,0.999,0.020709196,0.004872413,0.021,-0.999,-0.012
1581251217.2605147,000000000401,e78f135624ce,-66,5.93294694,8.729,1.85784082,0.00335102,0.00894694,-1.0,1.0,0.021,0.00335102,0.021,-1.0,-0.00894694
1581251217.711509,000000000401,e78f135624ce,-65,5.911013709,8.742982374,1.852998042,-0.002992166,0.007000979,-1.0,0.892028397,0.019,0.002005875,0.019,-0.892028397,-0.008
1581251218.1695201,000000000401,e78f135624ce,-72,5.925804709,8.715575762,1.849521884,0.007902354,0.009380471,-1.0,0.964434349,0.018380471,0.009902354,0.018380471,-0.96481482,-0.009380471
1581251218.6231172,000000000401,e78f135624ce,-70,5.910023161,8.724779155,1.856406948,0.003406948,0.012802316,-1.0,0.988593052,0.017802316,0.004209265,0.017802316,-0.988593052,-0.012802316
1581251219.0794914,000000000401,e78f135624ce,-69,5.88693774,8.74753113,1.84568742,-0.005,0.00984371,-1.0,0.913155008,0.015,0.00031258,0.015,-0.913155008,-0.00884371
1581251219.5305514,000000000401,e78f135624ce,-70,5.911046887,8.712917948,1.851505861,0.004552748,0.011011722,-1.0,0.971953113,0.017988278,0.006058608,0.017988278,-0.971953113,-0.010505861
1581251219.9825153,000000000401,e78f135624ce,-70,5.917395902,8.743624586,1.854208195,-0.012453073,0.010453073,-1.0,0.93571844,0.018151024,-0.011453073,0.018151024,-0.93571844,-0.009604098
1581251220.4395196,000000000401,e78f135624ce,-71,5.909265436,8.829364109,1.859734564,-0.020469129,0.012,-0.999265436,0.978407386,0.020734564,-0.020469129,0.020734564,-0.979141951,-0.012734564
1581251220.8905408,000000000401,e78f135624ce,-69,5.917062335,8.928056291,1.861652815,-0.030979222,0.011326407,-0.999,0.992652815,0.020652815,-0.030979222,0.020326407,-0.992652815,-0.012
1581251221.3495045,000000000401,e78f135624ce,-65,5.906870709,9.024727053,1.863028731,-0.033971269,0.012014366,-0.999,0.996985634,0.018043097,-0.032985634,0.018043097,-0.997985634,-0.012014366
1581251221.803509,000000000401,e78f135624ce,-66,5.94047735,9.147695697,1.87020906,-0.044159117,0.01410453,-0.999,0.998,0.018631823,-0.044159117,0.018,-0.999,-0.014736353
1581251222.2574859,000000000401,e78f135624ce,-79,5.964388998,9.291500981,1.8767222,-0.0477222,0.017,-0.999,0.998,0.0172778,-0.0477222,0.017,-0.999,-0.018
1581251223.6185172,000000000401,e78f135624ce,-73,5.981571911,9.779001891,1.895142471,-0.025714788,0.021856988,-0.998857124,0.998857124,0.016142876,-0.025571911,0.016142876,-0.999142876,-0.022856988
1581251224.0745382,000000000401,e78f135624ce,-64,6.010903798,9.994931818,1.89061924,-0.042935865,0.017206413,-0.998,0.91301401,0.011206413,-0.047348692,0.010412827,-0.914807596,-0.019206413
1581251224.52953,000000000401,e78f135624ce,-68,5.934605229,10.101605291,1.864631559,-0.008184189,0.01689474,-0.999,-0.052184688,-0.00389474,-0.02889474,-0.00389474,0.052184688,0.00313159
1581251224.9805026,000000000401,e78f135624ce,-77,5.890157165,10.425264252,1.887665512,-0.047876221,0.008070236,-0.985210709,-0.36483937,-0.000929764,-0.008929764,-0.003859528,0.367769134,-0.000578583
1581251225.431533,000000000401,e78f135624ce,-75,5.826991941,10.539659951,1.887327961,-0.008967766,0.004004029,-0.99466801,-0.61516923,0.001,-0.011356166,-0.00066801,0.61616923,0.00233602
1581251225.885484,000000000401,e78f135624ce,-69,5.865832535,10.552320006,1.823284267,0.030735999,0.007715733,-0.994568533,-0.393278378,0.0067056,-0.047157333,0.0057056,0.395994111,0.0192944
1581251226.3404782,000000000401,e78f135624ce,-68,5.884335194,10.793212317,1.810418993,0.006754187,-0.002581007,-0.997916201,-0.234022389,0.001418993,-0.019748604,0.001335194,0.234938591,0.012916201
1581251227.2474842,000000000401,e78f135624ce,-72,5.853880901,11.029049349,1.934253934,0.046979794,-0.002559549,-0.993626967,-0.045766272,0.004373033,-0.024797746,0.007186516,0.047206722,-0.022507869
1581251227.6984944,000000000401,e78f135624ce,-73,5.838327633,11.39839317,1.901712252,-0.006039885,-0.003455839,-0.994792023,-0.006065537,0.011207977,-0.030871794,0.012207977,0.00485756,-0.004168092
1581251228.1515162,000000000401,e78f135624ce,-71,5.826715471,11.580393796,1.838430942,-0.002,-0.011175262,-0.998,0.181031018,0.013635052,-0.006080419,0.014270105,-0.180395966,0.015459791
1581251229.061489,000000000401,e78f135624ce,-75,5.82278153,11.872483799,1.758643694,0.003563061,-0.008712612,-0.999,0.186574776,0.007643694,0.003563061,0.007,-0.186574776,0.025068918
1581251229.9734492,000000000401,e78f135624ce,-73,5.859059353,12.127365109,1.730326439,0.038747752,0.013,-0.988029676,-0.320510341,-0.003970324,0.007074191,-0.001,0.31852518,0.023881295
1581251231.329475,000000000401,e78f135624ce,-68,5.907245362,12.944653519,1.805282467,-0.045527829,-0.004263914,-0.997,-0.311569112,-0.004509276,0.045754638,-0.004754638,0.31332375,0.006245362
1581251231.7824597,000000000401,e78f135624ce,-65,5.885214034,12.85086672,1.888571933,0.022677185,-0.011607017,-0.989178949,-0.426277145,-0.008214034,-0.004677185,-0.005607017,0.435098195,-0.009607017
1581251232.2414696,000000000401,e78f135624ce,-73,5.874388374,13.088738167,1.878223251,-0.006543724,-0.002,-0.996077675,-0.37372737,-0.00784465,0.002077675,-0.00684465,0.377572021,-0.001689301
1581251232.7014544,000000000401,e78f135624ce,-72,5.867252062,13.226263061,1.869756187,-0.007246563,0.003,-0.998,-0.446942255,-0.005747938,0.00900275,-0.005498625,0.447942255,0.000747938
1581251233.152447,000000000401,e78f135624ce,-73,5.860053752,13.241168348,1.757476671,0.006523329,0.026946248,-0.998,-0.403120193,-0.008657708,-0.00128854,-0.010315416,0.402462485,0.026261665
1581251233.6034484,000000000401,e78f135624ce,-70,5.860121901,13.352110527,1.829293379,-0.013695246,0.003426655,-0.999,-0.469074365,-0.006121901,0.008878099,-0.007060951,0.468135315,0.001426655
1581251234.0545335,000000000401,e78f135624ce,-70,5.862623314,13.434246627,1.860493255,-0.023497752,0.002627811,-0.999,-0.605874438,-0.006,0.013372189,-0.006437219,0.605874438,6.503e-05
1581251234.5094335,000000000401,e78f135624ce,-66,5.854273132,13.438466972,1.834387679,-0.014273132,0.015511009,-0.999,-0.524356755,-0.003431717,-0.001863434,-0.003431717,0.524356755,0.010726868
1581251234.9624233,000000000401,e78f135624ce,-66,5.872894667,13.45936819,1.839052571,-0.018052571,0.007473714,-0.999,-0.46773638,-0.00668419,0.017736762,-0.00668419,0.46773638,0.00631581
1581251235.4159505,000000000401,e78f135624ce,-65,5.875454822,13.476638573,1.846632497,-0.019909643,0.00672893,-0.999,-0.342930908,-0.006454822,0.011,-0.006909643,0.342930908,0.00272893
1581251235.8754592,000000000401,e78f135624ce,-70,5.891182557,13.508717295,1.801886918,-0.026591279,0.006939148,-0.999,-0.300891722,-0.011234787,0.018826066,-0.01135218,0.301891722,0.014586967
1581251236.326483,000000000401,e78f135624ce,-86,5.846952142,13.426073506,1.764929933,-0.010658117,0.022047858,-0.999,-0.538133258,-0.01319487,0.013926494,-0.012463247,0.537401634,0.022779481
1581251236.3294225,000000000401,e78f135624ce,-70,5.846703419,13.425983061,1.764093317,-0.010771173,0.022296581,-0.999,-0.54166061,-0.013262704,0.014016939,-0.012508469,0.540906375,0.023050816
1581251236.7824724,000000000401,e78f135624ce,-72,5.825965402,13.424924553,1.785323884,-0.012779911,0.013213839,-0.99760692,-0.352016291,-0.008248437,0.050751563,-0.007641518,0.352230131,0.011034598
1581251237.6914332,000000000401,e78f135624ce,-69,5.704344697,13.374273841,1.837,0.025083111,0.005726159,-0.996,0.273277296,0.001726159,0.086726159,0.002726159,-0.274277296,-0.004363079
1581251238.1494353,000000000401,e78f135624ce,-74,5.583795155,13.357234637,1.856785848,0.034448789,0.010255121,-0.996,0.304752315,0.004744879,0.086469273,0.005744879,-0.306497194,-0.010255121
1581251238.5994365,000000000401,e78f135624ce,-71,5.435737316,13.362,1.868,0.019156682,0.010156682,-0.997843318,0.175589864,0.003156682,0.064783409,0.004156682,-0.175746546,-0.011
1581251239.0515435,000000000401,e78f135624ce,-75,5.271955889,13.364491423,1.863508577,0.01651838,0.007004901,-0.998498775,0.206802649,0.003503676,0.052004901,0.004004901,-0.207303874,-0.006503676
1581251239.5104587,000000000401,e78f135624ce,-82,5.076365277,13.348792237,1.858584474,-0.008623289,0.004792237,-0.999,-0.511879044,-0.007415526,0.036961185,-0.006415526,0.511879044,-0.001792237
1581251239.9674315,000000000401,e78f135624ce,-85,4.872096904,13.341253461,1.852253461,-0.005380191,0.003,-1.0,-0.846156557,-0.01187327,0.014760383,-0.01187327,0.846156557,0.001746539
1581251240.4184172,000000000401,e78f135624ce,-72,4.665477362,13.337,1.848607956,0.002,0.003,-1.0,-0.948880659,-0.013,0.001,-0.013,0.948880659,0.002392044
1581251240.8734708,000000000401,e78f135624ce,-73,4.44696809,13.33598251,1.845,-0.00101749,0.00498251,-1.0,-0.98406996,-0.013,0.002,-0.013,0.98406996,0.004
1581251241.330425,000000000401,e78f135624ce,-75,4.235638675,13.331629953,1.844,0.001370047,0.003314976,-1.0,-0.994685024,-0.013,-0.001370047,-0.013,0.994685024,0.003314976
1581251241.7854784,000000000401,e78f135624ce,-76,4.036357422,13.32566072,1.845,0.008678561,0.002,-1.0,-0.99833928,-0.01133928,-0.00833928,-0.01133928,0.99833928,0.002
1581251242.6974294,000000000401,e78f135624ce,-75,3.697943185,13.352366187,1.8209295,-0.001366187,0.014267625,-1.0,-0.536705696,-0.01453525,-0.002,-0.01453525,0.536705696,0.010901438
1581251243.1564152,000000000401,e78f135624ce,-78,3.521566745,13.351292027,1.808247836,-0.000876082,0.013876082,-1.0,-0.554963546,-0.015876082,0.000876082,-0.015876082,0.554963546,0.013876082
1581251243.6154075,000000000401,e78f135624ce,-78,3.35011052,13.345,1.797862357,0.000954119,0.016137643,-1.0,-0.478633967,-0.015137643,0.004862357,-0.015137643,0.478633967,0.015183523
1581251244.0704045,000000000401,e78f135624ce,-72,3.186858451,13.352215886,1.803823829,-0.003,0.015,-1.0,-0.319290223,-0.011392057,0.015215886,-0.010392057,0.319290223,0.009784114
1581251244.9774146,000000000401,e78f135624ce,-77,2.825280774,13.331930485,1.792465243,-0.008465243,0.016767379,-0.999883689,-0.849719226,-0.020883689,0.012581553,-0.020767379,0.849719226,0.015767379
1581251245.4324186,000000000401,e78f135624ce,-77,2.642511559,13.323456389,1.796561055,-0.008982556,0.015473834,-1.0,-0.951630832,-0.017473834,0.009982556,-0.016982556,0.951630832,0.014473834
1581251245.885453,000000000401,e78f135624ce,-81,2.450015569,13.311530633,1.801821393,-0.008117342,0.012647975,-1.0,-0.984469367,-0.011882658,0.009,-0.011882658,0.984469367,0.012647975
1581251246.3394034,000000000401,e78f135624ce,-82,2.275557866,13.29977044,1.823,-0.011262264,0.004,-1.0,-0.994754088,-0.011508176,0.012016352,-0.011508176,0.994754088,0.004
1581251246.7973943,000000000401,e78f135624ce,-69,2.101745763,13.315292824,1.816690588,-0.021430941,0.004723765,-0.999569059,-0.998,-0.015861882,0.021430941,-0.015861882,0.998,0.005723765
1581251247.2513852,000000000401,e78f135624ce,-68,1.931994666,13.319141714,1.802213238,-0.018713905,0.007214571,-0.999,-0.999,-0.019071524,0.018713905,-0.019071524,0.999,0.008214571
1581251247.7034597,000000000401,e78f135624ce,-74,1.749475554,13.303898095,1.793446561,-0.009,0.008621376,-0.999,-0.999,-0.020655344,0.008655344,-0.020655344,0.999,0.008621376
1581251249.060368,000000000401,e78f135624ce,-67,1.229286817,13.343349421,1.766464148,-0.033956977,0.018028682,-0.99850717,-0.999,-0.02050717,0.033449807,-0.02,0.999,0.018521511
1581251249.5203998,000000000401,e78f135624ce,-69,1.054047571,13.369414685,1.775622027,-0.025755946,0.013377973,-0.999,-0.999,-0.022207342,0.024963289,-0.022207342,0.999,0.013377973
1581251249.9733717,000000000401,e78f135624ce,-71,0.856709144,13.085618131,1.834109116,0.064763666,-0.004145464,-0.983018174,-0.983181812,-0.026163638,-0.064763666,-0.021,0.999,-0.006145464
1581251250.4303777,000000000401,e78f135624ce,-68,0.699256354,13.195701738,1.762408382,0.013099421,0.010183237,-0.993408382,-0.993816763,-0.024183237,-0.013099421,-0.023183237,0.999,0.010183237
1581251250.8834057,000000000401,e78f135624ce,-79,0.552288201,13.273050843,1.793745786,-0.006966105,0.001050843,-0.996016948,-0.997016948,-0.026,0.006966105,-0.026016948,0.998,0.00106779
1581251251.3354383,000000000401,e78f135624ce,-72,0.423366761,13.31476668,1.787799839,-0.016060008,0.004826688,-0.995706672,-0.997353336,-0.026,0.016060008,-0.027646664,0.997353336,0.005180024
