1581251155.392046,000000000202,e78f135624ce,-84,17.96,4.45,1.64,0.014,-0.01,-0.997,1.002,0.002,0.014,0.001,-0.997,0.015
1581251155.845056,000000000202,e78f135624ce,-82,17.955938599,4.401447393,1.677429806,0.014,-0.001938599,-0.999,1.001,0.008061401,0.014,0.008061401,-0.999,0.003938599
1581251156.2990897,000000000202,e78f135624ce,-85,17.953147647,4.341047064,1.729476468,0.014295294,0.002852353,-1.0,1.0,0.012,0.014295294,0.012,-1.0,-0.002
1581251156.7540474,000000000202,e78f135624ce,-79,17.947630569,4.283152845,1.772477724,0.017579621,0.00478981,-1.0,1.0,0.011,0.017579621,0.011,-1.0,-0.004
1581251157.2080946,000000000202,e78f135624ce,-80,17.937379354,4.249974193,1.800215484,0.017,0.003594839,-1.0,1.0,0.009,0.017,0.009,-1.0,-0.003594839
1581251157.6660502,000000000202,e78f135624ce,-79,17.923104844,4.233475778,1.809629067,0.016104844,0.001104844,-1.0,1.0,0.008895156,0.016104844,0.008895156,-1.0,-0.001104844
1581251158.1170585,000000000202,e78f135624ce,-80,17.928,4.212119407,1.825064178,0.019064178,0.004688059,-1.0,1.0,0.010688059,0.019064178,0.011376119,-1.0,-0.004
1581251158.570066,000000000202,e78f135624ce,-83,17.928521708,4.189174022,1.833478292,0.022521708,0.005739146,-1.0,1.0,0.013260854,0.022521708,0.013260854,-1.0,-0.005478292
1581251159.0210855,000000000202,e78f135624ce,-81,17.924434712,4.178,1.835144904,0.031420384,0.005144904,-0.999144904,0.999,0.014,0.031420384,0.014,-1.0,-0.005144904
1581251159.483061,000000000202,e78f135624ce,-79,17.894664108,4.182251439,1.838333973,0.041915547,0.005,-0.999,0.999,0.011416507,0.041915547,0.011416507,-1.0,-0.004583493
1581251159.9340937,000000000202,e78f135624ce,-82,17.82509174,4.187467453,1.839,0.02459764,0.003766273,-1.0,0.999233727,0.012,0.02459764,0.012766273,-1.0,-0.003
1581251160.385056,000000000202,e78f135624ce,-81,17.735921089,4.200342101,1.847561401,0.006877198,0.005,-1.0,1.0,0.012,0.006877198,0.012,-1.0,-0.005
1581251160.8410606,000000000202,e78f135624ce,-83,17.622577844,4.193929641,1.850585928,-0.004242216,0.004585928,-1.0,1.0,0.012,-0.004242216,0.012,-1.0,-0.004585928
1581251161.296064,000000000202,e78f135624ce,-79,17.496553348,4.185,1.845039099,-0.016078197,0.003,-1.0,1.0,0.013960901,-0.016078197,0.013960901,-1.0,-0.003
1581251161.7480984,000000000202,e78f135624ce,-81,17.357314969,4.171331497,1.842998623,-0.013665748,0.001332874,-1.0,1.0,0.014,-0.013665748,0.014,-1.0,-0.001665748
1581251162.1981,000000000202,e78f135624ce,-76,17.205568947,4.159152428,1.842717476,-0.000304856,0.003282524,-1.0,1.0,0.014565048,-0.000304856,0.014565048,-1.0,-0.003282524
1581251163.113079,000000000202,e78f135624ce,-88,16.874109846,4.150207323,1.835207323,0.026597559,0.007402441,-1.0,0.999,0.015,0.027195118,0.015,-1.0,-0.007
1581251164.0231278,000000000202,e78f135624ce,-75,16.544455658,4.149719319,1.838,0.01614034,0.00614034,-1.0,1.0,0.01485966,0.01614034,0.01485966,-1.0,-0.00614034
1581251164.4740973,000000000202,e78f135624ce,-74,16.384734919,4.147,1.838447506,0.021482502,0.004482502,-1.0,1.0,0.015517498,0.021482502,0.016,-1.0,-0.004482502
1581251164.9240625,000000000202,e78f135624ce,-78,16.224802362,4.142,1.838,0.022707142,0.003,-1.0,1.0,0.016,0.022707142,0.016,-1.0,-0.002902381
1581251165.8340642,000000000202,e78f135624ce,-76,15.918144267,4.159153852,1.82750962,-0.013865389,0.007778843,-1.0,0.318827194,0.014288463,-0.013932694,0.014288463,-0.319471426,0.007134611
1581251166.738095,000000000202,e78f135624ce,-77,15.556032205,4.128229469,1.805770531,-0.004278583,0.014639291,-1.0,-0.091847816,0.013180354,0.016180354,0.013590177,0.091437993,0.013639291
1581251167.1960938,000000000202,e78f135624ce,-80,15.3935914,4.120751987,1.816992052,0.015744039,0.007,-1.0,0.655801304,0.016751987,0.022248013,0.016751987,-0.655801304,0.001503974
1581251167.650115,000000000202,e78f135624ce,-76,15.229298106,4.101716351,1.806511679,0.000409343,0.016692992,-1.0,-0.219550633,0.011102336,0.019307008,0.011204672,0.219550633,0.013488321
1581251167.653086,000000000202,e78f135624ce,-91,15.228163748,4.101527291,1.806376637,0.000301309,0.016774018,-1.0,-0.227059,0.011075327,0.019225982,0.011150655,0.227059,0.013623363
1581251168.1081202,000000000202,e78f135624ce,-78,15.060784825,4.094968214,1.788452322,-0.018547678,0.024515893,-0.999,-0.74775553,0.007484107,0.025,0.007968214,0.74775553,0.023515893
1581251168.5661159,000000000202,e78f135624ce,-85,14.895700368,4.087134035,1.784463861,-0.010804208,0.021268069,-0.999,-0.607743819,0.008,0.029134035,0.009,0.607743819,0.020268069
1581251169.0160832,000000000202,e78f135624ce,-82,14.7158552,4.103991749,1.767252063,-0.033991749,0.027252063,-0.999,-0.873161302,0.006252063,0.039747937,0.008,0.873161302,0.027252063
1581251169.4661014,000000000202,e78f135624ce,-85,14.580671929,4.106609076,1.765045378,-0.021954622,0.024390924,-0.998390924,-0.523293118,0.01,0.04,0.011,0.523293118,0.022781849
1581251170.3761063,000000000202,e78f135624ce,-79,14.20623793,4.135868357,1.747131643,-0.052,0.026,-0.998,-0.949964571,0.006377214,0.054377214,0.008,0.950964571,0.025622786
1581251171.2851288,000000000202,e78f135624ce,-71,13.838247387,4.151250314,1.733500209,-0.051,0.026374843,-0.998,-0.993750105,0.003249895,0.051,0.004374843,0.994750105,0.026374843
1581251172.2040963,000000000202,e78f135624ce,-76,13.482448227,4.126720662,1.743755177,-0.025224113,0.020993097,-0.999,-0.890254462,0.004755177,0.029496548,0.005755177,0.890254462,0.021496548
1581251172.6551144,000000000202,e78f135624ce,-76,13.335012741,4.103270959,1.75229041,-0.006270959,0.021,-0.999,-0.316657269,0.01,0.022406438,0.010864521,0.316657269,0.016219315
1581251173.10612,000000000202,e78f135624ce,-85,13.221400504,4.53675063,1.802137909,-0.130400504,0.022437657,-0.964562343,0.167679156,0.018456234,-0.119769207,0.011368703,-0.201116813,1.8577e-05
1581251173.5651307,000000000202,e78f135624ce,-80,13.05626722,4.375381875,1.812458622,-0.043936199,0.013,-0.988343967,0.375381875,0.016770689,-0.03116551,0.013885344,-0.386037909,-0.001
1581251174.476109,000000000202,e78f135624ce,-75,12.707736749,4.184631537,1.770578946,-0.000736837,0.025157892,-0.998,-0.199737219,0.013315783,-0.000263163,0.013315783,0.198158273,0.020578946
1581251175.384107,000000000202,e78f135624ce,-75,12.391353241,4.146447298,1.766378919,-0.004757838,-6.8379e-05,-0.99968946,0.609629736,0.01368946,-0.007378919,0.01368946,-0.609629736,0.012621081
1581251175.838133,000000000202,e78f135624ce,-78,12.250746306,4.152,1.772919027,-0.012306342,-0.004,-1.0,0.875028324,0.016,-0.013306342,0.016,-0.875334666,0.008387315
1581251176.2921424,000000000202,e78f135624ce,-77,12.107839893,4.166361024,1.787574016,-0.016929003,-0.002070997,-1.0,0.960006037,0.012141995,-0.016929003,0.012141995,-0.960006037,0.003141995
1581251176.7441509,000000000202,e78f135624ce,-77,11.996243412,4.1715213,1.802640975,-0.006200812,0.00076065,-1.0,0.98723935,0.012559838,-0.006200812,0.012559838,-0.98723935,-0.000320487
1581251178.1161206,000000000202,e78f135624ce,-75,11.820022856,4.151986287,1.802484001,0.012506857,-0.001506857,-1.0,0.999,0.014995429,0.012506857,0.014995429,-0.999,0.002009142
1581251178.5721595,000000000202,e78f135624ce,-77,11.808509659,4.147705796,1.797901932,0.013,-0.004,-1.0,1.0,0.013098068,0.013,0.013,-1.0,0.004
1581251179.0231857,000000000202,e78f135624ce,-75,11.783182073,4.172999649,1.802181723,0.004818277,-0.001545518,-1.0,1.0,0.012,0.004818277,0.012,-1.0,0.002272759
1581251180.3911417,000000000202,e78f135624ce,-76,11.775670505,4.202011516,1.825346768,0.000994242,0.004005758,-1.0,1.0,0.017,0.001329495,0.017,-1.0,-0.004005758
1581251180.850154,000000000202,e78f135624ce,-74,11.768353635,4.197030452,1.832060904,0.003646365,0.007707269,-1.0,1.0,0.018676817,0.003646365,0.018676817,-1.0,-0.007707269
1581251180.8531098,000000000202,e78f135624ce,-72,11.768304369,4.196956554,1.831913108,0.003695631,0.007608739,-1.0,1.0,0.018652185,0.003695631,0.018652185,-1.0,-0.007608739
1581251181.3061178,000000000202,e78f135624ce,-74,11.767121252,4.20483833,1.833919165,4.0417e-05,0.007,-1.0,1.0,0.016,4.0417e-05,0.016,-1.0,-0.007
1581251181.7591298,000000000202,e78f135624ce,-75,11.759009317,4.203803727,1.826009317,0.002196273,0.003401863,-1.0,1.0,0.015196273,0.002196273,0.015196273,-1.0,-0.003401863
1581251182.2091353,000000000202,e78f135624ce,-75,11.762572872,4.205864358,1.826213564,0.001067821,0.003,-1.0,1.0,0.014,0.001854257,0.014,-1.0,-0.003
1581251183.1201584,000000000202,e78f135624ce,-84,11.754489887,4.188449435,1.813919097,0.005020226,-4.0452e-05,-1.0,1.0,0.013489887,0.005020226,0.013489887,-1.0,4.0452e-05
1581251183.1231177,000000000202,e78f135624ce,-80,11.754514548,4.188572738,1.81411638,0.004970905,5.819e-05,-1.0,1.0,0.013514548,0.004970905,0.013514548,-1.0,-5.819e-05
1581251183.576122,000000000202,e78f135624ce,-75,11.75,4.204089586,1.815754166,-0.002737501,0.001,-1.0,1.0,0.015,-0.002737501,0.015,-1.0,-0.001
1581251184.031137,000000000202,e78f135624ce,-75,11.737465154,4.262278766,1.830767423,-0.002930308,0.008,-1.0,1.0,0.018767423,-0.002697731,0.018767423,-1.0,-0.008
1581251184.489146,000000000202,e78f135624ce,-71,11.746777662,4.387887789,1.817222078,-0.002444416,0.002888831,-1.0,1.0,0.022,-0.002444416,0.022,-1.0,-0.002888831
1581251184.9461167,000000000202,e78f135624ce,-83,11.705319473,4.570453684,1.766,-0.027865789,0.026113421,-0.996113421,0.441697619,0.016659737,0.03897921,0.018659737,-0.439811041,0.017886579
1581251185.3981602,000000000202,e78f135624ce,-85,11.694616178,4.582697065,1.787785884,0.007339413,0.019830293,-0.998,0.12371768,0.011723236,0.016616178,0.013,-0.12271768,0.007830293
1581251185.8501475,000000000202,e78f135624ce,-78,11.704,4.722602031,1.806615645,0.003030613,0.013,-0.999,0.081180292,0.009676871,0.031615645,0.010676871,-0.081180292,0.005676871
1581251186.3071406,000000000202,e78f135624ce,-78,11.711,4.881828214,1.810065099,-0.003162748,0.008065099,-0.999,0.051242321,0.00996745,0.037934901,0.00996745,-0.051242321,0.00896745
1581251186.7693143,000000000202,e78f135624ce,-74,11.716676479,5.013911978,1.800352958,0.012794228,0.003,-0.999,0.304913716,0.013029437,0.040029437,0.013029437,-0.304913716,0.008970563
1581251188.1321504,000000000202,e78f135624ce,-88,11.698552531,5.523311375,1.722894938,0.008552531,-0.030684813,-0.995552531,0.323727281,0.009342406,0.023762656,0.008342406,-0.323279813,0.044894938
1581251188.5831418,000000000202,e78f135624ce,-77,11.699,5.712242903,1.771427992,0.00446501,0.004106998,-0.996106998,0.118600395,0.004679006,0.028106998,0.004572008,-0.116707393,0.012213996
1581251189.0410979,000000000202,e78f135624ce,-72,11.700432488,5.892187811,1.753892388,0.006135025,-0.007053806,-0.997216244,0.005511666,0.002567512,0.036567512,0.001783756,-0.00472791,0.024486293
1581251189.4964225,000000000202,e78f135624ce,-69,11.701070706,6.105777804,1.808464647,0.002070706,0.007141413,-0.997464647,0.043919251,0.005858587,0.029353532,0.005858587,-0.042919251,7.0706e-05
1581251189.9511473,000000000202,e78f135624ce,-77,11.696858747,6.310040172,1.815033694,0.000412527,-0.005130021,-0.998,0.102595676,0.006423758,0.046576242,0.006282505,-0.102595676,0.006988769
1581251190.410198,000000000202,e78f135624ce,-81,11.698519566,6.492452145,1.800740217,0.003338048,-0.000779349,-0.998,0.107017444,0.005519566,0.054519566,0.005519566,-0.107757661,0.012
1581251190.8681848,000000000202,e78f135624ce,-73,11.696390107,6.695675661,1.818950534,-0.003950534,0.00917032,-0.998,0.046132096,0.004609893,0.04817032,0.005,-0.045741989,0.005609893
1581251191.777161,000000000202,e78f135624ce,-79,11.697939231,7.135396581,1.847360342,-0.01922282,0.008340085,-0.996,-0.05566957,0.004639658,0.082340085,0.004979744,0.057009656,0.000340085
1581251192.2311792,000000000202,e78f135624ce,-74,11.732449679,7.283698074,1.848244111,0.03530621,0.00908137,-0.99730621,0.664314778,0.012,0.067244111,0.013,-0.665008568,-0.00538758
1581251192.684155,000000000202,e78f135624ce,-81,11.750759435,7.461571955,1.834240565,0.028360847,0.004120282,-0.998939859,0.893654495,0.013939859,0.03854127,0.014,-0.893714637,-0.003060141
1581251193.1451573,000000000202,e78f135624ce,-72,11.764844634,7.650203419,1.826155366,0.020155366,0.002385122,-0.999614878,0.965763659,0.013385122,0.023540487,0.013385122,-0.966148781,-0.002
1581251193.5985284,000000000202,e78f135624ce,-77,11.766547394,7.841767764,1.823547394,0.009321091,0.002,-1.0,0.988678909,0.014773697,0.010321091,0.014773697,-0.988905213,-0.002
1581251194.056206,000000000202,e78f135624ce,-73,11.761116662,8.020516897,1.824650015,-0.000766676,0.003766676,-1.0,0.996766676,0.013116662,-0.000650015,0.013116662,-0.996766676,-0.003766676
1581251194.5051773,000000000202,e78f135624ce,-66,11.76598162,8.184086445,1.82450919,-0.006,0.003,-1.0,0.999,0.01250919,-0.00549081,0.01250919,-0.999,-0.003
1581251194.958166,000000000202,e78f135624ce,-80,11.765741632,8.339487975,1.819258368,-0.006870816,0.003,-1.0,1.0,0.011129184,-0.006870816,0.011129184,-1.0,-0.003
1581251195.4101582,000000000202,e78f135624ce,-82,11.764,8.433537587,1.81856069,-0.008,0.00252023,-1.0,1.0,0.011260115,-0.008,0.011260115,-1.0,-0.00252023
1581251195.863176,000000000202,e78f135624ce,-77,11.770696735,8.48792225,1.818954897,-0.006696735,0.002651632,-1.0,1.0,0.013651632,-0.006696735,0.013,-1.0,-0.002651632
1581251197.2322173,000000000202,e78f135624ce,-77,11.767,8.537708247,1.815,0.015583505,0.003,-1.0,1.0,0.008291753,0.015583505,0.009,-1.0,-0.003
1581251197.6841855,000000000202,e78f135624ce,-77,11.759804007,8.557738676,1.820326655,0.010934669,0.003130662,-1.0,1.0,0.013,0.010934669,0.013,-1.0,-0.003130662
1581251198.1352322,000000000202,e78f135624ce,-74,11.764,8.552531084,1.819,0.015489639,0.003,-1.0,1.0,0.011,0.015489639,0.011,-1.0,-0.003
1581251199.0471802,000000000202,e78f135624ce,-74,11.763244227,8.564732682,1.813244227,0.012511545,0.001755773,-1.0,1.0,0.010244227,0.012511545,0.010244227,-1.0,-0.001
1581251199.4991915,000000000202,e78f135624ce,-77,11.765,8.553761009,1.814238991,0.017412997,0.002412997,-1.0,1.0,0.009412997,0.017412997,0.009412997,-1.0,-0.002412997
1581251199.9531891,000000000202,e78f135624ce,-71,11.763577957,8.56059086,1.811662365,0.031746774,-8.4409e-05,-0.999,0.999,0.014746774,0.031746774,0.013831183,-1.0,0.001
1581251200.407197,000000000202,e78f135624ce,-79,11.73578562,8.574368125,1.809,0.019,-0.001,-1.0,1.0,0.012,0.019,0.012,-1.0,0.001
1581251200.8581858,000000000202,e78f135624ce,-78,11.671966902,8.572340689,1.811,0.023553104,-0.001446896,-1.0,1.0,0.012,0.023553104,0.012,-1.0,0.002223448
1581251201.3152218,000000000202,e78f135624ce,-67,11.572354277,8.576124232,1.80849693,0.02850307,-0.006627303,-0.999124232,0.999124232,0.012124232,0.02850307,0.012,-1.0,0.006751535
1581251201.7661746,000000000202,e78f135624ce,-73,11.450057705,8.557009111,1.817996963,0.046495444,-0.005,-0.999,0.999,0.013501519,0.046495444,0.013501519,-1.0,0.005501519
1581251202.6731954,000000000202,e78f135624ce,-71,11.16333141,8.542704414,1.822,0.056,-0.003,-0.998,0.998,0.011234805,0.056,0.011,-1.0,0.003234805
1581251203.5932152,000000000202,e78f135624ce,-82,10.821275779,8.545914372,1.821,0.049197387,-0.006,-0.999,0.999,0.010098693,0.049197387,0.01,-1.0,0.006098693
1581251204.0432134,000000000202,e78f135624ce,-70,10.648731088,8.585412944,1.819,-0.010696446,0.002,-0.996706472,0.309488593,0.002119416,0.072228806,0.002412944,-0.307195065,0.007880584
1581251204.9532385,000000000202,e78f135624ce,-82,10.20008107,8.586043075,1.82208615,-0.000129225,0.006014358,-0.999,-0.02977623,0.004,0.034985642,0.004985642,0.02977623,0.005014358
1581251205.410199,000000000202,e78f135624ce,-83,9.962302053,8.576029326,1.834313783,-0.011,0.010313783,-1.0,-0.688002933,0.002,0.022372434,0.002,0.688659824,0.010313783
1581251205.4131866,000000000202,e78f135624ce,-83,9.960683755,8.575954635,1.834363577,-0.011,0.010363577,-1.0,-0.690542415,0.002,0.022272846,0.002,0.691224203,0.010363577
1581251205.873212,000000000202,e78f135624ce,-70,9.70082328,8.569302665,1.817,0.001256662,0.010394671,-0.999,-0.355944186,-0.004651332,-0.020513324,-0.004651332,0.355944186,0.010394671
1581251206.3242214,000000000202,e78f135624ce,-66,9.501025272,8.56,1.82677998,-0.00977998,0.014,-0.999,-0.793874629,-0.002055005,0.00366997,-0.002,0.793929634,0.014055005
1581251207.6872094,000000000202,e78f135624ce,-81,8.918952526,8.554742499,1.831742499,-0.02387125,0.00812875,-1.0,-0.992742499,-0.00512875,0.023742499,-0.004257501,0.993613749,0.008257501
1581251208.142218,000000000202,e78f135624ce,-76,8.724576926,8.559924475,1.834,-0.027462238,0.007462238,-1.0,-0.997462238,-0.004462238,0.027462238,-0.004462238,0.997462238,0.007462238
1581251208.592214,000000000202,e78f135624ce,-71,8.523548331,8.554931101,1.836015311,-0.024977034,0.010992345,-1.0,-0.999,-0.003,0.024969378,-0.002007655,0.999,0.010992345
1581251209.0532374,000000000202,e78f135624ce,-63,8.305343377,8.552455221,1.834544779,-0.023,0.012455221,-1.0,-0.999,-0.001544779,0.023,-0.001544779,1.0,0.012455221
1581251210.8732283,000000000202,e78f135624ce,-72,7.425399183,8.539938122,1.84,-0.009203592,0.004,-1.0,-1.0,-0.008265469,0.009203592,-0.008265469,1.0,0.004
1581251211.3342438,000000000202,e78f135624ce,-81,7.215180288,8.540725837,1.839945167,-5.4833e-05,0.005,-1.0,-1.0,-0.009109665,5.4833e-05,-0.009109665,1.0,0.005
1581251211.790215,000000000202,e78f135624ce,-69,7.022462781,8.534393515,1.82278703,0.007606485,0.008606485,-1.0,-1.0,-0.00978703,-0.007606485,-0.00978703,1.0,0.008606485
1581251212.6952167,000000000202,e78f135624ce,-83,6.726692543,8.595038203,1.82994239,-0.004326864,0.007134627,-1.0,-0.188426348,-0.000269254,-0.011134627,-0.000269254,0.188426348,0.002865373
1581251213.154223,000000000202,e78f135624ce,-78,6.574954629,8.576952483,1.805572348,0.007047517,0.011618792,-0.999,-0.388561619,-0.005618792,-0.018952483,-0.006142551,0.388561619,0.011618792
1581251213.6072023,000000000202,e78f135624ce,-83,6.491570103,8.624791515,1.822263838,-0.008868081,0.011868081,-0.999,0.305174346,0.004,-0.013944647,0.004,-0.305174346,0.001
1581251214.0662293,000000000202,e78f135624ce,-79,6.398415339,8.63638681,1.82177362,-0.00116043,0.005580215,-1.0,0.699885882,0.011806595,-0.00016043,0.011806595,-0.699885882,-0.001
1581251214.975238,000000000202,e78f135624ce,-79,6.155906777,8.639319989,1.866319989,0.013319989,0.014106663,-1.0,0.969853303,0.018,0.014213326,0.018,-0.969853303,-0.013106663
1581251215.4352052,000000000202,e78f135624ce,-76,6.07323334,8.647037497,1.863255553,0.016436112,0.012345832,-1.0,0.990345832,0.017781944,0.016436112,0.018,-0.990345832,-0.012127777
1581251215.887237,000000000202,e78f135624ce,-74,6.003355816,8.680968719,1.865617791,0.007471163,0.013,-1.0,0.996382209,0.018617791,0.008471163,0.018617791,-0.996382209,-0.013
1581251216.3432534,000000000202,e78f135624ce,-77,5.97084322,8.702172458,1.863031356,0.005968644,0.012,-1.0,0.999,0.020015678,0.006952966,0.020015678,-0.999,-0.012
1581251217.259255,000000000202,e78f135624ce,-77,5.932973936,8.729,1.857921807,0.003342021,0.008973936,-1.0,1.0,0.021,0.003342021,0.021,-1.0,-0.008973936
1581251217.7102482,000000000202,e78f135624ce,-75,5.911,8.743010215,1.852938709,-0.002989785,0.007,-1.0,0.893103238,0.019,0.001959139,0.019,-0.893103238,-0.007989785
1581251218.1682417,000000000202,e78f135624ce,-76,5.925920927,8.715471165,1.849568371,0.007960464,0.009392093,-1.0,0.964294887,0.018392093,0.009960464,0.018392093,-0.96468698,-0.009392093
1581251218.6222541,000000000202,e78f135624ce,-75,5.910101623,8.72470854,1.856430487,0.003430487,0.012810162,-1.0,0.988569513,0.017810162,0.004240649,0.017810162,-0.988569513,-0.012810162
1581251219.0782328,000000000202,e78f135624ce,-78,5.886991681,8.74750416,1.84566944,-0.005,0.00983472,-1.0,0.912876315,0.015,0.00033056,0.015,-0.912876315,-0.00883472
1581251219.5292382,000000000202,e78f135624ce,-80,5.911121927,8.712786627,1.851515241,0.004637168,0.011030482,-1.0,0.971878073,0.017969518,0.006152409,0.017969518,-0.971878073,-0.010515241
1581251220.4382591,000000000202,e78f135624ce,-80,5.90927594,8.829101501,1.85972406,-0.02044812,0.012,-0.99927594,0.97834436,0.02072406,-0.02044812,0.02072406,-0.97906842,-0.01272406
1581251220.889266,000000000202,e78f135624ce,-73,5.917157946,8.927631349,1.861631567,-0.030947351,0.011315784,-0.999,0.992631567,0.020631567,-0.030947351,0.020315784,-0.992631567,-0.012
1581251221.3482392,000000000202,e78f135624ce,-67,5.906783113,9.024542127,1.863048197,-0.033951803,0.012024099,-0.999,0.996975901,0.018072296,-0.032975901,0.018072296,-0.997975901,-0.012024099
1581251221.80327,000000000202,e78f135624ce,-73,5.940449785,9.147609328,1.870220086,-0.044149928,0.014110043,-0.999,0.998,0.018629986,-0.044149928,0.018,-0.999,-0.014740029
1581251222.256252,000000000202,e78f135624ce,-71,5.964341543,9.291073891,1.876731691,-0.047731691,0.017,-0.999,0.998,0.017268309,-0.047731691,0.017,-0.999,-0.018
1581251222.7132435,000000000202,e78f135624ce,-69,5.975729053,9.459545425,1.891,-0.04020321,0.021067737,-0.999,0.999,0.016864526,-0.04020321,0.015932263,-0.999,-0.022
1581251223.165259,000000000202,e78f135624ce,-76,5.971,9.602957603,1.876129565,-0.017870435,0.016532391,-0.999,0.999,0.017532391,-0.017402826,0.017,-1.0,-0.017064782
1581251223.617245,000000000202,e78f135624ce,-70,5.981306869,9.777962926,1.895354505,-0.025439144,0.021941802,-0.998867725,0.998867725,0.016132275,-0.025306869,0.016132275,-0.999132275,-0.022941802
1581251224.074261,000000000202,e78f135624ce,-65,6.010871804,9.994776114,1.890625639,-0.042914536,0.017208546,-0.998,0.912952155,0.011208546,-0.047331629,0.010417093,-0.914743609,-0.019208546
1581251224.5282767,000000000202,e78f135624ce,-75,5.934807695,10.101441389,1.864747255,-0.008309526,0.016875458,-0.999,-0.049379078,-0.003875458,-0.028875458,-0.003875458,0.049379078,0.003064102
1581251224.9772396,000000000202,e78f135624ce,-73,5.890458365,10.424812453,1.888142411,-0.04827782,0.008045136,-0.985135409,-0.365968868,-0.000954864,-0.008954864,-0.003909727,0.368923732,-0.000729182
1581251225.4302382,000000000202,e78f135624ce,-68,5.827056684,10.539713903,1.887371123,-0.009226736,0.003971658,-0.994657219,-0.613809635,0.001,-0.011172728,-0.000657219,0.614809635,0.002314439
1581251225.8852723,000000000202,e78f135624ce,-63,5.865802542,10.552187683,1.823282502,0.030762463,0.007717498,-0.994565005,-0.393791789,0.006695015,-0.047174976,0.005695015,0.396509286,0.019304985
1581251226.3392355,000000000202,e78f135624ce,-63,5.884373429,10.792438059,1.810466786,0.006840216,-0.002533214,-0.997906643,-0.232770194,0.001466786,-0.019719928,0.001373429,0.233676837,0.012906643
1581251226.7952607,000000000202,e78f135624ce,-72,5.892841874,10.942,1.827230745,0.016957246,0.000136749,-0.998431625,-0.01907702,0.002136749,-0.027388871,0.002136749,0.02021377,0.002589752
1581251227.24627,000000000202,e78f135624ce,-62,5.853932941,11.027279992,1.934288628,0.047352747,-0.002533529,-0.993644314,-0.045358626,0.004355686,-0.024667646,0.007177843,0.046825096,-0.022577255
1581251227.6962748,000000000202,e78f135624ce,-67,5.838650495,11.397364046,1.901490284,-0.00614078,-0.003597092,-0.994771844,-0.004713551,0.011228156,-0.031053404,0.012228156,0.003485395,-0.004087376
1581251228.15026,000000000202,e78f135624ce,-68,5.826818253,11.58013113,1.838636507,-0.002,-0.011232363,-0.998,0.182344348,0.013646473,-0.006171781,0.014292945,-0.181697876,0.01541411
1581251228.1532514,000000000202,e78f135624ce,-71,5.826573499,11.580756613,1.838146998,-0.002,-0.011096388,-0.998,0.179216933,0.013619278,-0.005954221,0.014238555,-0.178597655,0.015522889
1581251228.6062522,000000000202,e78f135624ce,-67,5.83756116,11.722646911,1.78358512,0.01070744,-0.01685372,-0.999,0.430393445,0.01092686,0.01678058,0.01092686,-0.430393445,0.02396343
1581251229.058237,000000000202,e78f135624ce,-78,5.822897674,11.8709507,1.758620465,0.003795348,-0.00875907,-0.999,0.186481861,0.007620465,0.003795348,0.007,-0.186481861,0.025138605
1581251229.5182674,000000000202,e78f135624ce,-71,5.830684644,12.029570307,1.674088252,0.007950971,-0.02,-0.996665032,0.01803589,0.005660129,-0.001300647,0.004660129,-0.016700923,0.045630712
1581251230.4252543,000000000202,e78f135624ce,-70,5.889194121,12.34666768,1.757532353,0.026208819,0.000870586,-0.994532353,-0.148517655,-0.004129414,0.01940294,-0.004129414,0.147050008,0.013532353
1581251230.8752983,000000000202,e78f135624ce,-64,5.907071581,12.598891559,1.770259215,0.002419738,0.001696314,-0.997116052,0.041226631,-0.000232105,0.019348157,-0.000116052,-0.041226631,0.011812366
1581251231.3282905,000000000202,e78f135624ce,-72,5.907254473,12.943860841,1.805218688,-0.045473161,-0.004236581,-0.997,-0.311924451,-0.004491054,0.045745527,-0.004745527,0.313669978,0.006254473
1581251231.7832737,000000000202,e78f135624ce,-64,5.885201511,12.851342574,1.888596978,0.022608312,-0.011600756,-0.989197733,-0.425851381,-0.008201511,-0.004608312,-0.005600756,0.434653648,-0.009600756
1581251232.2413003,000000000202,e78f135624ce,-74,5.874381864,13.088658737,1.878236273,-0.006534609,-0.002,-0.996076373,-0.373933107,-0.007847255,0.002076373,-0.006847255,0.377780362,-0.001694509
1581251232.7002661,000000000202,e78f135624ce,-73,5.867222355,13.226074917,1.869667066,-0.007296074,0.003,-0.998,-0.44777405,-0.005777645,0.00896314,-0.00551843,0.44877405,0.000777645
1581251234.5072696,000000000202,e78f135624ce,-74,5.854406294,13.438816522,1.834820456,-0.014406294,0.015394493,-0.999,-0.522092998,-0.003398426,-0.001796853,-0.003398426,0.522092998,0.010593706
1581251234.9623609,000000000202,e78f135624ce,-65,5.872891023,13.459356218,1.839049448,-0.018049448,0.007475276,-0.999,-0.467712435,-0.006683149,0.017732597,-0.006683149,0.467712435,0.006316851
1581251235.4142776,000000000202,e78f135624ce,-66,5.87544088,13.476527041,1.846827679,-0.01988176,0.00664528,-0.999,-0.341829527,-0.00644088,0.011,-0.00688176,0.341829527,0.00264528
1581251235.8742976,000000000202,e78f135624ce,-72,5.891414873,13.509152886,1.802061154,-0.026707436,0.006861709,-0.999,-0.29900416,-0.011215427,0.018922864,-0.011323141,0.30000416,0.014538568
1581251236.326274,000000000202,e78f135624ce,-67,5.846969835,13.42607994,1.764989444,-0.010650075,0.022030165,-0.999,-0.537882346,-0.013190045,0.01392006,-0.01246003,0.537152331,0.02276018
1581251237.2332711,000000000202,e78f135624ce,-68,5.799687982,13.38893217,1.823040698,0.046877906,0.010959302,-0.996986434,0.567643399,0.005972868,0.068108528,0.006972868,-0.569629833,-0.002
1581251237.6902966,000000000202,e78f135624ce,-60,5.704695992,13.374253177,1.837,0.025227761,0.005746823,-0.996,0.274878788,0.001746823,0.086746823,0.002746823,-0.275878788,-0.004373412
1581251237.6932657,000000000202,e78f135624ce,-61,5.703778292,13.374307159,1.837,0.024849885,0.005692841,-0.996,0.270695156,0.001692841,0.086692841,0.002692841,-0.271695156,-0.00434642
1581251238.148311,000000000202,e78f135624ce,-79,5.584204021,13.357265302,1.856714296,0.034551005,0.010244899,-0.996,0.306244678,0.004755101,0.086530603,0.005755101,-0.307999779,-0.010244899
1581251238.597287,000000000202,e78f135624ce,-64,5.436397544,13.362,1.868,0.019172036,0.010172036,-0.997827964,0.175451677,0.003172036,0.06486018,0.004172036,-0.175623713,-0.011
1581251239.0492914,000000000202,e78f135624ce,-60,5.272535001,13.364604028,1.863395972,0.016277083,0.006940555,-0.998514861,0.202829301,0.003455417,0.051940555,0.003940555,-0.20331444,-0.006455417
1581251239.5082994,000000000202,e78f135624ce,-60,5.07722902,13.348807661,1.858615322,-0.008577017,0.004807661,-0.999,-0.509735112,-0.007384678,0.037038305,-0.006384678,0.509735112,-0.001807661
1581251239.966323,000000000202,e78f135624ce,-65,4.872661307,13.341273618,1.852273618,-0.005410427,0.003,-1.0,-0.845612312,-0.011863191,0.014820854,-0.011863191,0.845612312,0.001726382
1581251240.4172814,000000000202,e78f135624ce,-75,4.666045276,13.337,1.848617421,0.002,0.003,-1.0,-0.948738681,-0.013,0.001,-0.013,0.948738681,0.002382579
1581251240.873298,000000000202,e78f135624ce,-66,4.447053076,13.33598395,1.845,-0.00101605,0.00498395,-1.0,-0.984064198,-0.013,0.002,-0.013,0.984064198,0.004
1581251241.3293188,000000000202,e78f135624ce,-68,4.236115218,13.331646972,1.844,0.001353028,0.003323486,-1.0,-0.994676514,-0.013,-0.001353028,-0.013,0.994676514,0.003323486
1581251241.7852976,000000000202,e78f135624ce,-66,4.036429711,13.32566211,1.845,0.00867578,0.002,-1.0,-0.99833789,-0.01133789,-0.00833789,-0.01133789,0.99833789,0.002
1581251242.2432928,000000000202,e78f135624ce,-66,3.866290731,13.345014776,1.840911341,0.001,0.006044329,-1.0,-0.398408559,-0.007088659,-0.003,-0.007088659,0.398408559,0.002059106
1581251242.6963234,000000000202,e78f135624ce,-74,3.698394812,13.352375404,1.821003235,-0.001375404,0.014249191,-1.0,-0.535313948,-0.014498383,-0.002,-0.014498383,0.535313948,0.010873787
1581251243.1552942,000000000202,e78f135624ce,-61,3.521996479,13.351282685,1.808303889,-0.000848056,0.013848056,-1.0,-0.55374908,-0.015848056,0.000848056,-0.015848056,0.55374908,0.013848056
1581251243.6153522,000000000202,e78f135624ce,-60,3.350130092,13.345,1.797861081,0.000953694,0.016138919,-1.0,-0.478676941,-0.015138919,0.004861081,-0.015138919,0.478676941,0.015185225
1581251244.068308,000000000202,e78f135624ce,-61,3.18755188,13.352183633,1.80377545,-0.003,0.015,-1.0,-0.319919147,-0.011408183,0.015183633,-0.010408183,0.319919147,0.009816367
1581251244.5243013,000000000202,e78f135624ce,-72,3.012055122,13.341187243,1.79346697,-0.002733485,0.020013212,-0.999,-0.527702513,-0.015759909,0.01746697,-0.015013212,0.52744921,0.015266515
1581251244.9763732,000000000202,e78f135624ce,-76,2.82574941,13.331999913,1.792499956,-0.008499956,0.016750022,-0.999875011,-0.84925059,-0.020875011,0.012624945,-0.020750022,0.84925059,0.015750022
1581251245.4323637,000000000202,e78f135624ce,-71,2.64253715,13.323458674,1.796557856,-0.00898347,0.015475204,-1.0,-0.951623978,-0.017475204,0.00998347,-0.01698347,0.951623978,0.014475204
1581251245.8843052,000000000202,e78f135624ce,-71,2.450503362,13.311568891,1.801754441,-0.008107777,0.012676668,-1.0,-0.984431109,-0.011892223,0.009,-0.011892223,0.984431109,0.012676668
1581251246.3383083,000000000202,e78f135624ce,-62,2.275953771,13.299728322,1.823,-0.011236993,0.004,-1.0,-0.994745664,-0.011491329,0.011982658,-0.011491329,0.994745664,0.004
1581251246.796309,000000000202,e78f135624ce,-63,2.102138134,13.315267779,1.816774071,-0.021422593,0.004690372,-0.999577407,-0.998,-0.015845186,0.021422593,-0.015845186,0.998,0.005690372
1581251247.2493103,000000000202,e78f135624ce,-66,1.932824648,13.319319568,1.80237627,-0.018773189,0.007170108,-0.999,-0.999,-0.019056703,0.018773189,-0.019056703,0.999,0.008170108
1581251248.1532993,000000000202,e78f135624ce,-67,1.590840272,13.320617825,1.794,-0.011604621,0.007,-1.0,-0.999,-0.019,0.011604621,-0.019,1.0,0.007
1581251248.6043837,000000000202,e78f135624ce,-65,1.40563866,13.314156639,1.784662691,-0.020807227,0.013650588,-0.999,-0.999,-0.02042168,0.02,-0.02042168,0.999192773,0.013650588
1581251249.0593443,000000000202,e78f135624ce,-71,1.229579323,13.343195856,1.766427585,-0.033913102,0.018057932,-0.998514483,-0.999,-0.020514483,0.033398619,-0.02,0.999,0.018543449
1581251249.520784,000000000202,e78f135624ce,-65,1.053915883,13.369420172,1.775630257,-0.025739485,0.013369743,-0.999,-0.999,-0.022210086,0.024949571,-0.022210086,0.999,0.013369743
1581251249.973345,000000000202,e78f135624ce,-63,0.856719097,13.085608664,1.834113728,0.06476925,-0.004147163,-0.983016717,-0.983180598,-0.02616388,-0.06476925,-0.021,0.999,-0.006147163
1581251250.4298594,000000000202,e78f135624ce,-65,0.699433447,13.195546241,1.762404062,0.013151253,0.010191875,-0.993404062,-0.993808125,-0.024191875,-0.013151253,-0.023191875,0.999,0.010191875
1581251251.332384,000000000202,e78f135624ce,-68,0.424189029,13.314884147,1.786390236,-0.016130488,0.005014635,-0.995753659,-0.997376829,-0.026,0.016130488,-0.027623171,0.997376829,0.005391465
1581251251.7833252,000000000202,e78f135624ce,-66,0.319525232,13.275552349,1.761575696,-0.00468692,0.009737384,-0.995245795,-0.996,-0.026245795,0.00468692,-0.027245795,0.998,0.009737384
