1581251155.394072,000000000201,e78f135624ce,-88,17.96,4.45,1.64,0.014,-0.01,-0.997,1.002,0.002,0.014,0.001,-0.997,0.015
1581251155.8480525,000000000201,e78f135624ce,-84,17.955888658,4.400997926,1.677779391,0.014,-0.001888658,-0.999,1.001,0.008111342,0.014,0.008111342,-0.999,0.003888658
1581251156.3020623,000000000201,e78f135624ce,-84,17.953172419,4.34055163,1.729724185,0.014344837,0.002827581,-1.0,1.0,0.012,0.014344837,0.012,-1.0,-0.002
1581251159.0220537,000000000201,e78f135624ce,-83,17.924413964,4.178,1.835137988,0.031448048,0.005137988,-0.999137988,0.999,0.014,0.031448048,0.014,-1.0,-0.005137988
1581251161.747058,000000000201,e78f135624ce,-86,17.35763511,4.171363511,1.843022633,-0.013681755,0.001340878,-1.0,1.0,0.014,-0.013681755,0.014,-1.0,-0.001681755
1581251162.1970668,000000000201,e78f135624ce,-82,17.205918681,4.159176274,1.842725425,-0.000352547,0.003274575,-1.0,1.0,0.014549151,-0.000352547,0.014549151,-1.0,-0.003274575
1581251162.6580853,000000000201,e78f135624ce,-84,17.040205088,4.146136942,1.835136942,0.02183567,0.005027388,-1.0,0.999027388,0.016972612,0.021863058,0.017,-1.0,-0.004027388
1581251163.5700483,000000000201,e78f135624ce,-88,16.70952948,4.151,1.839522062,0.021522062,0.008761031,-1.0,1.0,0.012477938,0.022283093,0.013238969,-1.0,-0.008761031
1581251164.0210917,000000000201,e78f135624ce,-79,16.545176121,4.149687995,1.838,0.016156003,0.006156003,-1.0,1.0,0.014843997,0.016156003,0.014843997,-1.0,-0.006156003
1581251164.4710553,000000000201,e78f135624ce,-82,16.385717713,4.147,1.838377306,0.021459102,0.004459102,-1.0,1.0,0.015540898,0.021459102,0.016,-1.0,-0.004459102
1581251165.381047,000000000201,e78f135624ce,-88,16.080855614,4.15573646,1.838747292,-0.002978336,0.002,-1.0,1.0,0.017747292,-0.002978336,0.017747292,-1.0,-0.001747292
1581251166.740593,000000000201,e78f135624ce,-83,15.555186759,4.128171824,1.805828176,-0.004124865,0.014562433,-1.0,-0.085103461,0.013218784,0.016218784,0.013609392,0.084712853,0.013562433
1581251167.195082,000000000201,e78f135624ce,-80,15.393923864,4.120759214,1.816963142,0.015722357,0.007,-1.0,0.655078555,0.016759214,0.022240786,0.016759214,-0.655078555,0.001518429
1581251167.6490736,000000000201,e78f135624ce,-83,15.229695736,4.101782623,1.806559016,0.000447213,0.01666459,-1.0,-0.216918697,0.011111803,0.01933541,0.011223606,0.216918697,0.013440984
1581251168.1070693,000000000201,e78f135624ce,-86,15.061214759,4.094987323,1.788480984,-0.018519016,0.024506339,-0.999,-0.747000756,0.007493661,0.025,0.007987323,0.747000756,0.023506339
1581251168.5681734,000000000201,e78f135624ce,-74,14.894821231,4.08715274,1.784389041,-0.010916439,0.02130548,-0.999,-0.609801373,0.008,0.02915274,0.009,0.609801373,0.02030548
1581251169.0191097,000000000201,e78f135624ce,-79,14.714752695,4.10407822,1.767230445,-0.03407822,0.027230445,-0.999,-0.874090865,0.006230445,0.039769555,0.008,0.874090865,0.027230445
1581251169.4681005,000000000201,e78f135624ce,-87,14.579929392,4.106594796,1.76497398,-0.02202602,0.024405204,-0.998405204,-0.525349375,0.01,0.04,0.011,0.525349375,0.022810408
1581251169.9210873,000000000201,e78f135624ce,-84,14.394391456,4.111208185,1.75772242,-0.038208185,0.025,-0.999,-0.850845198,0.007069395,0.04313879,0.008069395,0.850845198,0.024
1581251170.375139,000000000201,e78f135624ce,-79,14.206649018,4.135844175,1.747155825,-0.052,0.026,-0.998,-0.949835602,0.006385275,0.054385275,0.008,0.950835602,0.025614725
1581251170.8340898,000000000201,e78f135624ce,-84,14.025185553,4.138182057,1.736909409,-0.049182057,0.028545296,-0.998,-0.983090591,0.005272648,0.050182057,0.006272648,0.984090591,0.028272648
1581251171.2841053,000000000201,e78f135624ce,-78,13.838641052,4.151203074,1.733468716,-0.051,0.026398463,-0.998,-0.993734358,0.003265642,0.051,0.004398463,0.994734358,0.026398463
1581251172.6541076,000000000201,e78f135624ce,-84,13.335323185,4.10328774,1.752122603,-0.00628774,0.021,-0.999,-0.318184314,0.01,0.02243161,0.01085613,0.318184314,0.016294829
1581251173.1040945,000000000201,e78f135624ce,-76,13.221940666,4.537425832,1.802576791,-0.130940666,0.022606458,-0.964393542,0.165434109,0.018439354,-0.120258728,0.011318063,-0.199040567,-0.000167104
1581251173.563123,000000000201,e78f135624ce,-77,13.057103772,4.376201696,1.812391698,-0.044237358,0.013,-0.988293774,0.376201696,0.016804151,-0.031433207,0.013902075,-0.386907923,-0.001
1581251174.0210803,000000000201,e78f135624ce,-80,12.900456435,4.253699041,1.835970823,-0.001,0.016766986,-0.995766986,0.546115904,0.017766986,0.001233014,0.016766986,-0.549348918,-0.006834932
1581251174.47912,000000000201,e78f135624ce,-74,12.706347064,4.184006179,1.770555784,-0.000667353,0.025111569,-0.998,-0.205388607,0.013223138,-0.000332647,0.013223138,0.203832823,0.020555784
1581251174.9310946,000000000201,e78f135624ce,-85,12.52253193,4.14555126,1.75452353,0.002,0.01855126,-0.999,-0.209094927,0.01114958,-0.00577563,0.01114958,0.209020137,0.02062605
1581251175.8371131,000000000201,e78f135624ce,-80,12.251086292,4.152,1.772893528,-0.012297843,-0.004,-1.0,0.874722337,0.016,-0.013297843,0.016,-0.87502018,0.008404315
1581251176.289092,000000000201,e78f135624ce,-80,12.108778454,4.166149848,1.787433232,-0.016905539,-0.002094461,-1.0,0.959677541,0.012188923,-0.016905539,0.012188923,-0.959677541,0.003188923
1581251176.7421315,000000000201,e78f135624ce,-79,11.996569624,4.171645571,1.802734178,-0.006278482,0.000822785,-1.0,0.987177215,0.012544304,-0.006278482,0.012544304,-0.987177215,-0.000367089
1581251177.200086,000000000201,e78f135624ce,-83,11.918692876,4.165410202,1.802025506,0.004410202,-0.001589798,-1.0,0.996205101,0.014794899,0.004410202,0.014,-0.996205101,0.001589798
1581251177.657123,000000000201,e78f135624ce,-86,11.854331632,4.15625907,1.80325907,0.012870465,-0.001870465,-1.0,0.998870465,0.014,0.012870465,0.014,-0.998870465,0.001870465
1581251178.1151283,000000000201,e78f135624ce,-84,11.820113065,4.151932161,1.802420855,0.012533919,-0.001533919,-1.0,0.999,0.014977387,0.012533919,0.014977387,-0.999,0.002045226
1581251178.5701053,000000000201,e78f135624ce,-83,11.808603033,4.14776182,1.797920607,0.013,-0.004,-1.0,1.0,0.013079393,0.013,0.013,-1.0,0.004
1581251179.0211132,000000000201,e78f135624ce,-83,11.783300506,4.172836804,1.80213731,0.00486269,-0.001575126,-1.0,1.0,0.012,0.00486269,0.012,-1.0,0.002287563
1581251179.480094,000000000201,e78f135624ce,-86,11.780741672,4.211741672,1.824419443,-0.005741672,0.006580557,-1.0,1.0,0.014580557,-0.005741672,0.014580557,-1.0,-0.006580557
1581251179.9311132,000000000201,e78f135624ce,-83,11.778,4.202417484,1.829417484,-0.000139161,0.006139161,-1.0,1.0,0.015069581,-0.000139161,0.015069581,-1.0,-0.006208742
1581251180.3937373,000000000201,e78f135624ce,-80,11.775627244,4.201881732,1.825195354,0.001059134,0.003940866,-1.0,1.0,0.017,0.001372756,0.017,-1.0,-0.003940866
1581251180.8480966,000000000201,e78f135624ce,-84,11.768387923,4.197081885,1.83216377,0.003612077,0.007775847,-1.0,1.0,0.018693962,0.003612077,0.018693962,-1.0,-0.007775847
1581251181.305125,000000000201,e78f135624ce,-82,11.767144162,4.204807783,1.833903892,4.8054e-05,0.007,-1.0,1.0,0.016,4.8054e-05,0.016,-1.0,-0.007
1581251181.758137,000000000201,e78f135624ce,-86,11.7590475,4.203819,1.8260475,0.002181,0.0034095,-1.0,1.0,0.015181,0.002181,0.015181,-1.0,-0.0034095
1581251182.2081358,000000000201,e78f135624ce,-86,11.762588248,4.205941239,1.826205876,0.00102938,0.003,-1.0,1.0,0.014,0.001823504,0.014,-1.0,-0.003
1581251182.6651206,000000000201,e78f135624ce,-82,11.756135428,4.192947995,1.816541711,0.006458289,0.0,-1.0,1.0,0.014729144,0.006458289,0.014729144,-1.0,0.0
1581251183.1221454,000000000201,e78f135624ce,-82,11.754506445,4.188532226,1.814051562,0.004987109,2.5781e-05,-1.0,1.0,0.013506445,0.004987109,0.013506445,-1.0,-2.5781e-05
1581251183.5751288,000000000201,e78f135624ce,-81,11.75,4.203948875,1.815770721,-0.002687838,0.001,-1.0,1.0,0.015,-0.002687838,0.015,-1.0,-0.001
1581251184.0291157,000000000201,e78f135624ce,-85,11.737496251,4.262029989,1.830751874,-0.002992503,0.008,-1.0,1.0,0.018751874,-0.002744377,0.018751874,-1.0,-0.008
1581251184.4871428,000000000201,e78f135624ce,-79,11.746716025,4.387302241,1.817145032,-0.002429006,0.002858013,-1.0,1.0,0.022,-0.002429006,0.022,-1.0,-0.002858013
1581251184.949155,000000000201,e78f135624ce,-78,11.705179239,4.570547174,1.766,-0.027632065,0.026136793,-0.996136793,0.437513971,0.01658962,0.038768859,0.01858962,-0.435650765,0.017863207
1581251185.4001508,000000000201,e78f135624ce,-74,11.694699117,4.583194705,1.787918588,0.007438941,0.01978053,-0.998,0.126371758,0.011739823,0.016699117,0.013,-0.125371758,0.00778053
1581251185.8521607,000000000201,e78f135624ce,-78,11.704,4.723256324,1.806699529,0.002980283,0.013,-0.999,0.079787823,0.009660094,0.031699529,0.010660094,-0.079787823,0.005660094
1581251186.7671533,000000000201,e78f135624ce,-86,11.716659856,5.013496396,1.800319712,0.012578126,0.003,-0.999,0.301106989,0.012979568,0.039979568,0.012979568,-0.301106989,0.009020432
1581251187.2211137,000000000201,e78f135624ce,-77,11.707283869,5.242232214,1.886322611,-0.026296783,0.017309697,-0.991567739,0.293335525,0.013432261,-0.010458089,0.008716131,-0.297767786,-0.023445175
1581251187.6751342,000000000201,e78f135624ce,-77,11.707340241,5.323964016,1.848113414,0.018128675,0.005,-0.995056707,0.372240963,0.010943293,0.035525622,0.009886586,-0.375184257,-0.001943293
1581251189.0391018,000000000201,e78f135624ce,-75,11.700461002,5.89147494,1.754149022,0.006077995,-0.006925489,-0.997230501,0.004556419,0.002538998,0.036538998,0.001769499,-0.00378692,0.024386492
1581251189.4951458,000000000201,e78f135624ce,-78,11.701088945,6.105075602,1.808455527,0.002088945,0.007177891,-0.997455527,0.042350696,0.005822109,0.029444727,0.005822109,-0.041350696,8.8945e-05
1581251189.9521303,000000000201,e78f135624ce,-78,11.696851726,6.310489543,1.814886244,0.000482741,-0.005186193,-0.998,0.104365075,0.006444822,0.046555178,0.006296548,-0.104365075,0.007037919
1581251190.4122121,000000000201,e78f135624ce,-78,11.698485997,6.493392088,1.800757002,0.003186986,-0.000728995,-0.998,0.105271837,0.005485997,0.054485997,0.005485997,-0.106028839,0.012
1581251190.8678288,000000000201,e78f135624ce,-83,11.69638714,6.695518446,1.818935702,-0.003935702,0.009161421,-0.998,0.046351604,0.00461286,0.048161421,0.005,-0.045964464,0.00561286
1581251191.3208573,000000000201,e78f135624ce,-76,11.70399604,6.883802021,1.819023757,0.003940606,0.011007919,-0.99700396,0.15134271,0.002992081,0.064980202,0.003992081,-0.15134271,0.006
1581251191.7761884,000000000201,e78f135624ce,-77,11.697871903,7.135097348,1.847390265,-0.019469688,0.008347566,-0.996,-0.058257939,0.004609735,0.082347566,0.004957301,0.059605506,0.000347566
1581251192.2331905,000000000201,e78f135624ce,-77,11.732573451,7.284440707,1.848104867,0.035321681,0.009034956,-0.997321681,0.665846459,0.012,0.067104867,0.013,-0.666524777,-0.005356637
1581251192.2361422,000000000201,e78f135624ce,-72,11.732755089,7.285530536,1.847900525,0.035344386,0.008966842,-0.997344386,0.66809423,0.012,0.066900525,0.013,-0.668749844,-0.005311228
1581251192.6871655,000000000201,e78f135624ce,-72,11.750859786,7.463001949,1.834140214,0.028210321,0.004070107,-0.998964946,0.894632913,0.013964946,0.038315482,0.014,-0.894667966,-0.003035054
1581251193.5971706,000000000201,e78f135624ce,-79,11.766570024,7.841179386,1.823570024,0.009355035,0.002,-1.0,0.988644965,0.014785012,0.010355035,0.014785012,-0.988859953,-0.002
1581251194.0531483,000000000201,e78f135624ce,-75,11.761140183,8.019411415,1.824579452,-0.000719635,0.003719635,-1.0,0.996719635,0.013140183,-0.000579452,0.013140183,-0.996719635,-0.003719635
1581251194.0561664,000000000201,e78f135624ce,-83,11.761116966,8.020502588,1.824649101,-0.000766068,0.003766068,-1.0,0.996766068,0.013116966,-0.000649101,0.013116966,-0.996766068,-0.003766068
1581251194.5041785,000000000201,e78f135624ce,-79,11.765966255,8.183740729,1.824516873,-0.006,0.003,-1.0,0.999,0.012516873,-0.005483127,0.012516873,-0.999,-0.003
1581251194.9571822,000000000201,e78f135624ce,-76,11.765756766,8.339283665,1.819243234,-0.006878383,0.003,-1.0,1.0,0.011121617,-0.006878383,0.011121617,-1.0,-0.003
1581251195.4091783,000000000201,e78f135624ce,-77,11.764,8.433366104,1.818609685,-0.008,0.002536562,-1.0,1.0,0.011268281,-0.008,0.011268281,-1.0,-0.002536562
1581251195.8661711,000000000201,e78f135624ce,-80,11.770746652,8.488346544,1.818880022,-0.006746652,0.002626674,-1.0,1.0,0.013626674,-0.006746652,0.013,-1.0,-0.002626674
1581251196.7751672,000000000201,e78f135624ce,-75,11.767355421,8.531644579,1.819355421,0.012289157,0.004,-1.0,1.0,0.010355421,0.012289157,0.010355421,-1.0,-0.004
1581251197.2301772,000000000201,e78f135624ce,-74,11.767,8.53772282,1.815,0.01555436,0.003,-1.0,1.0,0.00827718,0.01555436,0.009,-1.0,-0.003
1581251197.682967,000000000201,e78f135624ce,-75,11.759770773,8.557694364,1.820382044,0.010923591,0.003152818,-1.0,1.0,0.013,0.010923591,0.013,-1.0,-0.003152818
1581251198.133588,000000000201,e78f135624ce,-74,11.764,8.552575924,1.819,0.015474692,0.003,-1.0,1.0,0.011,0.015474692,0.011,-1.0,-0.003
1581251198.590164,000000000201,e78f135624ce,-78,11.764079927,8.549399633,1.818680293,0.016840147,0.003840147,-1.0,1.0,0.01,0.016840147,0.01,-1.0,-0.002920073
1581251199.050175,000000000201,e78f135624ce,-84,11.763222836,8.564668508,1.813222836,0.012554328,0.001777164,-1.0,1.0,0.010222836,0.012554328,0.010222836,-1.0,-0.001
1581251199.5022042,000000000201,e78f135624ce,-85,11.765,8.553696453,1.814303547,0.017434516,0.002434516,-1.0,1.0,0.009434516,0.017434516,0.009434516,-1.0,-0.002434516
1581251200.4052038,000000000201,e78f135624ce,-81,11.736001548,8.574384734,1.809,0.019,-0.001,-1.0,1.0,0.012,0.019,0.012,-1.0,0.001
1581251200.857313,000000000201,e78f135624ce,-88,11.672163293,8.572297046,1.811,0.023567651,-0.001432349,-1.0,1.0,0.012,0.023567651,0.012,-1.0,0.002216174
1581251201.312199,000000000201,e78f135624ce,-75,11.572982062,8.576147484,1.808589935,0.028410065,-0.006557549,-0.999147484,0.999147484,0.012147484,0.028410065,0.012,-1.0,0.006705032
1581251201.7651894,000000000201,e78f135624ce,-78,11.45034567,8.557054579,1.817981807,0.04647271,-0.005,-0.999,0.999,0.013509097,0.04647271,0.013509097,-1.0,0.005509097
1581251202.2211719,000000000201,e78f135624ce,-78,11.314603099,8.556781543,1.819152307,0.050609229,-0.006,-0.998847693,0.998847693,0.012152307,0.050609229,0.011304614,-1.0,0.006152307
1581251202.6761863,000000000201,e78f135624ce,-74,11.162234723,8.54262964,1.822,0.056,-0.003,-0.998,0.998,0.01120988,0.056,0.011,-1.0,0.00320988
1581251203.590172,000000000201,e78f135624ce,-74,10.822746648,8.54619333,1.821,0.049146667,-0.006,-0.999,0.999,0.010073334,0.049146667,0.01,-1.0,0.006073334
1581251204.0412183,000000000201,e78f135624ce,-77,10.649605856,8.585382251,1.819,-0.010941995,0.002,-0.996691125,0.305958827,0.002073376,0.072397621,0.002382251,-0.303649952,0.007926624
1581251204.500183,000000000201,e78f135624ce,-75,10.431471775,8.588126411,1.816498118,0.018126411,0.00262453,-0.99837547,0.711290456,0.00737547,0.048122648,0.00737547,-0.710665926,0.001
1581251204.9552605,000000000201,e78f135624ce,-74,10.199085611,8.586089737,1.822179474,-0.000269211,0.006029912,-0.999,-0.033866944,0.004,0.034970088,0.004970088,0.033866944,0.005029912
1581251205.4132338,000000000201,e78f135624ce,-69,9.960658185,8.575953455,1.834364364,-0.011,0.010364364,-1.0,-0.690582541,0.002,0.022271273,0.002,0.691264722,0.010364364
1581251205.8701813,000000000201,e78f135624ce,-81,9.702212387,8.569353178,1.817,0.001382944,0.010293645,-0.999,-0.351094938,-0.004676589,-0.020765889,-0.004676589,0.351094938,0.010293645
1581251206.3232062,000000000201,e78f135624ce,-75,9.501454774,8.56,1.826748744,-0.009748744,0.014,-0.999,-0.793288945,-0.002062814,0.003623116,-0.002,0.793351759,0.014062814
1581251206.7792218,000000000201,e78f135624ce,-75,9.302662392,8.555802311,1.833598845,-0.017598845,0.011401155,-1.0,-0.934174581,-0.003401155,0.015197689,-0.003401155,0.934174581,0.011401155
1581251207.2301803,000000000201,e78f135624ce,-75,9.109299762,8.553794226,1.835588452,-0.021205774,0.009205774,-1.0,-0.978234643,-0.003588452,0.020205774,-0.002794226,0.979234643,0.009205774
1581251207.6901886,000000000201,e78f135624ce,-75,8.91748997,8.554796668,1.831796668,-0.023898334,0.008101666,-1.0,-0.992796668,-0.005101666,0.023796668,-0.004203332,0.993695002,0.008203332
1581251209.0512333,000000000201,e78f135624ce,-84,8.306202296,8.55242659,1.83457341,-0.023,0.01242659,-1.0,-0.999,-0.00157341,0.023,-0.00157341,1.0,0.01242659
1581251209.5111897,000000000201,e78f135624ce,-74,8.082082014,8.55957273,1.83242727,-0.018145461,0.01057273,-1.0,-1.0,-0.00342727,0.018145461,-0.00342727,1.0,0.011145461
1581251209.9682176,000000000201,e78f135624ce,-70,7.853900745,8.560759347,1.837,-0.015,0.007879674,-1.0,-1.0,-0.005,0.015,-0.005,1.0,0.007879674
1581251210.4222205,000000000201,e78f135624ce,-74,7.641270685,8.556326262,1.834283836,-0.017,0.006347476,-1.0,-1.0,-0.006673738,0.017,-0.006673738,1.0,0.007021213
1581251211.3312278,000000000201,e78f135624ce,-72,7.216525885,8.540609838,1.839921968,-7.8032e-05,0.005,-1.0,-1.0,-0.009156065,7.8032e-05,-0.009156065,1.0,0.005
1581251211.7892275,000000000201,e78f135624ce,-76,7.022857793,8.534401111,1.822802223,0.007598889,0.008598889,-1.0,-1.0,-0.009802223,-0.007598889,-0.009802223,1.0,0.008598889
1581251212.2422044,000000000201,e78f135624ce,-73,6.843378519,8.547423039,1.820134558,0.006762827,0.005,-1.0,-0.925980635,-0.008288481,-0.006762827,-0.008525654,0.925980635,0.007525654
1581251212.6972163,000000000201,e78f135624ce,-74,6.726359273,8.595404799,1.829825746,-0.004410182,0.007117964,-1.0,-0.183793899,-0.000235927,-0.011117964,-0.000235927,0.183793899,0.002882036
1581251213.1533434,000000000201,e78f135624ce,-72,6.575277122,8.576967142,1.805704277,0.007032858,0.011582145,-0.999,-0.387154376,-0.005582145,-0.018967142,-0.006098574,0.387154376,0.011582145
1581251213.6062615,000000000201,e78f135624ce,-77,6.491773943,8.624744475,1.822248158,-0.008875921,0.011875921,-0.999,0.305401706,0.004,-0.014007367,0.004,-0.305401706,0.001
1581251214.0652277,000000000201,e78f135624ce,-85,6.398631068,8.636402219,1.821804438,-0.001206657,0.005603329,-1.0,0.699084606,0.01179889,-0.000206657,0.01179889,-0.699084606,-0.001
1581251214.5222147,000000000201,e78f135624ce,-74,6.267427398,8.639659896,1.854020311,0.004468021,0.013872083,-1.0,0.904572602,0.015468021,0.005,0.015468021,-0.904572602,-0.012340104
1581251214.9772344,000000000201,e78f135624ce,-74,6.155461453,8.639366057,1.866366057,0.013366057,0.014122019,-1.0,0.969976151,0.018,0.014244038,0.018,-0.969976151,-0.013122019
1581251215.434221,000000000201,e78f135624ce,-69,6.073430179,8.646963683,1.86318994,0.016452515,0.012321228,-1.0,0.990321228,0.017773743,0.016452515,0.018,-0.990321228,-0.01209497
1581251215.8852649,000000000201,e78f135624ce,-69,6.003684516,8.680755064,1.865634226,0.007536903,0.013,-1.0,0.996365774,0.018634226,0.008536903,0.018634226,-0.996365774,-0.013
1581251216.341267,000000000201,e78f135624ce,-70,5.971008876,8.701990317,1.862999193,0.006003228,0.012,-1.0,0.998999193,0.019999193,0.007002421,0.019999193,-0.998999193,-0.011999193
1581251216.801237,000000000201,e78f135624ce,-83,5.955469838,8.718221432,1.86369127,0.004926189,0.012,-1.0,0.999,0.02069127,0.004926189,0.021,-0.999,-0.012
1581251217.2612777,000000000201,e78f135624ce,-74,5.932930591,8.729,1.857791774,0.00335647,0.008930591,-1.0,1.0,0.021,0.00335647,0.021,-1.0,-0.008930591
1581251217.712263,000000000201,e78f135624ce,-77,5.911089121,8.742885416,1.852987268,-0.002949074,0.007006366,-1.0,0.892184607,0.019,0.002038195,0.019,-0.892184607,-0.008
1581251218.1672397,000000000201,e78f135624ce,-69,5.926012025,8.715389178,1.84960481,0.008006012,0.009401202,-1.0,0.96418557,0.018401202,0.010006012,0.018401202,-0.964586773,-0.009401202
1581251218.6192107,000000000201,e78f135624ce,-69,5.910378297,8.724459533,1.856513489,0.003513489,0.01283783,-1.0,0.988486511,0.01783783,0.004351319,0.01783783,-0.988486511,-0.01283783
1581251219.0772493,000000000201,e78f135624ce,-85,5.88703383,8.747483085,1.84565539,-0.005,0.009827695,-1.0,0.912658546,0.015,0.00034461,0.015,-0.912658546,-0.008827695
1581251219.528241,000000000201,e78f135624ce,-81,5.911178916,8.712686897,1.851522364,0.00470128,0.011044729,-1.0,0.971821084,0.017955271,0.006223645,0.017955271,-0.971821084,-0.010522364
1581251219.9802175,000000000201,e78f135624ce,-79,5.917461556,8.743230665,1.854076888,-0.012403833,0.010403833,-1.0,0.935422999,0.018134611,-0.011403833,0.018134611,-0.935422999,-0.009538444
1581251220.440241,000000000201,e78f135624ce,-70,5.909259424,8.829514412,1.859740576,-0.020481153,0.012,-0.999259424,0.978443459,0.020740576,-0.020481153,0.020740576,-0.979184035,-0.012740576
1581251220.891279,000000000201,e78f135624ce,-75,5.917006974,8.928302339,1.861665117,-0.030997675,0.011332558,-0.999,0.992665117,0.020665117,-0.030997675,0.020332558,-0.992665117,-0.012
1581251221.346269,000000000201,e78f135624ce,-76,5.906646708,9.024254161,1.863078509,-0.033921491,0.012039255,-0.999,0.996960745,0.018117764,-0.032960745,0.018117764,-0.997960745,-0.012039255
1581251221.8012865,000000000201,e78f135624ce,-82,5.940220904,9.146892165,1.870311638,-0.044073635,0.014155819,-0.999,0.998,0.018614727,-0.044073635,0.018,-0.999,-0.014770546
1581251222.2552636,000000000201,e78f135624ce,-79,5.964303525,9.290731724,1.876739295,-0.047739295,0.017,-0.999,0.998,0.017260705,-0.047739295,0.017,-0.999,-0.018
1581251222.7152753,000000000201,e78f135624ce,-75,5.97579678,9.460408942,1.891,-0.040152415,0.021050805,-0.999,0.999,0.01689839,-0.040152415,0.015949195,-0.999,-0.022
1581251223.1673107,000000000201,e78f135624ce,-71,5.971,9.60372704,1.876197959,-0.017802041,0.01654949,-0.999,0.999,0.01754949,-0.017351531,0.017,-1.0,-0.01709898
1581251223.6192484,000000000201,e78f135624ce,-85,5.981724251,9.779599063,1.895020599,-0.025873221,0.02180824,-0.99885103,0.99885103,0.01614897,-0.025724251,0.01614897,-0.99914897,-0.02280824
1581251224.5262868,000000000201,e78f135624ce,-72,5.935129131,10.10118118,1.864930932,-0.00850851,0.016844845,-0.999,-0.044924898,-0.003844845,-0.028844845,-0.003844845,0.044924898,0.002956956
1581251224.9762635,000000000201,e78f135624ce,-79,5.890548465,10.424677303,1.88828507,-0.048397953,0.008037628,-0.985112884,-0.366306744,-0.000962372,-0.008962372,-0.003924744,0.369269116,-0.000774232
1581251225.4294624,000000000201,e78f135624ce,-77,5.827095475,10.539746229,1.887396983,-0.009381899,0.003952263,-0.994650754,-0.612995029,0.001,-0.011062821,-0.000650754,0.613995029,0.002301508
1581251225.8832822,000000000201,e78f135624ce,-70,5.865520613,10.550943882,1.823265918,0.031011224,0.007734082,-0.994531837,-0.398617737,0.006595511,-0.047340816,0.005595511,0.401351819,0.019404489
1581251226.3383608,000000000201,e78f135624ce,-70,5.884400345,10.791893018,1.810500431,0.006900776,-0.002499569,-0.997899914,-0.231888708,0.001500431,-0.019699741,0.001400345,0.232788622,0.012899914
1581251226.797294,000000000201,e78f135624ce,-72,5.892920075,10.942,1.827512269,0.01717621,0.00016803,-0.998415985,-0.017950922,0.00216803,-0.027592195,0.00216803,0.019118952,0.00249591
1581251227.248256,000000000201,e78f135624ce,-70,5.853847826,11.030173914,1.934231884,0.046742753,-0.002576087,-0.993615942,-0.046025363,0.004384058,-0.024880435,0.007192029,0.047449276,-0.022463768
1581251227.6983705,000000000201,e78f135624ce,-71,5.838345666,11.398335689,1.901699855,-0.006045521,-0.003463729,-0.994790896,-0.005990023,0.011209104,-0.030881937,0.012209104,0.004780919,-0.004163583
1581251228.1532683,000000000201,e78f135624ce,-70,5.826572114,11.580760153,1.838144228,-0.002,-0.011095619,-0.998,0.179199236,0.013619124,-0.00595299,0.014238248,-0.178580112,0.015523505
1581251229.0572681,000000000201,e78f135624ce,-73,5.822932279,11.870493918,1.758613544,0.003864558,-0.008772912,-0.999,0.186454177,0.007613544,0.003864558,0.007,-0.186454177,0.025159367
1581251229.517281,000000000201,e78f135624ce,-83,5.830607146,12.028548744,1.673707808,0.008162329,-0.02,-0.996672078,0.019318128,0.005688311,-0.001441553,0.004688311,-0.017990206,0.045785708
1581251229.971309,000000000201,e78f135624ce,-82,5.858997711,12.125949646,1.730034905,0.039010872,0.01298455,-0.987999428,-0.320856377,-0.003997711,0.006998856,-0.000996567,0.318857521,0.023986839
1581251230.4272945,000000000201,e78f135624ce,-70,5.889296128,12.347806764,1.757549355,0.026055808,0.000802581,-0.994549355,-0.148789675,-0.004197419,0.019351936,-0.004197419,0.14733903,0.013549355
1581251230.8772843,000000000201,e78f135624ce,-73,5.906939179,12.600016975,1.770010961,0.002336987,0.001795615,-0.997132603,0.038264138,-0.000265205,0.019397808,-0.000132603,-0.038264138,0.011928218
1581251231.3312929,000000000201,e78f135624ce,-72,5.907231378,12.945870141,1.805380356,-0.045611734,-0.004305867,-0.997,-0.31102373,-0.004537245,0.045768622,-0.004768622,0.312792352,0.006231378
1581251232.239282,000000000201,e78f135624ce,-69,5.874304231,13.087711618,1.878391538,-0.006425923,-0.002,-0.996060846,-0.3763863,-0.007878308,0.002060846,-0.006878308,0.380264608,-0.001756615
1581251232.6992676,000000000201,e78f135624ce,-70,5.867197393,13.225916822,1.869592179,-0.007337679,0.003,-0.998,-0.448472999,-0.005802607,0.008929857,-0.005535071,0.449472999,0.000802607
1581251233.6014109,000000000201,e78f135624ce,-68,5.860153248,13.351624656,1.828854528,-0.01361688,0.003536368,-0.999,-0.468322048,-0.006153248,0.008846752,-0.007076624,0.467398672,0.001536368
1581251234.0526557,000000000201,e78f135624ce,-68,5.862709981,13.434419961,1.860839922,-0.023613307,0.002483366,-0.999,-0.605903327,-0.006,0.013516634,-0.006451663,0.605903327,-6.4971e-05
1581251234.5102732,000000000201,e78f135624ce,-69,5.854221458,13.438331326,1.834219737,-0.014221458,0.015556225,-0.999,-0.52523522,-0.003444636,-0.001889271,-0.003444636,0.52523522,0.010778542
1581251235.4132955,000000000201,e78f135624ce,-71,5.875432696,13.476461571,1.846942251,-0.019865393,0.006596178,-0.999,-0.341183012,-0.006432696,0.011,-0.006865393,0.341183012,0.002596178
1581251235.8723624,000000000201,e78f135624ce,-70,5.891801922,13.509878603,1.802351441,-0.026900961,0.006732693,-0.999,-0.295859387,-0.011183173,0.019084134,-0.01127476,0.296859387,0.014457933
1581251236.3252983,000000000201,e78f135624ce,-70,5.847052386,13.426109959,1.765267117,-0.010612552,0.021947614,-0.999,-0.536711616,-0.013167531,0.013890041,-0.012445021,0.535989106,0.022670124
1581251236.7792706,000000000201,e78f135624ce,-66,5.825842259,13.425367869,1.785052969,-0.013420255,0.013263097,-0.997631548,-0.362040139,-0.008420838,0.050579162,-0.00778929,0.362303235,0.011157741
1581251237.235397,000000000201,e78f135624ce,-68,5.799338714,13.388856242,1.823086255,0.046741236,0.010913745,-0.996971248,0.566124844,0.005942497,0.068230012,0.006942497,-0.568096093,-0.002
1581251238.146312,000000000201,e78f135624ce,-77,5.584930895,13.357319817,1.856587093,0.034732724,0.010226728,-0.996,0.308897768,0.004773272,0.086639634,0.005773272,-0.310671041,-0.010226728
1581251238.5963366,000000000201,e78f135624ce,-83,5.436689433,13.362,1.868,0.019178824,0.010178824,-0.997821176,0.175390584,0.003178824,0.06489412,0.004178824,-0.175569408,-0.011
1581251239.0483031,000000000201,e78f135624ce,-69,5.272789121,13.36465344,1.86334656,0.0161712,0.00691232,-0.99852192,0.201085756,0.00343424,0.05191232,0.00391232,-0.201563836,-0.00643424
1581251239.5072796,000000000201,e78f135624ce,-70,5.077636906,13.348814945,1.858629889,-0.008555166,0.004814945,-0.999,-0.50872268,-0.007370111,0.037074724,-0.006370111,0.50872268,-0.001814945
1581251239.968329,000000000201,e78f135624ce,-65,4.871640042,13.341237144,1.852237144,-0.005355717,0.003,-1.0,-0.846597103,-0.011881428,0.014711433,-0.011881428,0.846597103,0.001762856
1581251240.4192975,000000000201,e78f135624ce,-77,4.665037241,13.337,1.848600621,0.002,0.003,-1.0,-0.94899069,-0.013,0.001,-0.013,0.94899069,0.002399379
1581251241.3273008,000000000201,e78f135624ce,-71,4.236984499,13.331678018,1.844,0.001321982,0.003339009,-1.0,-0.994660991,-0.013,-0.001321982,-0.013,0.994660991,0.003339009
1581251241.7843127,000000000201,e78f135624ce,-67,4.036823673,13.325669686,1.845,0.008660628,0.002,-1.0,-0.998330314,-0.011330314,-0.008330314,-0.011330314,0.998330314,0.002
1581251242.245291,000000000201,e78f135624ce,-82,3.86555294,13.345030147,1.840819117,0.001,0.006090441,-1.0,-0.400913975,-0.007180883,-0.003,-0.007180883,0.400913975,0.002120588
1581251242.6982915,000000000201,e78f135624ce,-61,3.697591151,13.352359003,1.820872025,-0.001359003,0.014281994,-1.0,-0.537790533,-0.014563988,-0.002,-0.014563988,0.537790533,0.010922991
1581251243.1543157,000000000201,e78f135624ce,-62,3.52237156,13.351274531,1.808352812,-0.000823594,0.013823594,-1.0,-0.55268907,-0.015823594,0.000823594,-0.015823594,0.55268907,0.013823594
1581251243.6123624,000000000201,e78f135624ce,-73,3.351188009,13.345,1.797792086,0.000930695,0.016207914,-1.0,-0.48099976,-0.015207914,0.004792086,-0.015207914,0.48099976,0.015277218
1581251244.0672941,000000000201,e78f135624ce,-69,3.187887278,13.352168034,1.80375205,-0.003,0.015,-1.0,-0.320223345,-0.011415983,0.015168034,-0.010415983,0.320223345,0.009831966
1581251244.5263386,000000000201,e78f135624ce,-65,3.011130508,13.340889486,1.793310256,-0.002655128,0.020075898,-0.999,-0.529849497,-0.015806923,0.017310256,-0.015075898,0.529580523,0.015344872
1581251244.9784148,000000000201,e78f135624ce,-67,2.824830699,13.331863807,1.792431904,-0.008431904,0.016784048,-0.999892024,-0.850169301,-0.020892024,0.01253988,-0.020784048,0.850169301,0.015784048
1581251245.8833694,000000000201,e78f135624ce,-75,2.450901074,13.311600084,1.801699853,-0.008099979,0.012700063,-1.0,-0.984399916,-0.011900021,0.009,-0.011900021,0.984399916,0.012700063
1581251246.3373091,000000000201,e78f135624ce,-71,2.276315024,13.299689891,1.823,-0.011213935,0.004,-1.0,-0.994737978,-0.011475956,0.011951913,-0.011475956,0.994737978,0.004
1581251246.7953234,000000000201,e78f135624ce,-69,2.102494474,13.315245034,1.816849888,-0.021415011,0.004660045,-0.999584989,-0.998,-0.015830022,0.021415011,-0.015830022,0.998,0.005660045
1581251247.2482975,000000000201,e78f135624ce,-74,1.933229769,13.319406379,1.802455847,-0.018802126,0.007148405,-0.999,-0.999,-0.019049468,0.018802126,-0.019049468,0.999,0.008148405
1581251247.700285,000000000201,e78f135624ce,-74,1.750687745,13.30363834,1.793735177,-0.009,0.008505929,-0.999,-0.999,-0.020626482,0.008626482,-0.020626482,0.999,0.008505929
1581251248.1553557,000000000201,e78f135624ce,-72,1.589699926,13.320113082,1.794,-0.011473762,0.007,-1.0,-0.999,-0.019,0.011473762,-0.019,1.0,0.007
1581251248.6069756,000000000201,e78f135624ce,-64,1.404713,13.31404556,1.78431094,-0.02082574,0.01378018,-0.999,-0.999,-0.02047722,0.02,-0.02047722,0.99917426,0.01378018
1581251249.0614488,000000000201,e78f135624ce,-63,1.228978031,13.343511533,1.766502746,-0.034003295,0.017997803,-0.998499451,-0.999,-0.020499451,0.033503844,-0.02,0.999,0.018498352
1581251249.518349,000000000201,e78f135624ce,-58,1.054750728,13.369385386,1.775578079,-0.025843841,0.013421921,-0.999,-0.999,-0.022192693,0.025036534,-0.022192693,0.999,0.013421921
1581251249.970317,000000000201,e78f135624ce,-64,0.857847774,13.084535044,1.834636773,0.06540241,-0.004339864,-0.982851545,-0.983042954,-0.026191409,-0.06540241,-0.021,0.999,-0.006339864
1581251250.4284897,000000000201,e78f135624ce,-62,0.699901434,13.195135327,1.762392648,0.013288224,0.010214704,-0.993392648,-0.993785296,-0.024214704,-0.013288224,-0.023214704,0.999,0.010214704
1581251250.880322,000000000201,e78f135624ce,-58,0.553355383,13.272927308,1.794145384,-0.007,0.000959616,-0.995983846,-0.996991923,-0.025983846,0.007,-0.025991923,0.997991923,0.000959616
1581251251.3343253,000000000201,e78f135624ce,-67,0.423666398,13.314809485,1.787286175,-0.016085691,0.004895177,-0.995723794,-0.997361897,-0.026,0.016085691,-0.027638103,0.997361897,0.005257074
1581251251.7853403,000000000201,e78f135624ce,-66,0.319432227,13.27628089,1.76129668,-0.004919433,0.009783887,-0.995261296,-0.996,-0.026261296,0.004919433,-0.027261296,0.998,0.009783887
