1581251155.391656,000000000101,e78f135624ce,-80,17.96,4.45,1.64,0.014,-0.01,-0.997,1.002,0.002,0.014,0.001,-0.997,0.015
1581251155.8456478,000000000101,e78f135624ce,-76,17.955928737,4.40135863,1.677498844,0.014,-0.001928737,-0.999,1.001,0.008071263,0.014,0.008071263,-0.999,0.003928737
1581251156.296629,000000000101,e78f135624ce,-76,17.953127141,4.341457184,1.729271408,0.014254282,0.002872859,-1.0,1.0,0.012,0.014254282,0.012,-1.0,-0.002
1581251156.7506351,000000000101,e78f135624ce,-76,17.947709313,4.283546565,1.772162748,0.017527125,0.004763562,-1.0,1.0,0.011,0.017527125,0.011,-1.0,-0.004
1581251157.2046812,000000000101,e78f135624ce,-76,17.937476881,4.250096101,1.800142339,0.017,0.00361922,-1.0,1.0,0.009,0.017,0.009,-1.0,-0.00361922
1581251157.6626437,000000000101,e78f135624ce,-75,17.923080512,4.233597439,1.809483073,0.016080512,0.001080512,-1.0,1.0,0.008919488,0.016080512,0.008919488,-1.0,-0.001080512
1581251158.5706382,000000000101,e78f135624ce,-75,17.928532112,4.189137609,1.833467888,0.022532112,0.005733944,-1.0,1.0,0.013266056,0.022532112,0.013266056,-1.0,-0.005467888
1581251159.0217617,000000000101,e78f135624ce,-82,17.924420223,4.178,1.835140074,0.031439703,0.005140074,-0.999140074,0.999,0.014,0.031439703,0.014,-1.0,-0.005140074
1581251159.4786234,000000000101,e78f135624ce,-73,17.895171271,4.18196616,1.838207182,0.042137431,0.005,-0.999,0.999,0.011448204,0.042137431,0.011448204,-1.0,-0.004551796
1581251159.9306314,000000000101,e78f135624ce,-75,17.825611087,4.187417992,1.839,0.024746025,0.003791004,-1.0,0.999208996,0.012,0.024746025,0.012791004,-1.0,-0.003
1581251160.3817356,000000000101,e78f135624ce,-72,17.736668193,4.20025909,1.84750606,0.00698788,0.005,-1.0,1.0,0.012,0.00698788,0.012,-1.0,-0.005
1581251160.837648,000000000101,e78f135624ce,-82,17.623431025,4.194071838,1.850614368,-0.004156897,0.004614368,-1.0,1.0,0.012,-0.004156897,0.012,-1.0,-0.004614368
1581251161.2926931,000000000101,e78f135624ce,-74,17.497592667,4.185,1.845011009,-0.016022018,0.003,-1.0,1.0,0.013988991,-0.016022018,0.013988991,-1.0,-0.003
1581251161.7446742,000000000101,e78f135624ce,-73,17.358368558,4.171436856,1.843077642,-0.013718428,0.001359214,-1.0,1.0,0.014,-0.013718428,0.014,-1.0,-0.001718428
1581251162.1964104,000000000101,e78f135624ce,-88,17.206140836,4.159191421,1.842730474,-0.000382841,0.003269526,-1.0,1.0,0.014539053,-0.000382841,0.014539053,-1.0,-0.003269526
1581251163.1099856,000000000101,e78f135624ce,-75,16.875269902,4.15028466,1.83528466,0.02657178,0.00742822,-1.0,0.999,0.015,0.02714356,0.015,-1.0,-0.007
1581251163.569604,000000000101,e78f135624ce,-72,16.709707246,4.151,1.839529469,0.021529469,0.008764734,-1.0,1.0,0.012470531,0.022294203,0.013235266,-1.0,-0.008764734
1581251164.0196114,000000000101,e78f135624ce,-72,16.545699934,4.14966522,1.838,0.01616739,0.00616739,-1.0,1.0,0.01483261,0.01616739,0.01483261,-1.0,-0.00616739
1581251164.4706316,000000000101,e78f135624ce,-70,16.38585459,4.147,1.838367529,0.021455843,0.004455843,-1.0,1.0,0.015544157,0.021455843,0.016,-1.0,-0.004455843
1581251164.9206536,000000000101,e78f135624ce,-76,16.225929923,4.142,1.838,0.022785809,0.003,-1.0,1.0,0.016,0.022785809,0.016,-1.0,-0.002928603
1581251165.3806295,000000000101,e78f135624ce,-69,16.080991292,4.155719065,1.838743813,-0.002950504,0.002,-1.0,1.0,0.017743813,-0.002950504,0.017743813,-1.0,-0.001743813
1581251165.833627,000000000101,e78f135624ce,-80,15.91833739,4.159183002,1.827535127,-0.013887252,0.007760624,-1.0,0.320262865,0.014295751,-0.013943626,0.014295751,-0.32091074,0.007112748
1581251167.1926053,000000000101,e78f135624ce,-77,15.394737634,4.120776905,1.81689238,0.015669285,0.007,-1.0,0.653309491,0.016776905,0.022223095,0.016776905,-0.653309491,0.00155381
1581251167.6475883,000000000101,e78f135624ce,-72,15.23026287,4.101877145,1.806626532,0.000501226,0.016624081,-1.0,-0.213164815,0.011125306,0.019375919,0.011250613,0.213164815,0.013373468
1581251168.1058695,000000000101,e78f135624ce,-73,15.061705555,4.095009136,1.788513704,-0.018486296,0.024495432,-0.999,-0.746139137,0.007504568,0.025,0.008009136,0.746139137,0.023495432
1581251168.1090105,000000000101,e78f135624ce,-78,15.060420629,4.094952028,1.788428042,-0.018571958,0.024523986,-0.999,-0.748394895,0.007476014,0.025,0.007952028,0.748394895,0.023523986
1581251169.91661,000000000101,e78f135624ce,-79,14.396054438,4.111112244,1.757850341,-0.038112244,0.025,-0.999,-0.849534001,0.007037415,0.043074829,0.008037415,0.849534001,0.024
1581251170.3726122,000000000101,e78f135624ce,-81,14.207722892,4.135781006,1.747218994,-0.052,0.026,-0.998,-0.949498701,0.006406331,0.054406331,0.008,0.950498701,0.025593669
1581251170.831599,000000000101,e78f135624ce,-80,14.026161102,4.138244326,1.736992434,-0.049244326,0.028503783,-0.998,-0.983007566,0.005251891,0.050244326,0.006251891,0.984007566,0.028251891
1581251171.2826185,000000000101,e78f135624ce,-78,13.839212889,4.151134453,1.733422969,-0.051,0.026432773,-0.998,-0.993711484,0.003288516,0.051,0.004432773,0.994711484,0.026432773
1581251171.7426045,000000000101,e78f135624ce,-73,13.656054944,4.156835596,1.745383538,-0.044904115,0.019808231,-0.999,-0.997547942,0.002,0.044904115,0.002452058,0.998,0.019356173
1581251172.1995862,000000000101,e78f135624ce,-82,13.483489033,4.127310452,1.743651097,-0.025744516,0.021131871,-0.999,-0.905242072,0.004651097,0.029565936,0.005651097,0.905242072,0.021565936
1581251172.6516118,000000000101,e78f135624ce,-80,13.336092713,4.103329336,1.751706642,-0.006329336,0.021,-0.999,-0.321969562,0.01,0.022494004,0.010835332,0.321969562,0.016482011
1581251173.1027305,000000000101,e78f135624ce,-79,13.222304397,4.537880497,1.802872323,-0.131304397,0.022720124,-0.964279876,0.163922349,0.018427988,-0.12058836,0.011283963,-0.197642473,-0.000292137
1581251173.5621338,000000000101,e78f135624ce,-70,13.057515938,4.37660562,1.812358725,-0.044385738,0.013,-0.988269044,0.37660562,0.016820638,-0.0315651,0.013910319,-0.387336576,-0.001
1581251174.0205653,000000000101,e78f135624ce,-76,12.900583201,4.253710925,1.835919325,-0.001,0.016763025,-0.995763025,0.545505847,0.017763025,0.001236975,0.016763025,-0.548742822,-0.006815125
1581251174.9255745,000000000101,e78f135624ce,-79,12.523933186,4.145806034,1.754226294,0.002,0.018806034,-0.999,-0.223234877,0.011064655,-0.005903017,0.011064655,0.223202549,0.020838362
1581251175.3808393,000000000101,e78f135624ce,-70,12.392524192,4.146311141,1.766324456,-0.004648912,1.3316e-05,-0.999662228,0.606089653,0.013662228,-0.007324456,0.013662228,-0.606089653,0.012675544
1581251175.8356445,000000000101,e78f135624ce,-84,12.251575845,4.152,1.772856812,-0.012285604,-0.004,-1.0,0.87428174,0.016,-0.013285604,0.016,-0.874567343,0.008428792
1581251176.2885754,000000000101,e78f135624ce,-73,12.108937424,4.16611408,1.787409386,-0.016901564,-0.002098436,-1.0,0.959621901,0.012196871,-0.016901564,0.012196871,-0.959621901,0.003196871
1581251176.741612,000000000101,e78f135624ce,-78,11.996653545,4.171677541,1.802758156,-0.006298463,0.00083877,-1.0,0.98716123,0.012540307,-0.006298463,0.012540307,-0.98716123,-0.000379078
1581251177.2001562,000000000101,e78f135624ce,-84,11.918682362,4.165411204,1.802028009,0.004411204,-0.001588796,-1.0,0.996205602,0.014794398,0.004411204,0.014,-0.996205602,0.001588796
1581251177.6555612,000000000101,e78f135624ce,-68,11.854587213,4.156287468,1.803287468,0.012856266,-0.001856266,-1.0,0.998856266,0.014,0.012856266,0.014,-0.998856266,0.001856266
1581251178.1125572,000000000101,e78f135624ce,-79,11.820346802,4.151791919,1.802257239,0.012604041,-0.001604041,-1.0,0.999,0.01493064,0.012604041,0.01493064,-0.999,0.002138721
1581251178.5695817,000000000101,e78f135624ce,-76,11.808626831,4.147776099,1.797925366,0.013,-0.004,-1.0,1.0,0.013074634,0.013,0.013,-1.0,0.004
1581251179.0205455,000000000101,e78f135624ce,-79,11.783332944,4.172792201,1.802125146,0.004874854,-0.001583236,-1.0,1.0,0.012,0.004874854,0.012,-1.0,0.002291618
1581251179.4795609,000000000101,e78f135624ce,-69,11.780753096,4.211753096,1.824415635,-0.005753096,0.006584365,-1.0,1.0,0.014584365,-0.005753096,0.014584365,-1.0,-0.006584365
1581251179.9295626,000000000101,e78f135624ce,-68,11.778,4.202351027,1.829351027,-0.000117009,0.006117009,-1.0,1.0,0.015058504,-0.000117009,0.015058504,-1.0,-0.006175513
1581251180.3875678,000000000101,e78f135624ce,-80,11.77573007,4.202190211,1.825555246,0.000904895,0.004095105,-1.0,1.0,0.017,0.00126993,0.017,-1.0,-0.004095105
1581251180.8475683,000000000101,e78f135624ce,-75,11.768396729,4.197095093,1.832190187,0.003603271,0.007793458,-1.0,1.0,0.018698364,0.003603271,0.018698364,-1.0,-0.007793458
1581251181.3025372,000000000101,e78f135624ce,-75,11.767203881,4.204728159,1.83386408,6.796e-05,0.007,-1.0,1.0,0.016,6.796e-05,0.016,-1.0,-0.007
1581251181.7565658,000000000101,e78f135624ce,-68,11.75910793,4.203843172,1.82610793,0.002156828,0.003421586,-1.0,1.0,0.015156828,0.002156828,0.015156828,-1.0,-0.003421586
1581251182.2065473,000000000101,e78f135624ce,-68,11.762612688,4.206063438,1.826193656,0.000968281,0.003,-1.0,1.0,0.014,0.001774625,0.014,-1.0,-0.003
1581251182.662542,000000000101,e78f135624ce,-68,11.756156915,4.193098407,1.816627661,0.006372339,0.0,-1.0,1.0,0.014686169,0.006372339,0.014686169,-1.0,0.0
1581251183.117547,000000000101,e78f135624ce,-77,11.754468125,4.188340627,1.813745003,0.005063749,-0.000127498,-1.0,1.0,0.013468125,0.005063749,0.013468125,-1.0,0.000127498
1581251183.5735445,000000000101,e78f135624ce,-68,11.75,4.203724434,1.815797125,-0.002608624,0.001,-1.0,1.0,0.015,-0.002608624,0.015,-1.0,-0.001
1581251184.0280156,000000000101,e78f135624ce,-85,11.737513175,4.261894597,1.830743412,-0.003026351,0.008,-1.0,1.0,0.018743412,-0.002769763,0.018743412,-1.0,-0.008
1581251184.48554,000000000101,e78f135624ce,-76,11.746666706,4.386833705,1.817083382,-0.002416676,0.002833353,-1.0,1.0,0.022,-0.002416676,0.022,-1.0,-0.002833353
1581251184.4884932,000000000101,e78f135624ce,-72,11.746757576,4.387696974,1.81719697,-0.002439394,0.002878788,-1.0,1.0,0.022,-0.002439394,0.022,-1.0,-0.002878788
1581251185.847529,000000000101,e78f135624ce,-77,11.704,4.721751001,1.806506539,0.003096077,0.013,-0.999,0.082991459,0.009698692,0.031506539,0.010698692,-0.082991459,0.005698692
1581251186.3035285,000000000101,e78f135624ce,-68,11.711,4.880827957,1.810120669,-0.003301673,0.008120669,-0.999,0.049741936,0.009939665,0.037879331,0.009939665,-0.049741936,0.008939665
1581251186.7645078,000000000101,e78f135624ce,-77,11.716639506,5.012987648,1.800279012,0.012313577,0.003,-0.999,0.296446857,0.012918518,0.039918518,0.012918518,-0.296446857,0.009081482
1581251187.2216232,000000000101,e78f135624ce,-69,11.707287509,5.242337754,1.886249825,-0.026274948,0.017262386,-0.991575017,0.293237264,0.013424983,-0.01039986,0.008712491,-0.297662246,-0.023412421
1581251187.6736226,000000000101,e78f135624ce,-69,11.707422691,5.324197623,1.848140897,0.017675202,0.005,-0.995070448,0.369149105,0.010929552,0.035168341,0.009859103,-0.372078657,-0.001929552
1581251188.1285048,000000000101,e78f135624ce,-72,11.698519389,5.52185311,1.722961222,0.008519389,-0.030883667,-0.995519389,0.329262059,0.009441833,0.023596944,0.008441833,-0.328781448,0.044961222
1581251188.5785234,000000000101,e78f135624ce,-83,11.699,5.710185611,1.77126005,0.004674938,0.004065012,-0.996065012,0.126997505,0.004804963,0.028065012,0.00473995,-0.125062518,0.012130025
1581251189.037877,000000000101,e78f135624ce,-83,11.700478499,5.891037527,1.75430649,0.006043002,-0.006846755,-0.997239249,0.003970286,0.002521501,0.036521501,0.001760751,-0.003209536,0.024325254
1581251189.4936278,000000000101,e78f135624ce,-91,11.701110631,6.104240697,1.808444684,0.002110631,0.007221262,-0.997444684,0.040485713,0.005778738,0.029553156,0.005778738,-0.039485713,0.000110631
1581251189.9516144,000000000101,e78f135624ce,-72,11.696855411,6.310253686,1.814963634,0.000445888,-0.005156711,-0.998,0.103436387,0.006433767,0.046566233,0.006289178,-0.103436387,0.007012122
1581251190.4075258,000000000101,e78f135624ce,-67,11.698564103,6.49120512,1.800717949,0.003538463,-0.000846154,-0.998,0.109333349,0.005564103,0.054564103,0.005564103,-0.110051298,0.012
1581251190.8645058,000000000101,e78f135624ce,-71,11.696359448,6.694050751,1.818797241,-0.003797241,0.009078344,-0.998,0.048400838,0.004640552,0.048078344,0.005,-0.04804139,0.005640552
1581251191.3200192,000000000101,e78f135624ce,-76,11.703989594,6.883479698,1.819062436,0.003843909,0.011020812,-0.997010406,0.150272597,0.002979188,0.06494797,0.003979188,-0.150272597,0.006
1581251191.7749557,000000000101,e78f135624ce,-76,11.697786568,7.134718079,1.847428192,-0.019782584,0.008357048,-0.996,-0.061538613,0.004571808,0.082357048,0.004928856,0.062895661,0.000357048
1581251192.232927,000000000101,e78f135624ce,-75,11.732557239,7.284343432,1.848123106,0.035319655,0.009041035,-0.997319655,0.66564583,0.012,0.067123106,0.013,-0.666326175,-0.00536069
1581251192.68497,000000000101,e78f135624ce,-80,11.750786599,7.46195904,1.834213401,0.028320101,0.0041067,-0.99894665,0.893919343,0.01394665,0.038480152,0.014,-0.893972693,-0.00305335
1581251193.141486,000000000101,e78f135624ce,-86,11.764752849,7.648551284,1.826247151,0.020247151,0.002415717,-0.999584283,0.965427113,0.013415717,0.023662868,0.013415717,-0.96584283,-0.002
1581251193.5944946,000000000101,e78f135624ce,-77,11.766614624,7.840019781,1.823614624,0.009421936,0.002,-1.0,0.988578064,0.014807312,0.010421936,0.014807312,-0.988770752,-0.002
1581251194.0529346,000000000101,e78f135624ce,-67,11.761141826,8.019334182,1.824574522,-0.000716348,0.003716348,-1.0,0.996716348,0.013141826,-0.000574522,0.013141826,-0.996716348,-0.003716348
1581251194.5039709,000000000101,e78f135624ce,-74,11.76596306,8.183668846,1.82451847,-0.006,0.003,-1.0,0.999,0.01251847,-0.00548153,0.01251847,-0.999,-0.003
1581251194.9544976,000000000101,e78f135624ce,-77,11.765798067,8.338726096,1.819201933,-0.006899033,0.003,-1.0,1.0,0.011100967,-0.006899033,0.011100967,-1.0,-0.003
1581251195.408982,000000000101,e78f135624ce,-72,11.764,8.433331766,1.818619496,-0.008,0.002539832,-1.0,1.0,0.011269916,-0.008,0.011269916,-1.0,-0.002539832
1581251195.8649418,000000000101,e78f135624ce,-72,11.770726164,8.488172395,1.818910754,-0.006726164,0.002636918,-1.0,1.0,0.013636918,-0.006726164,0.013,-1.0,-0.002636918
1581251196.3205044,000000000101,e78f135624ce,-73,11.769006674,8.527966631,1.819006674,-0.002033369,0.003,-1.0,1.0,0.012,-0.002033369,0.012,-1.0,-0.003006674
1581251196.7725027,000000000101,e78f135624ce,-72,11.767375918,8.531624082,1.819375918,0.012248164,0.004,-1.0,1.0,0.010375918,0.012248164,0.010375918,-1.0,-0.004
1581251197.2300837,000000000101,e78f135624ce,-71,11.767,8.537723487,1.815,0.015553025,0.003,-1.0,1.0,0.008276513,0.015553025,0.009,-1.0,-0.003
1581251197.6818907,000000000101,e78f135624ce,-71,11.759741422,8.557655229,1.820430964,0.010913807,0.003172385,-1.0,1.0,0.013,0.010913807,0.013,-1.0,-0.003172385
1581251198.1329837,000000000101,e78f135624ce,-72,11.764,8.552592408,1.819,0.015469197,0.003,-1.0,1.0,0.011,0.015469197,0.011,-1.0,-0.003
1581251198.5898862,000000000101,e78f135624ce,-70,11.764077402,8.549387008,1.818690394,0.016845197,0.003845197,-1.0,1.0,0.01,0.016845197,0.01,-1.0,-0.002922598
1581251199.4974859,000000000101,e78f135624ce,-73,11.765,8.553797559,1.814202441,0.017400814,0.002400814,-1.0,1.0,0.009400814,0.017400814,0.009400814,-1.0,-0.002400814
1581251199.949463,000000000101,e78f135624ce,-70,11.763711037,8.560404548,1.81176883,0.031826622,-5.7793e-05,-0.999,0.999,0.014826622,0.031826622,0.013884415,-1.0,0.001
1581251200.402461,000000000101,e78f135624ce,-75,11.736298681,8.574407591,1.809,0.019,-0.001,-1.0,1.0,0.012,0.019,0.012,-1.0,0.001
1581251200.8545089,000000000101,e78f135624ce,-74,11.672794203,8.572156844,1.811,0.023614385,-0.001385615,-1.0,1.0,0.012,0.023614385,0.012,-1.0,0.002192807
1581251201.3128438,000000000101,e78f135624ce,-68,11.572848166,8.576142525,1.808570099,0.028429901,-0.006572426,-0.999142525,0.999142525,0.012142525,0.028429901,0.012,-1.0,0.006714951
1581251201.763848,000000000101,e78f135624ce,-68,11.450737754,8.557116488,1.817961171,0.046441756,-0.005,-0.999,0.999,0.013519415,0.046441756,0.013519415,-1.0,0.005519415
1581251202.2216938,000000000101,e78f135624ce,-68,11.314434486,8.556749426,1.819156322,0.050625287,-0.006,-0.998843678,0.998843678,0.012156322,0.050625287,0.011312644,-1.0,0.006156322
1581251202.6734712,000000000101,e78f135624ce,-67,11.163230265,8.542697518,1.822,0.056,-0.003,-0.998,0.998,0.011232506,0.056,0.011,-1.0,0.003232506
1581251203.1284685,000000000101,e78f135624ce,-78,11.000946328,8.541784942,1.819,0.052607529,-0.004392471,-0.999,0.998392471,0.010392471,0.052607529,0.010392471,-1.0,0.004392471
1581251203.589494,000000000101,e78f135624ce,-75,10.823074379,8.546255486,1.821,0.049135366,-0.006,-0.999,0.999,0.010067683,0.049135366,0.01,-1.0,0.006067683
1581251204.040652,000000000101,e78f135624ce,-83,10.649854132,8.585373539,1.819,-0.011011686,0.002,-0.99668677,0.304957011,0.002060309,0.072445534,0.002373539,-0.302643781,0.007939691
1581251204.4995036,000000000101,e78f135624ce,-66,10.431785387,8.588110731,1.816519026,0.018110731,0.002629756,-0.998370244,0.710840946,0.007370244,0.048148782,0.007370244,-0.710211189,0.001
1581251204.953497,000000000101,e78f135624ce,-73,10.199953835,8.586049039,1.822098078,-0.000147117,0.006016346,-0.999,-0.030299085,0.004,0.034983654,0.004983654,0.030299085,0.005016346
1581251205.407459,000000000101,e78f135624ce,-75,9.96378617,8.576097823,1.834268118,-0.011,0.010268118,-1.0,-0.68567401,0.002,0.022463764,0.002,0.686308069,0.010268118
1581251205.869442,000000000101,e78f135624ce,-73,9.70255125,8.5693655,1.817,0.00141375,0.010269,-0.999,-0.349912,-0.00468275,-0.0208275,-0.00468275,0.349912,0.010269
1581251206.3214657,000000000101,e78f135624ce,-68,9.50219112,8.56,1.826695191,-0.009695191,0.014,-0.999,-0.792284837,-0.002076202,0.003542787,-0.002,0.792361039,0.014076202
1581251206.7774706,000000000101,e78f135624ce,-74,9.303389807,8.555829252,1.833585374,-0.017585374,0.011414626,-1.0,-0.933878227,-0.003414626,0.015170748,-0.003414626,0.933878227,0.011414626
1581251207.2284575,000000000101,e78f135624ce,-69,9.109939663,8.553806532,1.835613064,-0.021193468,0.009193468,-1.0,-0.978160808,-0.003613064,0.020193468,-0.002806532,0.979160808,0.009193468
1581251208.138481,000000000101,e78f135624ce,-75,8.726445533,8.559856526,1.834,-0.027428263,0.007428263,-1.0,-0.997428263,-0.004428263,0.027428263,-0.004428263,0.997428263,0.007428263
1581251208.5894947,000000000101,e78f135624ce,-78,8.524750923,8.554973181,1.836013409,-0.025,0.010973181,-1.0,-0.999,-0.003,0.025,-0.002013409,0.999,0.010986591
1581251209.050509,000000000101,e78f135624ce,-71,8.306512717,8.552416243,1.834583757,-0.023,0.012416243,-1.0,-0.999,-0.001583757,0.023,-0.001583757,1.0,0.012416243
1581251209.509457,000000000101,e78f135624ce,-73,8.082861678,8.559585106,1.832414894,-0.018170212,0.010585106,-1.0,-1.0,-0.003414894,0.018170212,-0.003414894,1.0,0.011170212
1581251210.417588,000000000101,e78f135624ce,-80,7.643432508,8.556364866,1.834554063,-0.017,0.006270268,-1.0,-1.0,-0.006635134,0.017,-0.006635134,1.0,0.006905401
1581251210.8704448,000000000101,e78f135624ce,-70,7.426674972,8.540030907,1.84,-0.00927318,0.004,-1.0,-1.0,-0.008242273,0.00927318,-0.008242273,1.0,0.004
1581251211.330446,000000000101,e78f135624ce,-69,7.216874676,8.540579769,1.839915954,-8.4046e-05,0.005,-1.0,-1.0,-0.009168092,8.4046e-05,-0.009168092,1.0,0.005
1581251211.7876525,000000000101,e78f135624ce,-78,7.023487789,8.534413227,1.822826453,0.007586773,0.008586773,-1.0,-1.0,-0.009826453,-0.007586773,-0.009826453,1.0,0.008586773
1581251212.241452,000000000101,e78f135624ce,-80,6.843662134,8.54738831,1.820082465,0.006768615,0.005,-1.0,-0.925859086,-0.008305845,-0.006768615,-0.00853723,0.925859086,0.00753723
1581251212.6945755,000000000101,e78f135624ce,-74,6.726799394,8.594920666,1.829979788,-0.004300151,0.00713997,-1.0,-0.189911582,-0.000279939,-0.01113997,-0.000279939,0.189911582,0.00286003
1581251213.1515293,000000000101,e78f135624ce,-83,6.575942303,8.576997377,1.805976397,0.007002623,0.011506557,-0.999,-0.38425177,-0.005506557,-0.018997377,-0.006007868,0.38425177,0.011506557
1581251213.6034286,000000000101,e78f135624ce,-70,6.492387737,8.62460283,1.822200943,-0.008899528,0.011899528,-0.999,0.306086322,0.004,-0.014196227,0.004,-0.306086322,0.001
1581251214.0634437,000000000101,e78f135624ce,-69,6.399015332,8.636429667,1.821859333,-0.001289,0.0056445,-1.0,0.697657338,0.011785167,-0.000289,0.011785167,-0.697657338,-0.001
1581251214.5214627,000000000101,e78f135624ce,-74,6.267595145,8.639688818,1.853933545,0.004462236,0.013848945,-1.0,0.904404855,0.015462236,0.005,0.015462236,-0.904404855,-0.012311182
1581251214.9744284,000000000101,e78f135624ce,-72,6.156087395,8.639301304,1.866301304,0.013301304,0.014100435,-1.0,0.969803477,0.018,0.014200869,0.018,-0.969803477,-0.013100435
1581251215.4314442,000000000101,e78f135624ce,-73,6.073985552,8.646755418,1.863004816,0.016498796,0.012251806,-1.0,0.990251806,0.017750602,0.016498796,0.018,-0.990251806,-0.012002408
1581251215.883456,000000000101,e78f135624ce,-71,6.003985997,8.680559102,1.8656493,0.007597199,0.013,-1.0,0.9963507,0.0186493,0.008597199,0.0186493,-0.9963507,-0.013
1581251216.339413,000000000101,e78f135624ce,-86,5.971165769,8.701819162,1.86298493,0.006060279,0.012,-1.0,0.99898493,0.01998493,0.00704521,0.01998493,-0.99898493,-0.01198493
1581251216.7994375,000000000101,e78f135624ce,-71,5.955580582,8.718096846,1.863677427,0.004967718,0.012,-1.0,0.999,0.020677427,0.004967718,0.021,-0.999,-0.012
1581251217.256427,000000000101,e78f135624ce,-76,5.933034533,8.729,1.8581036,0.003321822,0.009034533,-1.0,1.0,0.021,0.003321822,0.021,-1.0,-0.009034533
1581251217.7074265,000000000101,e78f135624ce,-77,5.911,8.743035867,1.852784799,-0.002964133,0.007,-1.0,0.895873621,0.019,0.001856533,0.019,-0.895873621,-0.007964133
1581251218.164461,000000000101,e78f135624ce,-76,5.926264641,8.715161824,1.849705856,0.00813232,0.009426464,-1.0,0.963882431,0.018426464,0.01013232,0.018426464,-0.964308895,-0.009426464
1581251218.618423,000000000101,e78f135624ce,-88,5.910449909,8.724395082,1.856534973,0.003534973,0.012844991,-1.0,0.988465027,0.017844991,0.004379964,0.017844991,-0.988465027,-0.012844991
1581251219.0765219,000000000101,e78f135624ce,-86,5.887065005,8.747467498,1.845644998,-0.005,0.009822499,-1.0,0.912497475,0.015,0.000355002,0.015,-0.912497475,-0.008822499
1581251219.5280702,000000000101,e78f135624ce,-70,5.911188671,8.712669826,1.851523584,0.004712255,0.011047168,-1.0,0.971811329,0.017952832,0.006235838,0.017952832,-0.971811329,-0.010523584
1581251219.9813628,000000000101,e78f135624ce,-68,5.917428831,8.743427012,1.854142337,-0.012428377,0.010428377,-1.0,0.935570259,0.018142792,-0.011428377,0.018142792,-0.935570259,-0.009571169
1581251220.8864136,000000000101,e78f135624ce,-78,5.91737188,8.926680535,1.861584027,-0.03087604,0.011292013,-0.999,0.992584027,0.020584027,-0.03087604,0.020292013,-0.992584027,-0.012
1581251221.3444092,000000000101,e78f135624ce,-71,5.906517962,9.023982364,1.86310712,-0.03389288,0.01205356,-0.999,0.99694644,0.018160679,-0.03294644,0.018160679,-0.99794644,-0.01205356
1581251221.799412,000000000101,e78f135624ce,-68,5.940004622,9.146214481,1.870398151,-0.044001541,0.014199076,-0.999,0.998,0.018600308,-0.044001541,0.018,-0.999,-0.014799384
1581251222.2533925,000000000101,e78f135624ce,-72,5.964231559,9.290084033,1.876753688,-0.047753688,0.017,-0.999,0.998,0.017246312,-0.047753688,0.017,-0.999,-0.018
1581251222.7124047,000000000101,e78f135624ce,-71,5.975701094,9.459188953,1.891,-0.040224179,0.021074726,-0.999,0.999,0.016850547,-0.040224179,0.015925274,-0.999,-0.022
1581251224.0705242,000000000101,e78f135624ce,-79,6.010440643,9.992677796,1.890711871,-0.042627095,0.01723729,-0.998,0.912118576,0.01123729,-0.047101676,0.010474581,-0.913881286,-0.01923729
1581251224.5243874,000000000101,e78f135624ce,-70,5.93543597,10.100932786,1.865106269,-0.008698458,0.016815622,-0.999,-0.040672987,-0.003815622,-0.028815622,-0.003815622,0.040672987,0.002854677
1581251224.9743896,000000000101,e78f135624ce,-71,5.890721447,10.42441783,1.888558957,-0.048628596,0.008023213,-0.985069638,-0.366955425,-0.000976787,-0.008976787,-0.003953574,0.369932212,-0.000860723
1581251225.4265091,000000000101,e78f135624ce,-77,5.827243139,10.539869283,1.887495426,-0.009972558,0.00387843,-0.994626143,-0.609894071,0.001,-0.010644438,-0.000626143,0.610894071,0.002252287
1581251225.4293683,000000000101,e78f135624ce,-72,5.827100184,10.539750153,1.887400122,-0.009400734,0.003949908,-0.994649969,-0.612896145,0.001,-0.01104948,-0.000649969,0.613896145,0.002299939
1581251225.8835592,000000000101,e78f135624ce,-73,5.865559861,10.551117034,1.823268227,0.030976593,0.007731773,-0.994536454,-0.397945909,0.006609363,-0.047317729,0.005609363,0.400677682,0.019390637
1581251226.7953835,000000000101,e78f135624ce,-89,5.892846596,10.942,1.827247746,0.016970469,0.000138638,-0.998430681,-0.019009016,0.002138638,-0.02740115,0.002138638,0.020147654,0.002584085
1581251227.2454062,000000000101,e78f135624ce,-74,5.853969961,11.026021327,1.934313307,0.047618054,-0.00251502,-0.993656654,-0.045068639,0.004343346,-0.024575098,0.007171673,0.046553619,-0.022626615
1581251229.0553987,000000000101,e78f135624ce,-84,5.822999045,11.869612611,1.758600191,0.003998089,-0.008799618,-0.999,0.186400764,0.007600191,0.003998089,0.007,-0.186400764,0.025199427
1581251229.5153947,000000000101,e78f135624ce,-80,5.830458932,12.026595007,1.67298021,0.00856655,-0.02,-0.996685552,0.021770405,0.005742207,-0.001711033,0.004742207,-0.020455956,0.046082137
1581251229.9693842,000000000101,e78f135624ce,-83,5.85892772,12.124409842,1.731102269,0.03934333,0.012512111,-0.98798193,-0.316464436,-0.00392772,0.00696386,-0.00089158,0.314500575,0.023584391
1581251230.4254,000000000101,e78f135624ce,-72,5.889201404,12.346749015,1.757533567,0.026197894,0.00086573,-0.994533567,-0.148537078,-0.00413427,0.019399298,-0.00413427,0.147070645,0.013533567
1581251230.8753846,000000000101,e78f135624ce,-74,5.907065827,12.598940467,1.770248426,0.002416142,0.001700629,-0.997116772,0.041097889,-0.000233543,0.019350315,-0.000116772,-0.041097889,0.011817401
1581251231.7793922,000000000101,e78f135624ce,-75,5.885261226,12.849073418,1.888477548,0.022936742,-0.011630613,-0.989108161,-0.427881678,-0.008261226,-0.004936742,-0.005630613,0.436773517,-0.009630613
1581251232.2383564,000000000101,e78f135624ce,-73,5.874268633,13.087277326,1.878462733,-0.006376087,-0.002,-0.996053727,-0.377511187,-0.007892547,0.002053727,-0.006892547,0.381403734,-0.001785093
1581251232.697384,000000000101,e78f135624ce,-76,5.867150305,13.225618599,1.869450916,-0.007416158,0.003,-0.998,-0.449791455,-0.005849695,0.008867074,-0.005566463,0.450791455,0.000849695
1581251233.1483436,000000000101,e78f135624ce,-78,5.85984858,13.239253415,1.756929547,0.007070453,0.02715142,-0.998,-0.405206101,-0.008691903,-0.001459516,-0.010383807,0.404514198,0.026535226
1581251233.5993407,000000000101,e78f135624ce,-77,5.860185097,13.351130996,1.828408642,-0.013537257,0.00364784,-0.999,-0.467557672,-0.006185097,0.008814903,-0.007092549,0.46665022,0.00164784
1581251234.0518172,000000000101,e78f135624ce,-77,5.862748681,13.434497363,1.860994725,-0.023664908,0.002418864,-0.999,-0.605916227,-0.006,0.013581136,-0.006458114,0.605916227,-0.000123022
1581251234.9583802,000000000101,e78f135624ce,-80,5.872658819,13.458593261,1.838850416,-0.017850416,0.007574792,-0.999,-0.466186523,-0.006616805,0.017467221,-0.006616805,0.466186523,0.006383195
1581251235.4113793,000000000101,e78f135624ce,-80,5.875416728,13.476333826,1.847165804,-0.019833457,0.00650037,-0.999,-0.339921532,-0.006416728,0.011,-0.006833457,0.339921532,0.00250037
1581251235.8713675,000000000101,e78f135624ce,-71,5.892000906,13.510251699,1.802500679,-0.027000453,0.006666365,-0.999,-0.294242639,-0.011166591,0.019167044,-0.011249887,0.295242639,0.014416478
1581251236.3224835,000000000101,e78f135624ce,-74,5.847290559,13.426196567,1.766068243,-0.010504292,0.021709441,-0.999,-0.533333896,-0.013102575,0.013803433,-0.012401717,0.532633037,0.0224103
1581251236.7783475,000000000101,e78f135624ce,-81,5.825806753,13.42549569,1.784974856,-0.013604886,0.013277299,-0.997638649,-0.364930327,-0.008470546,0.050529454,-0.007831897,0.365207626,0.011193247
1581251237.2341266,000000000101,e78f135624ce,-82,5.799547444,13.388901618,1.823059029,0.046822913,0.010940971,-0.996980324,0.567032367,0.005960647,0.068157411,0.006960647,-0.569012691,-0.002
1581251237.6873512,000000000101,e78f135624ce,-76,5.705606397,13.374199624,1.837,0.025602634,0.005800376,-0.996,0.279029161,0.001800376,0.086800376,0.002800376,-0.280029161,-0.004400188
1581251238.5943565,000000000101,e78f135624ce,-79,5.437297596,13.362,1.868,0.019192967,0.010192967,-0.997807033,0.175263294,0.003192967,0.064964837,0.004192967,-0.175456261,-0.011
1581251239.045358,000000000101,e78f135624ce,-77,5.273546453,13.364800699,1.863199301,0.015855644,0.006828172,-0.998542957,0.195889612,0.003371129,0.051828172,0.003828172,-0.196346655,-0.006371129
1581251239.0483215,000000000101,e78f135624ce,-83,5.2727844,13.364652522,1.863347478,0.016173167,0.006912844,-0.998521789,0.201118145,0.003434633,0.051912844,0.003912844,-0.201596356,-0.006434633
1581251239.5053356,000000000101,e78f135624ce,-75,5.078414531,13.348828831,1.858657662,-0.008513507,0.004828831,-0.999,-0.506792503,-0.007342338,0.037144155,-0.006342338,0.506792503,-0.001828831
1581251239.5083327,000000000101,e78f135624ce,-72,5.077215668,13.348807423,1.858614845,-0.008577732,0.004807423,-0.999,-0.509768252,-0.007385155,0.037037113,-0.006385155,0.509768252,-0.001807423
1581251240.8703506,000000000101,e78f135624ce,-78,4.448479265,13.336015714,1.844984286,-0.001007857,0.005007857,-1.0,-0.983952859,-0.013007857,0.002007857,-0.013007857,0.983952859,0.004015714
1581251241.3253293,000000000101,e78f135624ce,-75,4.237833753,13.331708348,1.844,0.001291652,0.003354174,-1.0,-0.994645826,-0.013,-0.001291652,-0.013,0.994645826,0.003354174
1581251241.3283043,000000000101,e78f135624ce,-74,4.236552221,13.331662579,1.844,0.001337421,0.00333129,-1.0,-0.99466871,-0.013,-0.001337421,-0.013,0.99466871,0.00333129
1581251241.7823317,000000000101,e78f135624ce,-74,4.03761608,13.325684925,1.845,0.008630151,0.002,-1.0,-0.998315075,-0.011315075,-0.008315075,-0.011315075,0.998315075,0.002
1581251242.2436683,000000000101,e78f135624ce,-69,3.866152082,13.345017665,1.84089401,0.001,0.006052995,-1.0,-0.39887939,-0.00710599,-0.003,-0.00710599,0.39887939,0.00207066
1581251243.1523585,000000000101,e78f135624ce,-74,3.523121812,13.351258221,1.808450671,-0.000774664,0.013774664,-1.0,-0.550568792,-0.015774664,0.000774664,-0.015774664,0.550568792,0.013774664
1581251243.6114786,000000000101,e78f135624ce,-77,3.351500745,13.345,1.797771691,0.000923897,0.016228309,-1.0,-0.481686417,-0.015228309,0.004771691,-0.015228309,0.481686417,0.015304413
1581251244.065344,000000000101,e78f135624ce,-75,3.188532286,13.352138033,1.80370705,-0.003,0.015,-1.0,-0.320808352,-0.011430983,0.015138033,-0.010430983,0.320808352,0.009861967
1581251244.5243316,000000000101,e78f135624ce,-77,3.01204138,13.341182817,1.793464641,-0.00273232,0.020014144,-0.999,-0.527734422,-0.015760608,0.017464641,-0.015014144,0.527480886,0.01526768
1581251245.42832,000000000101,e78f135624ce,-78,2.644424266,13.323627167,1.796321967,-0.009050867,0.0155763,-1.0,-0.9511185,-0.0175763,0.010050867,-0.017050867,0.9511185,0.0145763
1581251245.8813407,000000000101,e78f135624ce,-72,2.451763274,13.311667708,1.801581511,-0.008083073,0.012750781,-1.0,-0.984332292,-0.011916927,0.009,-0.011916927,0.984332292,0.012750781
1581251246.3353302,000000000101,e78f135624ce,-74,2.277030463,13.299613781,1.823,-0.011168268,0.004,-1.0,-0.994722756,-0.011445512,0.011891024,-0.011445512,0.994722756,0.004
1581251246.7933562,000000000101,e78f135624ce,-72,2.103205689,13.315199637,1.81700121,-0.021399879,0.004599516,-0.999600121,-0.998,-0.015799758,0.021399879,-0.015799758,0.998,0.005599516
1581251247.2473192,000000000101,e78f135624ce,-76,1.933621061,13.319490227,1.802532708,-0.018830076,0.007127443,-0.999,-0.999,-0.019042481,0.018830076,-0.019042481,0.999,0.008127443
1581251247.699356,000000000101,e78f135624ce,-68,1.751042408,13.303562341,1.793819621,-0.009,0.008472152,-0.999,-0.999,-0.020618038,0.008618038,-0.020618038,0.999,0.008472152
1581251248.1522992,000000000101,e78f135624ce,-74,1.59139491,13.320863321,1.794,-0.011668268,0.007,-1.0,-0.999,-0.019,0.011668268,-0.019,1.0,0.007
1581251248.6043158,000000000101,e78f135624ce,-82,1.405662927,13.314159551,1.784671912,-0.020806741,0.01364719,-0.999,-0.999,-0.020420224,0.02,-0.020420224,0.999193259,0.01364719
1581251249.0573204,000000000101,e78f135624ce,-72,1.230157589,13.342892266,1.766355301,-0.033826362,0.018115759,-0.99852894,-0.999,-0.02052894,0.033297422,-0.02,0.999,0.018586819
1581251249.517295,000000000101,e78f135624ce,-69,1.055112116,13.369370328,1.775555493,-0.025889015,0.013444507,-0.999,-0.999,-0.022185164,0.025074179,-0.022185164,0.999,0.013444507
1581251249.9692993,000000000101,e78f135624ce,-74,0.858227051,13.084174269,1.834812536,0.065615175,-0.004404618,-0.982796041,-0.982996701,-0.02620066,-0.065615175,-0.021,0.999,-0.006404618
1581251250.4253051,000000000101,e78f135624ce,-70,0.700989492,13.194179959,1.76236611,0.01360668,0.01026778,-0.99336611,-0.99373222,-0.02426778,-0.01360668,-0.02326778,0.999,0.01026778
1581251250.4282956,000000000101,e78f135624ce,-66,0.699967742,13.195077105,1.762391031,0.013307632,0.010217939,-0.993391031,-0.993782061,-0.024217939,-0.013307632,-0.023217939,0.999,0.010217939
1581251250.8793194,000000000101,e78f135624ce,-74,0.553694707,13.272857901,1.794284198,-0.007,0.000921056,-0.995968422,-0.996984211,-0.025968422,0.007,-0.025984211,0.997984211,0.000921056
1581251251.3322942,000000000101,e78f135624ce,-66,0.424213229,13.314887604,1.786348751,-0.016132562,0.005020167,-0.995755042,-0.997377521,-0.026,0.016132562,-0.027622479,0.997377521,0.005397687
1581251251.7833097,000000000101,e78f135624ce,-65,0.319525947,13.275546747,1.761577842,-0.004685132,0.009737026,-0.995245675,-0.996,-0.026245675,0.004685132,-0.027245675,0.998,0.009737026
