1581251155.3895407,b827eb4521b4,e78f135624ce,-88,17.96,4.45,1.64,0.014,-0.01,-0.997,1.002,0.002,0.014,0.001,-0.997,0.015
1581251155.843066,b827eb4521b4,e78f135624ce,-90,17.955971767,4.401745905,1.677197629,0.014,-0.001971767,-0.999,1.001,0.008028233,0.014,0.008028233,-0.999,0.003971767
1581251156.748347,b827eb4521b4,e78f135624ce,-77,17.947762115,4.283810577,1.771951539,0.017491923,0.004745962,-1.0,1.0,0.011,0.017491923,0.011,-1.0,-0.004
1581251157.2021015,b827eb4521b4,e78f135624ce,-77,17.937550586,4.250188233,1.80008706,0.017,0.003637647,-1.0,1.0,0.009,0.017,0.009,-1.0,-0.003637647
1581251157.6607244,b827eb4521b4,e78f135624ce,-82,17.923066803,4.233665984,1.809400819,0.016066803,0.001066803,-1.0,1.0,0.008933197,0.016066803,0.008933197,-1.0,-0.001066803
1581251158.5680206,b827eb4521b4,e78f135624ce,-87,17.928484519,4.189304183,1.833515481,0.022484519,0.00575774,-1.0,1.0,0.01324226,0.022484519,0.01324226,-1.0,-0.005515481
1581251159.0194163,b827eb4521b4,e78f135624ce,-80,17.92447048,4.178,1.835156827,0.031372694,0.005156827,-0.999156827,0.999,0.014,0.031372694,0.014,-1.0,-0.005156827
1581251159.4767458,b827eb4521b4,e78f135624ce,-71,17.895385848,4.181845461,1.838153538,0.042231308,0.005,-0.999,0.999,0.011461615,0.042231308,0.011461615,-1.0,-0.004538385
1581251159.928149,b827eb4521b4,e78f135624ce,-79,17.825983449,4.187382529,1.839,0.024852414,0.003808736,-1.0,0.999191264,0.012,0.024852414,0.012808736,-1.0,-0.003
1581251160.379115,b827eb4521b4,e78f135624ce,-85,17.737257796,4.200193578,1.847462385,0.007075229,0.005,-1.0,1.0,0.012,0.007075229,0.012,-1.0,-0.005
1581251160.8344808,b827eb4521b4,e78f135624ce,-72,17.624222814,4.194203802,1.85064076,-0.004077719,0.00464076,-1.0,1.0,0.012,-0.004077719,0.012,-1.0,-0.00464076
1581251161.2903652,b827eb4521b4,e78f135624ce,-90,17.498286562,4.18501549,1.84501549,-0.01598451,0.003,-1.0,1.0,0.013992255,-0.01598451,0.013992255,-1.0,-0.003007745
1581251161.742391,b827eb4521b4,e78f135624ce,-73,17.359071049,4.171507105,1.843130329,-0.013753552,0.001376776,-1.0,1.0,0.014,-0.013753552,0.014,-1.0,-0.001753552
1581251162.1926818,b827eb4521b4,e78f135624ce,-72,17.207402832,4.159277466,1.842759155,-0.000554932,0.003240845,-1.0,1.0,0.014481689,-0.000554932,0.014481689,-1.0,-0.003240845
1581251162.653573,b827eb4521b4,e78f135624ce,-82,17.041859603,4.146324955,1.835324955,0.021610054,0.005064991,-1.0,0.999064991,0.016935009,0.021675045,0.017,-1.0,-0.004064991
1581251163.1074362,b827eb4521b4,e78f135624ce,-79,16.876225932,4.150348395,1.835348395,0.026550535,0.007449465,-1.0,0.999,0.015,0.02710107,0.015,-1.0,-0.007
1581251163.567427,b827eb4521b4,e78f135624ce,-72,16.710578046,4.151,1.839565752,0.021565752,0.008782876,-1.0,1.0,0.012434248,0.022348628,0.013217124,-1.0,-0.008782876
1581251164.0169764,b827eb4521b4,e78f135624ce,-75,16.546632319,4.149624682,1.838,0.016187659,0.006187659,-1.0,1.0,0.014812341,0.016187659,0.014812341,-1.0,-0.006187659
1581251164.4680235,b827eb4521b4,e78f135624ce,-72,16.386697194,4.147,1.838307343,0.021435781,0.004435781,-1.0,1.0,0.015564219,0.021435781,0.016,-1.0,-0.004435781
1581251164.9182587,b827eb4521b4,e78f135624ce,-74,16.226722087,4.142,1.838,0.022841076,0.003,-1.0,1.0,0.016,0.022841076,0.016,-1.0,-0.002947025
1581251165.3781364,b827eb4521b4,e78f135624ce,-76,16.081801564,4.155615184,1.838723037,-0.002784295,0.002,-1.0,1.0,0.017723037,-0.002784295,0.017723037,-1.0,-0.001723037
1581251165.8316574,b827eb4521b4,e78f135624ce,-83,15.919207287,4.159314308,1.827650019,-0.013985731,0.007678558,-1.0,0.326729645,0.014328577,-0.013992865,0.014328577,-0.327393933,0.007014269
1581251166.2835572,b827eb4521b4,e78f135624ce,-81,15.72624618,4.138180343,1.811240458,-0.014699428,0.017939886,-1.0,-0.576802491,0.011,0.005519084,0.011,0.576742376,0.017879771
1581251167.190233,b827eb4521b4,e78f135624ce,-71,15.395517092,4.12079385,1.816824601,0.015618451,0.007,-1.0,0.651615017,0.01679385,0.02220615,0.01679385,-0.651615017,0.0015877
1581251167.6445167,b827eb4521b4,e78f135624ce,-71,15.231435643,4.102072607,1.806766148,0.000612918,0.016540311,-1.0,-0.205402171,0.01115323,0.019459689,0.011306459,0.205402171,0.013233852
1581251168.1028235,b827eb4521b4,e78f135624ce,-71,15.062951662,4.095064518,1.788596777,-0.018403223,0.024467741,-0.999,-0.743951527,0.007532259,0.025,0.008064518,0.743951527,0.023467741
1581251168.563797,b827eb4521b4,e78f135624ce,-70,14.896691154,4.087112954,1.784548183,-0.010677725,0.021225908,-0.999,-0.605424958,0.008,0.029112954,0.009,0.605424958,0.020225908
1581251169.0142016,b827eb4521b4,e78f135624ce,-73,14.716540639,4.103937989,1.767265503,-0.033937989,0.027265503,-0.999,-0.872583383,0.006265503,0.039734497,0.008,0.872583383,0.027265503
1581251169.4638188,b827eb4521b4,e78f135624ce,-69,14.581519759,4.10662538,1.7651269,-0.0218731,0.02437462,-0.99837462,-0.520945283,0.01,0.04,0.011,0.520945283,0.02274924
1581251170.3706713,b827eb4521b4,e78f135624ce,-78,14.208547803,4.135732482,1.747267518,-0.052,0.026,-0.998,-0.949239905,0.006422506,0.054422506,0.008,0.950239905,0.025577494
1581251170.8295894,b827eb4521b4,e78f135624ce,-76,14.026948207,4.138294566,1.737059422,-0.049294566,0.028470289,-0.998,-0.982940578,0.005235145,0.050294566,0.006235145,0.983940578,0.028235145
1581251171.2798753,b827eb4521b4,e78f135624ce,-77,13.840267982,4.151007842,1.733338561,-0.051,0.026496079,-0.998,-0.993669281,0.003330719,0.051,0.004496079,0.994669281,0.026496079
1581251171.7407873,b827eb4521b4,e78f135624ce,-70,13.656767856,4.156737745,1.745271709,-0.044932073,0.019864146,-0.999,-0.997533964,0.002,0.044932073,0.002466036,0.998,0.019398109
1581251172.1975882,b827eb4521b4,e78f135624ce,-74,13.483950097,4.127571722,1.74360499,-0.025975049,0.021193346,-0.999,-0.9118814,0.00460499,0.029596673,0.00560499,0.9118814,0.021596673
1581251172.6495948,b827eb4521b4,e78f135624ce,-73,13.336714629,4.103362953,1.751370471,-0.006362953,0.021,-0.999,-0.325028714,0.01,0.022544429,0.010818524,0.325028714,0.016633288
1581251173.0998585,b827eb4521b4,e78f135624ce,-77,13.223070262,4.538837828,1.803494588,-0.132070262,0.022959457,-0.964040543,0.160739223,0.018404054,-0.121282425,0.011212163,-0.19469868,-0.000555403
1581251173.5591786,b827eb4521b4,e78f135624ce,-71,13.058747272,4.377812327,1.812260218,-0.044829018,0.013,-0.988195164,0.377812327,0.016869891,-0.031959127,0.013934945,-0.388617163,-0.001
1581251175.3782256,b827eb4521b4,e78f135624ce,-71,12.393460798,4.146202233,1.766280893,-0.004561786,7.866e-05,-0.999640447,0.603258053,0.013640447,-0.007280893,0.013640447,-0.603258053,0.012719107
1581251175.8327692,b827eb4521b4,e78f135624ce,-70,12.252534289,4.152,1.772784928,-0.012261643,-0.004,-1.0,0.87341914,0.016,-0.013261643,0.016,-0.873680783,0.008476714
1581251176.2845786,b827eb4521b4,e78f135624ce,-84,12.110167223,4.165837375,1.787224917,-0.016870819,-0.002129181,-1.0,0.959191472,0.012258361,-0.016870819,0.012258361,-0.959191472,0.003258361
1581251176.7383354,b827eb4521b4,e78f135624ce,-71,11.997182839,4.171879177,1.802909383,-0.006424486,0.000939588,-1.0,0.987060412,0.012515103,-0.006424486,0.012515103,-0.987060412,-0.000454691
1581251177.1970253,b827eb4521b4,e78f135624ce,-73,11.919151999,4.165366476,1.801916191,0.004366476,-0.001633524,-1.0,0.996183238,0.014816762,0.004366476,0.014,-0.996183238,0.001633524
1581251177.6527786,b827eb4521b4,e78f135624ce,-74,11.855042545,4.156338061,1.803338061,0.01283097,-0.00183097,-1.0,0.99883097,0.014,0.01283097,0.014,-0.99883097,0.00183097
1581251178.1104534,b827eb4521b4,e78f135624ce,-75,11.820538057,4.151677166,1.80212336,0.012661417,-0.001661417,-1.0,0.999,0.014892389,0.012661417,0.014892389,-0.999,0.002215223
1581251178.5652819,b827eb4521b4,e78f135624ce,-77,11.80882228,4.147893368,1.797964456,0.013,-0.004,-1.0,1.0,0.013035544,0.013,0.013,-1.0,0.004
1581251178.567692,b827eb4521b4,e78f135624ce,-74,11.808712727,4.147827636,1.797942545,0.013,-0.004,-1.0,1.0,0.013057455,0.013,0.013,-1.0,0.004
1581251179.0179458,b827eb4521b4,e78f135624ce,-74,11.7834815,4.172587938,1.802069438,0.004930562,-0.001620375,-1.0,1.0,0.012,0.004930562,0.012,-1.0,0.002310187
1581251179.47762,b827eb4521b4,e78f135624ce,-73,11.780794688,4.211794688,1.824401771,-0.005794688,0.006598229,-1.0,1.0,0.014598229,-0.005794688,0.014598229,-1.0,-0.006598229
1581251179.927193,b827eb4521b4,e78f135624ce,-73,11.778,4.202249471,1.829249471,-8.3157e-05,0.006083157,-1.0,1.0,0.015041578,-8.3157e-05,0.015041578,-1.0,-0.006124735
1581251180.8433902,b827eb4521b4,e78f135624ce,-74,11.768466363,4.197199545,1.832399089,0.003533637,0.007932726,-1.0,1.0,0.018733182,0.003533637,0.018733182,-1.0,-0.007932726
1581251181.3001578,b827eb4521b4,e78f135624ce,-74,11.76725879,4.204654946,1.833827473,8.6263e-05,0.007,-1.0,1.0,0.016,8.6263e-05,0.016,-1.0,-0.007
1581251181.7532437,b827eb4521b4,e78f135624ce,-74,11.759235704,4.203894282,1.826235704,0.002105718,0.003447141,-1.0,1.0,0.015105718,0.002105718,0.015105718,-1.0,-0.003447141
1581251182.203575,b827eb4521b4,e78f135624ce,-75,11.762658416,4.206292081,1.826170792,0.00085396,0.003,-1.0,1.0,0.014,0.001683168,0.014,-1.0,-0.003
1581251182.660313,b827eb4521b4,e78f135624ce,-72,11.756175492,4.193228445,1.816701969,0.006298031,0.0,-1.0,1.0,0.014649016,0.006298031,0.014649016,-1.0,0.0
1581251183.5708683,b827eb4521b4,e78f135624ce,-74,11.75,4.203345298,1.81584173,-0.002474811,0.001,-1.0,1.0,0.015,-0.002474811,0.015,-1.0,-0.001
1581251184.0240657,b827eb4521b4,e78f135624ce,-70,11.737573943,4.261408458,1.830713029,-0.003147885,0.008,-1.0,1.0,0.018713029,-0.002860914,0.018713029,-1.0,-0.008
1581251184.4830499,b827eb4521b4,e78f135624ce,-75,11.746590089,4.386105847,1.816987611,-0.002397522,0.002795045,-1.0,1.0,0.022,-0.002397522,0.022,-1.0,-0.002795045
1581251184.9440446,b827eb4521b4,e78f135624ce,-79,11.705415108,4.570389928,1.766,-0.028025181,0.026097482,-0.996097482,0.444550734,0.016707554,0.039122663,0.018707554,-0.442648216,0.017902518
1581251186.301457,b827eb4521b4,e78f135624ce,-70,11.711,4.880254279,1.81015254,-0.00338135,0.00815254,-0.999,0.048881418,0.00992373,0.03784746,0.00992373,-0.048881418,0.00892373
1581251186.7622316,b827eb4521b4,e78f135624ce,-71,11.716621997,5.012549921,1.800243994,0.012085959,0.003,-0.999,0.292437278,0.012865991,0.039865991,0.012865991,-0.292437278,0.009134009
1581251187.2184587,b827eb4521b4,e78f135624ce,-72,11.707264905,5.241682244,1.8867019,-0.02641057,0.017556235,-0.99152981,0.293847565,0.01347019,-0.01076152,0.008735095,-0.298317756,-0.023615855
1581251187.670037,b827eb4521b4,e78f135624ce,-65,11.707618268,5.324751758,1.848206089,0.016599528,0.005,-0.995103045,0.361814963,0.010896955,0.03432084,0.009793911,-0.364711919,-0.001896955
1581251188.1264606,b827eb4521b4,e78f135624ce,-71,11.698500805,5.521035429,1.72299839,0.008500805,-0.030995169,-0.995500805,0.332365531,0.009497584,0.023504026,0.008497584,-0.331866336,0.04499839
1581251188.5767136,b827eb4521b4,e78f135624ce,-68,11.699,5.709379411,1.771194238,0.004757203,0.004048559,-0.996048559,0.130288118,0.004854322,0.028048559,0.004805762,-0.128336678,0.012097119
1581251189.0345817,b827eb4521b4,e78f135624ce,-66,11.700525576,5.889860592,1.754730187,0.005948847,-0.006634906,-0.997262788,0.002393193,0.002474424,0.036474424,0.001737212,-0.001655981,0.024160483
1581251189.490891,b827eb4521b4,e78f135624ce,-68,11.701149728,6.102735454,1.808425136,0.002149728,0.007299457,-0.997425136,0.037123353,0.005700543,0.029748642,0.005700543,-0.036123353,0.000149728
1581251189.9484506,b827eb4521b4,e78f135624ce,-79,11.69687801,6.308807372,1.815438206,0.000219902,-0.004975921,-0.998,0.097741526,0.006365971,0.046634029,0.00624398,-0.097741526,0.006853931
1581251190.8619833,b827eb4521b4,e78f135624ce,-66,11.696338428,6.69293666,1.818692138,-0.003692138,0.009015283,-0.998,0.049956361,0.004661572,0.048015283,0.005,-0.049617934,0.005661572
1581251191.3153327,b827eb4521b4,e78f135624ce,-72,11.703953543,6.881677163,1.81927874,0.003303149,0.011092913,-0.997046457,0.144288182,0.002907087,0.064767716,0.003907087,-0.144288182,0.006
1581251191.7717066,b827eb4521b4,e78f135624ce,-67,11.697561626,7.133718336,1.847528166,-0.020607373,0.008382042,-0.996,-0.070186392,0.004471834,0.082382042,0.004853875,0.071568433,0.000382042
1581251192.2294166,b827eb4521b4,e78f135624ce,-64,11.73234121,7.283047258,1.848366139,0.035292651,0.009122046,-0.997292651,0.66297247,0.012,0.067366139,0.013,-0.663679819,-0.005414698
1581251192.6821663,b827eb4521b4,e78f135624ce,-73,11.750693147,7.460627345,1.834306853,0.028460279,0.004153426,-0.998923287,0.893008184,0.013923287,0.038690419,0.014,-0.893084897,-0.003076713
1581251193.13903,b827eb4521b4,e78f135624ce,-66,11.76469145,7.647446105,1.82630855,0.02030855,0.002436183,-0.999563817,0.965201984,0.013436183,0.023744733,0.013436183,-0.965638168,-0.002
1581251193.5922842,b827eb4521b4,e78f135624ce,-70,11.766651463,7.839061949,1.823651463,0.009477195,0.002,-1.0,0.988522805,0.014825732,0.010477195,0.014825732,-0.988697073,-0.002
1581251194.049749,b827eb4521b4,e78f135624ce,-71,11.761166332,8.018182412,1.824501005,-0.000667337,0.003667337,-1.0,0.996667337,0.013166332,-0.000501005,0.013166332,-0.996667337,-0.003667337
1581251194.9522853,b827eb4521b4,e78f135624ce,-70,11.765832102,8.338266621,1.819167898,-0.006916051,0.003,-1.0,1.0,0.011083949,-0.006916051,0.011083949,-1.0,-0.003
1581251195.4042673,b827eb4521b4,e78f135624ce,-68,11.764,8.432506688,1.818855232,-0.008,0.002618411,-1.0,1.0,0.011309205,-0.008,0.011309205,-1.0,-0.002618411
1581251195.861575,b827eb4521b4,e78f135624ce,-64,11.770670048,8.48769541,1.818994928,-0.006670048,0.002664976,-1.0,1.0,0.013664976,-0.006670048,0.013,-1.0,-0.002664976
1581251196.3178616,b827eb4521b4,e78f135624ce,-74,11.769027004,8.527864982,1.819027004,-0.002135018,0.003,-1.0,1.0,0.012,-0.002135018,0.012,-1.0,-0.003027004
1581251196.770673,b827eb4521b4,e78f135624ce,-74,11.767389992,8.531610008,1.819389992,0.012220016,0.004,-1.0,1.0,0.010389992,0.012220016,0.010389992,-1.0,-0.004
1581251197.225161,b827eb4521b4,e78f135624ce,-75,11.767,8.537758649,1.815,0.015482702,0.003,-1.0,1.0,0.008241351,0.015482702,0.009,-1.0,-0.003
1581251197.2285216,b827eb4521b4,e78f135624ce,-67,11.767,8.537734645,1.815,0.015530709,0.003,-1.0,1.0,0.008265355,0.015530709,0.009,-1.0,-0.003
1581251197.6784954,b827eb4521b4,e78f135624ce,-66,11.759648822,8.557531763,1.820585296,0.010882941,0.003234119,-1.0,1.0,0.013,0.010882941,0.013,-1.0,-0.003234119
1581251198.1296194,b827eb4521b4,e78f135624ce,-66,11.764,8.552684162,1.819,0.015438613,0.003,-1.0,1.0,0.011,0.015438613,0.011,-1.0,-0.003
1581251198.586407,b827eb4521b4,e78f135624ce,-65,11.764045772,8.54922886,1.818816912,0.016908456,0.003908456,-1.0,1.0,0.01,0.016908456,0.01,-1.0,-0.002954228
1581251199.0451872,b827eb4521b4,e78f135624ce,-65,11.763258463,8.564775388,1.813258463,0.012483075,0.001741537,-1.0,1.0,0.010258463,0.012483075,0.010258463,-1.0,-0.001
1581251199.9471333,b827eb4521b4,e78f135624ce,-76,11.763794236,8.560288069,1.811835389,0.031876542,-4.1153e-05,-0.999,0.999,0.014876542,0.031876542,0.013917695,-1.0,0.001
1581251200.4005928,b827eb4521b4,e78f135624ce,-67,11.736501075,8.57442316,1.809,0.019,-0.001,-1.0,1.0,0.012,0.019,0.012,-1.0,0.001
1581251200.852268,b827eb4521b4,e78f135624ce,-69,11.673298405,8.572044799,1.811,0.023651734,-0.001348266,-1.0,1.0,0.012,0.023651734,0.012,-1.0,0.002174133
1581251201.3096545,b827eb4521b4,e78f135624ce,-68,11.573510564,8.576167058,1.808668232,0.028331768,-0.006498826,-0.999167058,0.999167058,0.012167058,0.028331768,0.012,-1.0,0.006665884
1581251201.7605402,b827eb4521b4,e78f135624ce,-67,11.451704655,8.557269156,1.817910281,0.046365422,-0.005,-0.999,0.999,0.013544859,0.046365422,0.013544859,-1.0,0.005544859
1581251202.2181644,b827eb4521b4,e78f135624ce,-71,11.315574724,8.556966614,1.819129173,0.050516693,-0.006,-0.998870827,0.998870827,0.012129173,0.050516693,0.011258346,-1.0,0.006129173
1581251202.6710286,b827eb4521b4,e78f135624ce,-69,11.164125885,8.542758583,1.822,0.056,-0.003,-0.998,0.998,0.011252861,0.056,0.011,-1.0,0.003252861
1581251203.5872202,b827eb4521b4,e78f135624ce,-64,10.824173382,8.546463917,1.821,0.04909747,-0.006,-0.999,0.999,0.010048735,0.04909747,0.01,-1.0,0.006048735
1581251204.0375476,b827eb4521b4,e78f135624ce,-65,10.651215312,8.585325779,1.819,-0.011393772,0.002,-0.996662889,0.299464531,0.001988668,0.072708218,0.002325779,-0.29712742,0.008011332
1581251204.4970381,b827eb4521b4,e78f135624ce,-65,10.432923303,8.588053835,1.816594887,0.018053835,0.002648722,-0.998351278,0.709209933,0.007351278,0.048243609,0.007351278,-0.708561211,0.001
1581251204.9509006,b827eb4521b4,e78f135624ce,-58,10.201263173,8.586007856,1.821996072,3.5352e-05,0.005992144,-0.999,-0.02458201,0.004011784,0.035015712,0.005007856,0.02458201,0.004988216
1581251205.8672166,b827eb4521b4,e78f135624ce,-62,9.703571226,8.56940259,1.817,0.001506475,0.01019482,-0.999,-0.346351358,-0.004701295,-0.02101295,-0.004701295,0.346351358,0.01019482
1581251206.318955,b827eb4521b4,e78f135624ce,-65,9.503253375,8.56,1.826617936,-0.009617936,0.014,-0.999,-0.790836307,-0.002095516,0.003426905,-0.002,0.790931823,0.014095516
1581251206.774297,b827eb4521b4,e78f135624ce,-67,9.304708066,8.555878077,1.833560962,-0.017560962,0.011439038,-1.0,-0.933341158,-0.003439038,0.015121923,-0.003439038,0.933341158,0.011439038
1581251207.2266333,b827eb4521b4,e78f135624ce,-61,9.110617201,8.553819562,1.835639123,-0.021180438,0.009180438,-1.0,-0.978082631,-0.003639123,0.020180438,-0.002819562,0.979082631,0.009180438
1581251208.1364648,b827eb4521b4,e78f135624ce,-60,8.727453568,8.55981987,1.834,-0.027409935,0.007409935,-1.0,-0.997409935,-0.004409935,0.027409935,-0.004409935,0.997409935,0.007409935
1581251208.5869768,b827eb4521b4,e78f135624ce,-72,8.525758097,8.554937211,1.836031395,-0.025,0.010937211,-1.0,-0.999,-0.003,0.025,-0.002031395,0.999,0.010968605
1581251209.047956,b827eb4521b4,e78f135624ce,-64,8.307606853,8.552379772,1.834620228,-0.023,0.012379772,-1.0,-0.999,-0.001620228,0.023,-0.001620228,1.0,0.012379772
1581251209.5074258,b827eb4521b4,e78f135624ce,-64,8.083775774,8.559599615,1.832400385,-0.018199231,0.010599615,-1.0,-1.0,-0.003400385,0.018199231,-0.003400385,1.0,0.011199231
1581251209.9638162,b827eb4521b4,e78f135624ce,-57,7.855755638,8.560822225,1.837,-0.015,0.007911113,-1.0,-1.0,-0.005,0.015,-0.005,1.0,0.007911113
1581251210.8681245,b827eb4521b4,e78f135624ce,-58,7.427738439,8.54010825,1.84,-0.009331188,0.004,-1.0,-1.0,-0.008222937,0.009331188,-0.008222937,1.0,0.004
1581251211.3284926,b827eb4521b4,e78f135624ce,-63,7.217746176,8.54050464,1.839900928,-9.9072e-05,0.005,-1.0,-1.0,-0.009198144,9.9072e-05,-0.009198144,1.0,0.005
1581251211.784615,b827eb4521b4,e78f135624ce,-60,7.024702769,8.534436592,1.822873183,0.007563408,0.008563408,-1.0,-1.0,-0.009873183,-0.007563408,-0.009873183,1.0,0.008563408
1581251212.2389765,b827eb4521b4,e78f135624ce,-60,6.844595206,8.547274056,1.819911085,0.006787657,0.005,-1.0,-0.925459197,-0.008362972,-0.006787657,-0.008575315,0.925459197,0.007575315
1581251212.6923592,b827eb4521b4,e78f135624ce,-65,6.727168785,8.594514337,1.830109075,-0.004207804,0.007158439,-1.0,-0.195046106,-0.000316878,-0.011158439,-0.000316878,0.195046106,0.002841561
1581251213.1487305,b827eb4521b4,e78f135624ce,-71,6.576968529,8.577044024,1.806396216,0.006955976,0.01138994,-0.999,-0.379773693,-0.00538994,-0.019044024,-0.005867928,0.379773693,0.01138994
1581251213.6011913,b827eb4521b4,e78f135624ce,-66,6.49287249,8.624490964,1.822163655,-0.008918173,0.011918173,-0.999,0.306627008,0.004,-0.014345381,0.004,-0.306627008,0.001
1581251214.0608296,b827eb4521b4,e78f135624ce,-64,6.399578352,8.636469882,1.821939765,-0.001409647,0.005704823,-1.0,0.695566123,0.011765059,-0.000409647,0.011765059,-0.695566123,-0.001
1581251214.9725387,b827eb4521b4,e78f135624ce,-60,6.156508944,8.639257695,1.866257695,0.013257695,0.014085898,-1.0,0.969687188,0.018,0.014171797,0.018,-0.969687188,-0.013085898
1581251215.4294238,b827eb4521b4,e78f135624ce,-67,6.074389624,8.646603891,1.862870125,0.016532469,0.012201297,-1.0,0.990201297,0.017733766,0.016532469,0.018,-0.990201297,-0.011935063
1581251215.8809364,b827eb4521b4,e78f135624ce,-66,6.004405932,8.680286144,1.865670297,0.007681186,0.013,-1.0,0.996329703,0.018670297,0.008681186,0.018670297,-0.996329703,-0.013
1581251216.337215,b827eb4521b4,e78f135624ce,-61,5.971351751,8.701616271,1.862968023,0.00612791,0.012,-1.0,0.998968023,0.019968023,0.007095932,0.019968023,-0.998968023,-0.011968023
1581251216.7974174,b827eb4521b4,e78f135624ce,-61,5.955704897,8.717956991,1.863661888,0.005014336,0.012,-1.0,0.999,0.020661888,0.005014336,0.021,-0.999,-0.012
1581251218.162272,b827eb4521b4,e78f135624ce,-68,5.926463634,8.71498273,1.849785453,0.008231817,0.009446363,-1.0,0.96364364,0.018446363,0.010231817,0.018446363,-0.964090003,-0.009446363
1581251218.6150188,b827eb4521b4,e78f135624ce,-69,5.910759377,8.724116561,1.856627813,0.003627813,0.012875938,-1.0,0.988372187,0.017875938,0.004503751,0.017875938,-0.988372187,-0.012875938
1581251219.0724046,b827eb4521b4,e78f135624ce,-61,5.887241458,8.747379271,1.845586181,-0.005,0.00979309,-1.0,0.911585799,0.015,0.000413819,0.015,-0.911585799,-0.00879309
1581251219.5235467,b827eb4521b4,e78f135624ce,-64,5.911447157,8.712217475,1.851555895,0.005003052,0.011111789,-1.0,0.971552843,0.017888211,0.006558946,0.017888211,-0.971552843,-0.010555895
1581251219.977059,b827eb4521b4,e78f135624ce,-84,5.917551801,8.742689196,1.853896399,-0.01233615,0.01033615,-1.0,0.935016897,0.01811205,-0.01133615,0.01811205,-0.935016897,-0.009448199
1581251221.3416536,b827eb4521b4,e78f135624ce,-68,5.906327187,9.023579617,1.863149514,-0.033850486,0.012074757,-0.999,0.996925243,0.018224271,-0.032925243,0.018224271,-0.997925243,-0.012074757
1581251221.797428,b827eb4521b4,e78f135624ce,-63,5.939775685,9.145497146,1.870489726,-0.043925228,0.014244863,-0.999,0.998,0.018585046,-0.043925228,0.018,-0.999,-0.014829909
1581251222.2508695,b827eb4521b4,e78f135624ce,-67,5.964134523,9.289210707,1.876773095,-0.047773095,0.017,-0.999,0.998,0.017226905,-0.047773095,0.017,-0.999,-0.018
1581251222.7104015,b827eb4521b4,e78f135624ce,-66,5.975634321,9.458337595,1.891,-0.040274259,0.02109142,-0.999,0.999,0.016817161,-0.040274259,0.01590858,-0.999,-0.022
1581251223.1672316,b827eb4521b4,e78f135624ce,-67,5.971,9.603697357,1.876195321,-0.017804679,0.01654883,-0.999,0.999,0.01754883,-0.01735351,0.017,-1.0,-0.01709766
1581251223.6147172,b827eb4521b4,e78f135624ce,-66,5.980780261,9.775898624,1.895775791,-0.024891472,0.022110316,-0.99888879,0.99888879,0.01611121,-0.024780261,0.01611121,-0.99911121,-0.023110316
1581251224.068467,b827eb4521b4,e78f135624ce,-67,6.010203261,9.991522536,1.890759348,-0.042468841,0.017253116,-0.998,0.911659638,0.011253116,-0.046975072,0.010506232,-0.913406522,-0.019253116
1581251224.5220284,b827eb4521b4,e78f135624ce,-72,5.935817025,10.100624313,1.865324014,-0.008934349,0.016779331,-0.999,-0.035392655,-0.003779331,-0.028779331,-0.003779331,0.035392655,0.002727658
1581251224.97209,b827eb4521b4,e78f135624ce,-66,5.890933712,10.424099431,1.888895045,-0.048911616,0.008005524,-0.985016572,-0.367751421,-0.000994476,-0.008994476,-0.003988952,0.370745897,-0.000966856
1581251225.423548,b827eb4521b4,e78f135624ce,-68,5.827391198,10.539992665,1.887594132,-0.01056479,0.003804401,-0.994601467,-0.606784851,0.001,-0.01022494,-0.000601467,0.607784851,0.002202934
1581251225.8791838,b827eb4521b4,e78f135624ce,-77,5.864940004,10.54838237,1.823231765,0.031523526,0.007768235,-0.99446353,-0.408556404,0.00639059,-0.047682351,0.00539059,0.411324639,0.01960941
1581251226.3333423,b827eb4521b4,e78f135624ce,-69,5.884554759,10.788766126,1.810693449,0.007248208,-0.002306551,-0.99786131,-0.226831636,0.001693449,-0.019583931,0.001554759,0.227692946,0.01286131
1581251226.7924697,b827eb4521b4,e78f135624ce,-72,5.89273453,10.942,1.826844309,0.016656685,9.3812e-05,-0.998453094,-0.020622763,0.002093812,-0.027109779,0.002093812,0.021716576,0.002718564
1581251227.243367,b827eb4521b4,e78f135624ce,-74,5.854057355,11.023049932,1.93437157,0.048244377,-0.002471323,-0.993685785,-0.044384053,0.004314215,-0.024356613,0.007157108,0.04591273,-0.02274314
1581251227.6940012,b827eb4521b4,e78f135624ce,-65,5.838981195,11.39630994,1.901262928,-0.006244124,-0.003741773,-0.994751175,-0.003328745,0.011248825,-0.031239422,0.012248825,0.00207992,-0.004004701
1581251229.0524862,b827eb4521b4,e78f135624ce,-77,5.823103063,11.868239566,1.758579387,0.004206126,-0.008841225,-0.999,0.186317549,0.007579387,0.004206126,0.007,-0.186317549,0.025261838
1581251229.5124485,b827eb4521b4,e78f135624ce,-71,5.830227449,12.023543652,1.671843843,0.009197865,-0.02,-0.996706596,0.025600382,0.005826382,-0.00213191,0.004826382,-0.024306977,0.046545101
1581251229.9673545,b827eb4521b4,e78f135624ce,-69,5.858853914,12.122786114,1.732227807,0.039693907,0.012013921,-0.987963479,-0.311833122,-0.003853914,0.006926957,-0.000780871,0.309906165,0.023160007
1581251230.4230266,b827eb4521b4,e78f135624ce,-75,5.889082731,12.345423833,1.757513789,0.026375903,0.000944846,-0.994513789,-0.148220617,-0.004055154,0.019458634,-0.004055154,0.146734405,0.013513789
1581251230.87313,b827eb4521b4,e78f135624ce,-79,5.907216127,12.597662923,1.770530237,0.002510079,0.001587905,-0.997097984,0.044460834,-0.000195968,0.019293953,-9.7984e-05,-0.044460834,0.011685889
1581251231.7767136,b827eb4521b4,e78f135624ce,-82,5.885302436,12.84750745,1.888395129,0.023163395,-0.011651218,-0.989046347,-0.429282808,-0.008302436,-0.005163395,-0.005651218,0.438236462,-0.009651218
1581251232.234868,b827eb4521b4,e78f135624ce,-80,5.874134468,13.085640509,1.878731064,-0.006188255,-0.002,-0.996026894,-0.381750812,-0.007946213,0.002026894,-0.006946213,0.385697025,-0.001892426
1581251232.6942296,b827eb4521b4,e78f135624ce,-82,5.867071442,13.225119134,1.869214327,-0.007547596,0.003,-0.998,-0.451999619,-0.005928558,0.008761923,-0.005619039,0.452999619,0.000928558
1581251233.5973217,b827eb4521b4,e78f135624ce,-69,5.860216157,13.35064956,1.827973796,-0.013459606,0.003756551,-0.999,-0.466812222,-0.006216157,0.008783843,-0.007108079,0.4659203,0.001756551
1581251234.0484848,b827eb4521b4,e78f135624ce,-70,5.862902483,13.434804966,1.861609933,-0.023869978,0.002162528,-0.999,-0.605967494,-0.006,0.013837472,-0.006483747,0.605967494,-0.000353725
1581251235.408786,b827eb4521b4,e78f135624ce,-80,5.875395118,13.476160941,1.847468354,-0.019790235,0.006370705,-0.999,-0.338214289,-0.006395118,0.011,-0.006790235,0.338214289,0.002370705
1581251235.868752,b827eb4521b4,e78f135624ce,-80,5.892523997,13.511232494,1.802892998,-0.027261998,0.006492001,-0.999,-0.289992526,-0.011123,0.019384999,-0.0111845,0.290992526,0.014307501
1581251236.3202665,b827eb4521b4,e78f135624ce,-76,5.847478155,13.426264784,1.76669925,-0.01041902,0.021521845,-0.999,-0.530673433,-0.013051412,0.013735216,-0.012367608,0.529989629,0.022205649
1581251236.7749655,b827eb4521b4,e78f135624ce,-83,5.825676677,13.425963962,1.78468869,-0.014281279,0.013329329,-0.997664665,-0.375518477,-0.008652652,0.050347348,-0.007987987,0.375847807,0.011323323
1581251237.230675,b827eb4521b4,e78f135624ce,-69,5.800088696,13.389031677,1.823012671,0.046942981,0.011025342,-0.997,0.567992665,0.005980994,0.067987329,0.006980994,-0.569992665,-0.002006335
1581251238.141861,b827eb4521b4,e78f135624ce,-80,5.586549456,13.357441209,1.856303845,0.035137364,0.010186264,-0.996,0.314805513,0.004813736,0.086882418,0.005813736,-0.31661925,-0.010186264
1581251238.5920334,b827eb4521b4,e78f135624ce,-69,5.438011134,13.362,1.868,0.019209561,0.010209561,-0.997790439,0.175113949,0.003209561,0.065047806,0.004209561,-0.17532351,-0.011
1581251239.0434453,b827eb4521b4,e78f135624ce,-72,5.274038263,13.364896329,1.863103671,0.015650724,0.006773526,-0.998556618,0.192515253,0.003330145,0.051773526,0.003773526,-0.192958634,-0.006330145
1581251239.5031662,b827eb4521b4,e78f135624ce,-68,5.079282279,13.348844326,1.858688653,-0.008467021,0.004844326,-0.999,-0.504638629,-0.007311347,0.037221632,-0.006311347,0.504638629,-0.001844326
1581251239.9637458,b827eb4521b4,e78f135624ce,-69,4.873973269,13.341320474,1.852320474,-0.005480711,0.003,-1.0,-0.844347205,-0.011839763,0.014961422,-0.011839763,0.844347205,0.001679526
1581251240.4144065,b827eb4521b4,e78f135624ce,-67,4.667482703,13.337,1.848641378,0.002,0.003,-1.0,-0.948379324,-0.013,0.001,-0.013,0.948379324,0.002358622
1581251240.8676102,b827eb4521b4,e78f135624ce,-84,4.449765136,13.336057873,1.844942127,-0.001028937,0.005028937,-1.0,-0.98382638,-0.013028937,0.002028937,-0.013028937,0.98382638,0.004057873
1581251241.322987,b827eb4521b4,e78f135624ce,-74,4.23884271,13.331744382,1.844,0.001255618,0.003372191,-1.0,-0.994627809,-0.013,-0.001255618,-0.013,0.994627809,0.003372191
1581251241.7796643,b827eb4521b4,e78f135624ce,-76,4.03868305,13.325705443,1.845,0.008589113,0.002,-1.0,-0.998294557,-0.011294557,-0.008294557,-0.011294557,0.998294557,0.002
1581251242.2409554,b827eb4521b4,e78f135624ce,-70,3.867163136,13.344989587,1.841013884,0.001006942,0.005993058,-1.0,-0.395225971,-0.006982645,-0.003006942,-0.006982645,0.395225971,0.001986116
1581251242.6935897,b827eb4521b4,e78f135624ce,-74,3.699511077,13.352398185,1.821185482,-0.001398185,0.01420363,-1.0,-0.531874029,-0.014407259,-0.002,-0.014407259,0.531874029,0.010805444
1581251243.1497931,b827eb4521b4,e78f135624ce,-70,3.52410521,13.351236843,1.80857894,-0.00071053,0.01371053,-1.0,-0.547789623,-0.01571053,0.00071053,-0.01571053,0.547789623,0.01371053
1581251243.6094275,b827eb4521b4,e78f135624ce,-72,3.352226523,13.345,1.797724357,0.000908119,0.016275643,-1.0,-0.483279975,-0.015275643,0.004724357,-0.015275643,0.483279975,0.015367524
1581251244.0631263,b827eb4521b4,e78f135624ce,-71,3.189265855,13.352103914,1.803655871,-0.003,0.015,-1.0,-0.321473682,-0.011448043,0.015103914,-0.010448043,0.321473682,0.009896086
1581251244.5218246,b827eb4521b4,e78f135624ce,-70,3.013179159,13.341549221,1.793657485,-0.002828742,0.019937006,-0.999,-0.525092462,-0.015702755,0.017657485,-0.014937006,0.524858211,0.015171258
1581251244.973521,b827eb4521b4,e78f135624ce,-73,2.827032902,13.33219006,1.79259503,-0.00859503,0.016702485,-0.999851243,-0.847967098,-0.020851243,0.012743787,-0.020702485,0.847967098,0.015702485
1581251245.878967,b827eb4521b4,e78f135624ce,-76,2.452772095,13.311746831,1.801443046,-0.008063292,0.012810123,-1.0,-0.984253169,-0.011936708,0.009,-0.011936708,0.984253169,0.012810123
1581251246.3323915,b827eb4521b4,e78f135624ce,-79,2.278092932,13.299500752,1.823,-0.011100451,0.004,-1.0,-0.99470015,-0.011400301,0.011800602,-0.011400301,0.99470015,0.004
1581251246.7908628,b827eb4521b4,e78f135624ce,-73,2.104107142,13.315142097,1.817193009,-0.021380699,0.004522796,-0.999619301,-0.998,-0.015761398,0.021380699,-0.015761398,0.998,0.005522796
1581251247.2438824,b827eb4521b4,e78f135624ce,-74,1.934995782,13.31978481,1.802802743,-0.01892827,0.007053797,-0.999,-0.999,-0.019017932,0.01892827,-0.019017932,0.999,0.008053797
1581251247.6974037,b827eb4521b4,e78f135624ce,-70,1.751787874,13.303402598,1.793997113,-0.009,0.008401155,-0.999,-0.999,-0.020600289,0.008600289,-0.020600289,0.999,0.008401155
1581251248.1505306,b827eb4521b4,e78f135624ce,-74,1.592375674,13.32129743,1.794,-0.011780815,0.007,-1.0,-0.999,-0.019,0.011780815,-0.019,1.0,0.007
1581251248.6021018,b827eb4521b4,e78f135624ce,-71,1.406453625,13.314254435,1.784972378,-0.020790927,0.013536492,-0.999,-0.999,-0.020372782,0.02,-0.020372782,0.999209073,0.013536492
1581251249.5135505,b827eb4521b4,e78f135624ce,-78,1.056395897,13.369316838,1.775475256,-0.026049487,0.013524744,-0.999,-0.999,-0.022158419,0.025207906,-0.022158419,0.999,0.013524744
1581251249.967353,b827eb4521b4,e78f135624ce,-75,0.858952457,13.083484248,1.8351487,0.06602211,-0.004528468,-0.982689884,-0.982908237,-0.026218353,-0.06602211,-0.021,0.999,-0.006528468
1581251250.4233384,b827eb4521b4,e78f135624ce,-70,0.701661453,13.193589943,1.762349721,0.013803352,0.010300559,-0.993349721,-0.993699441,-0.024300559,-0.013803352,-0.023300559,0.999,0.010300559
1581251250.8774338,b827eb4521b4,e78f135624ce,-72,0.554332927,13.272727356,1.794545288,-0.007,0.000848531,-0.995939412,-0.996969706,-0.025939412,0.007,-0.025969706,0.997969706,0.000848531
1581251251.3296745,b827eb4521b4,e78f135624ce,-70,0.424918543,13.314988363,1.78513964,-0.016193018,0.005181381,-0.995795345,-0.997397673,-0.026,0.016193018,-0.027602327,0.997397673,0.005579054
1581251251.780937,b827eb4521b4,e78f135624ce,-68,0.319635458,13.27468891,1.761906375,-0.004411354,0.009682271,-0.995227424,-0.996,-0.026227424,0.004411354,-0.027227424,0.998,0.009682271
