1581248844.0169766,b827eb917e19,e78f135624ce,-78,18.001,8.381,1.872,0.021,0.006,-1.002,0.997,0.024,0.021,0.024,-1.002,-0.01
1581248844.472604,b827eb917e19,e78f135624ce,-77,17.999,8.395132186,1.869216953,0.01532543,0.006108477,-1.001,0.998,0.023,0.01532543,0.023891523,-1.001,-0.008216953
1581248844.9283557,b827eb917e19,e78f135624ce,-77,17.981488483,8.410897697,1.859897697,0.020204607,0.007551152,-1.0,0.312370601,0.01069309,-0.005858062,0.010244241,-0.313370601,0.000102303
1581248844.9308045,b827eb917e19,e78f135624ce,-80,17.981300114,8.410860023,1.859860023,0.020279955,0.007569989,-1.0,0.306983252,0.010580068,-0.00598992,0.010150057,-0.307983252,0.000139977
1581248845.385597,b827eb917e19,e78f135624ce,-83,17.937555372,8.420444628,1.868666867,0.021444327,-0.00200015,-1.0,-0.564779866,-0.006666717,-0.016666566,-0.006666717,0.564779866,-0.004777911
1581248846.2957194,b827eb917e19,e78f135624ce,-75,17.883326541,8.457564613,1.906564613,0.011217694,-0.016227883,-1.0,-0.955238072,-0.015445577,-0.010217694,-0.015445577,0.954792495,-0.016782306
1581248846.7481518,b827eb917e19,e78f135624ce,-75,17.86796057,8.479052574,1.929052574,0.001986857,-0.027013143,-1.0,-0.985052574,-0.016,-0.001986857,-0.016,0.985052574,-0.027013143
1581248847.2062604,b827eb917e19,e78f135624ce,-77,17.859711103,8.489288897,1.936444483,0.00213331,-0.026444483,-1.0,-0.995422207,-0.015288897,-0.00113331,-0.015288897,0.994711103,-0.026444483
1581248847.6615906,b827eb917e19,e78f135624ce,-82,17.859392033,8.479863735,1.918863735,0.011352198,-0.011039835,-0.999,-0.998,-0.014,-0.011352198,-0.014,0.998,-0.011039835
1581248848.1161244,b827eb917e19,e78f135624ce,-81,17.866067275,8.454932725,1.884461801,0.024932725,0.006201825,-0.999,-0.999,-0.013,-0.024932725,-0.014,0.999,0.005201825
1581248849.0220718,b827eb917e19,e78f135624ce,-80,17.877211382,8.415577236,1.849154472,0.039,0.014211382,-0.999,-0.999,-0.013,-0.039,-0.014,1.0,0.013211382
1581248849.480145,b827eb917e19,e78f135624ce,-81,17.879,8.408254785,1.838254785,0.038,0.016,-0.999,-0.999,-0.013127392,-0.039,-0.014,1.0,0.015872608
1581248849.9411893,b827eb917e19,e78f135624ce,-78,17.865562308,8.423145897,1.841843462,0.023854103,0.011437692,-0.999,-0.999,-0.013427051,-0.024427051,-0.013427051,1.0,0.011010641
1581248850.3909252,b827eb917e19,e78f135624ce,-79,17.830136981,8.411578075,1.842304114,0.032117812,0.00906849,-0.999,-0.999,-0.013186302,-0.03293151,-0.013186302,1.0,0.008254792
1581248850.8457873,b827eb917e19,e78f135624ce,-74,17.782614828,8.393,1.842477034,0.031522966,0.009348644,-0.999,-0.999,-0.014,-0.032348644,-0.014825678,1.0,0.009348644
1581248851.2964272,b827eb917e19,e78f135624ce,-75,17.710127463,8.403685247,1.85092828,0.021900408,0.005657376,-0.999,-0.999,-0.015,-0.021900408,-0.015,1.0,0.00507172
1581248851.7469082,b827eb917e19,e78f135624ce,-80,17.631961249,8.404001685,1.830979782,0.028005054,0.019010109,-0.999,-0.999,-0.014998315,-0.028005054,-0.015,0.999998315,0.018011794
1581248852.655633,b827eb917e19,e78f135624ce,-89,17.444214591,8.421011224,1.815694949,0.039192143,0.027203367,-0.998,-0.957293827,-0.013598878,-0.040491582,-0.014299439,0.957892704,0.026203367
1581248853.1118443,b827eb917e19,e78f135624ce,-85,17.327174886,8.436040513,1.825283593,0.037797433,0.020797433,-0.998,-0.985797433,-0.014,-0.037837947,-0.015,0.986797433,0.020797433
1581248853.5633178,b827eb917e19,e78f135624ce,-81,17.234902141,8.433436676,1.829436676,0.037893916,0.017893916,-0.997555099,-0.59850248,-0.008444901,-0.051889803,-0.009889803,0.59950248,0.012338817
1581248854.0230913,b827eb917e19,e78f135624ce,-91,17.120963911,8.459581345,1.858680733,0.0249789,0.007879511,-0.998,-0.527683499,-0.006439756,-0.046659633,-0.007439756,0.527683499,0.000319267
1581248854.473897,b827eb917e19,e78f135624ce,-76,17.019088163,8.446420915,1.851298184,0.021929993,0.010526362,-0.998,-0.501422661,-0.007175454,-0.04287727,-0.007350908,0.502422661,0.005701816
1581248855.3848498,b827eb917e19,e78f135624ce,-76,16.817371225,8.40416259,1.860906476,0.026139568,0.011976978,-0.999,-0.504399991,-0.008279137,-0.032860432,-0.009279137,0.505260423,0.004256115
1581248855.8376696,b827eb917e19,e78f135624ce,-77,16.739655027,8.429472067,1.863456704,0.014527933,0.006903631,-0.999,-0.45343017,-0.007680168,-0.016527933,-0.007944134,0.45343017,0.000375698
1581248856.2934303,b827eb917e19,e78f135624ce,-72,16.673655127,8.452321269,1.86332599,0.010672436,0.006670863,-0.999,-0.228119591,-0.003335431,-0.011672436,-0.004335431,0.228453449,0.000338579
1581248856.7431815,b827eb917e19,e78f135624ce,-74,16.623869434,8.412613585,1.856903396,0.030193207,0.011,-0.999,-0.278519238,-0.006193207,-0.025483019,-0.006289811,0.278519238,0.002193207
1581248857.20545,b827eb917e19,e78f135624ce,-91,16.561054499,8.417956158,1.849491704,0.023437205,0.014437205,-0.999,-0.386777281,-0.006901659,-0.016704978,-0.007901659,0.386777281,0.005704978
1581248857.6621513,b827eb917e19,e78f135624ce,-80,16.515,8.382193761,1.852,0.03537695,0.011,-0.999,-0.18506187,-0.00337695,-0.024455459,-0.00337695,0.18606187,0.00102617
1581248858.1146307,b827eb917e19,e78f135624ce,-72,16.496169789,8.435773615,1.849,0.020075462,0.01,-0.999,0.628434302,0.007962269,0.001924538,0.007962269,-0.628415436,-0.005981135
1581248858.5661407,b827eb917e19,e78f135624ce,-73,16.457516214,8.459322524,1.849080631,0.011838738,0.011,-1.0,0.87753199,0.012080631,0.005919369,0.012080631,-0.877072306,-0.009540316
1581248859.0170064,b827eb917e19,e78f135624ce,-79,16.417884122,8.48025751,1.844,-0.00025751,0.009,-1.0,0.959944204,0.013,-0.002171673,0.013,-0.959944204,-0.008085837
1581248859.4709005,b827eb917e19,e78f135624ce,-74,16.369580543,8.501796589,1.84,-0.015622868,0.009,-1.0,0.986898294,0.013,-0.015898294,0.012724574,-0.986898294,-0.009
1581248859.9277565,b827eb917e19,e78f135624ce,-78,16.322287635,8.516392697,1.836785394,-0.023392697,0.008392697,-1.0,0.995392697,0.013,-0.023392697,0.013,-0.995785394,-0.008785394
1581248860.3857558,b827eb917e19,e78f135624ce,-76,16.276164626,8.519860771,1.840208843,-0.024860771,0.01,-1.0,0.998069614,0.015069614,-0.024860771,0.015069614,-0.999,-0.010069614
1581248860.8372312,b827eb917e19,e78f135624ce,-80,16.229276433,8.515342087,1.843,-0.022671044,0.010671044,-1.0,0.999,0.016328956,-0.022,0.016,-0.999,-0.011
1581248862.1964927,b827eb917e19,e78f135624ce,-72,16.096558148,8.530073642,1.842463179,-0.012,0.01,-1.0,1.0,0.015536821,-0.012,0.015536821,-1.0,-0.01
1581248862.6468284,b827eb917e19,e78f135624ce,-78,16.052987749,8.529,1.839,-0.008845211,0.009,-1.0,1.0,0.015,-0.008845211,0.015,-1.0,-0.009
1581248863.1006017,b827eb917e19,e78f135624ce,-71,16.000003312,8.511003312,1.839564929,0.002824647,0.008,-1.0,0.746481439,0.010305212,-0.011259718,0.010305212,-0.746481439,-0.006435071
1581248863.5538075,b827eb917e19,e78f135624ce,-78,15.937149743,8.430981844,1.849308001,0.029280206,0.006112307,-0.997607487,0.028321015,-0.00074759,-0.030280206,-0.001355077,-0.027321015,-0.003102667
1581248864.0057158,b827eb917e19,e78f135624ce,-79,15.868106632,8.394946684,1.870106632,0.030038083,0.000954301,-0.998,-0.213165332,-0.008015233,-0.028060932,-0.008007617,0.214165332,-0.004045699
1581248864.4633887,b827eb917e19,e78f135624ce,-74,15.814664567,8.404335803,1.84500037,0.023332469,0.00899963,-0.999,-0.066322466,-0.00466642,-0.016998889,-0.00466642,0.067322466,0.00399963
1581248864.9143453,b827eb917e19,e78f135624ce,-73,15.755525599,8.398340731,1.840184868,0.026184868,0.008841866,-0.998710467,-0.121369736,-0.007,-0.021474401,-0.007,0.121659269,0.002552333
1581248865.8277917,b827eb917e19,e78f135624ce,-82,15.627672198,8.520440526,1.850997926,-0.009555325,0.007334025,-0.999,-0.110630713,-0.00511065,-0.00088935,-0.00511065,0.110630713,0.001334025
1581248866.287015,b827eb917e19,e78f135624ce,-72,15.571861338,8.450953268,1.840522982,0.021323289,0.012738509,-0.997,-0.277663947,-0.008553882,-0.033769408,-0.008738509,0.278848574,0.006923136
1581248866.7378404,b827eb917e19,e78f135624ce,-75,15.506917468,8.397639254,1.828948381,0.027505103,0.013556722,-0.997,-0.300463395,-0.010206183,-0.04764946,-0.010206183,0.301669578,0.009556722
1581248867.1911364,b827eb917e19,e78f135624ce,-92,15.434335436,8.379124781,1.853397827,0.021477392,0.003380652,-0.997460217,-0.240410442,-0.012539783,-0.050159131,-0.012539783,0.241410442,-7.9565e-05
1581248868.5559974,b827eb917e19,e78f135624ce,-72,15.244284884,8.410428053,1.897500363,0.016500363,0.001928416,-0.996357195,-0.248654423,-0.010428779,-0.048285611,-0.010071584,0.249011617,-0.007357195
1581248869.0158668,b827eb917e19,e78f135624ce,-75,15.192047956,8.488850137,1.843946049,0.001023978,0.013035967,-0.997,-0.65611989,-0.014011989,-0.012041962,-0.013011989,0.65511989,0.010029973
1581248869.471638,b827eb917e19,e78f135624ce,-83,15.176080061,8.593786251,1.949172958,-0.024226585,-0.015226585,-0.993,-0.526094419,-0.00804003,0.007266616,-0.01204003,0.527441096,-0.026533232
1581248870.384679,b827eb917e19,e78f135624ce,-79,15.14627024,8.49271287,1.97154048,0.01613512,0.00789866,-0.997,-0.441003491,-0.00698311,-0.01005067,-0.00696622,0.442020381,-0.01220268
1581248870.8407578,b827eb917e19,e78f135624ce,-76,15.091338316,8.349152373,1.934936795,0.050806714,0.007382901,-0.995617099,-0.659275111,-0.012382901,-0.052892211,-0.012382901,0.662040913,-0.003468398
1581248871.294013,b827eb917e19,e78f135624ce,-76,15.010496853,8.414166941,1.914275588,0.016096059,-0.000137794,-0.997772441,-0.8186055,-0.015227559,-0.016096059,-0.015227559,0.8196055,-0.001910235
1581248871.753973,b827eb917e19,e78f135624ce,-73,15.001097946,8.339293838,1.921236973,0.033097946,-0.000902054,-0.997,-0.523459674,-0.011195892,-0.025195892,-0.010293838,0.525361728,-0.008314378
1581248872.2081077,b827eb917e19,e78f135624ce,-71,14.944337155,8.290314226,1.933746222,0.040378843,-0.007098489,-0.995901511,-0.709677957,-0.014,-0.036886399,-0.014,0.712227202,-0.009549244
1581248872.6627488,b827eb917e19,e78f135624ce,-72,14.919,8.216814525,1.98680132,0.055195378,-0.01379967,-0.996,-0.671117801,-0.01419868,-0.051197029,-0.012998349,0.673917471,-0.02220033
1581248873.118086,b827eb917e19,e78f135624ce,-76,14.884792969,8.329621959,1.979775825,0.015999567,-0.00762066,-0.992465495,-0.45043034,-0.01031033,-0.030603082,-0.009155165,0.456964845,-0.01631033
1581248873.5780184,b827eb917e19,e78f135624ce,-75,14.808248438,8.470656248,1.939029689,-0.015685937,0.007109375,-0.995,-0.549531245,-0.012532812,0.000729687,-0.010510937,0.552020307,-0.002846876
1581248874.0321627,b827eb917e19,e78f135624ce,-72,14.800583137,8.363112403,1.92125059,0.033704921,0.012067914,-0.994,-0.513259972,-0.011386417,-0.027962532,-0.010257612,0.517259972,-0.001545669
1581248874.941481,b827eb917e19,e78f135624ce,-73,14.683365176,8.453061776,1.917477519,0.001050567,-0.00131461,-0.997421348,-0.495078715,-0.009157305,-0.012735957,-0.009157305,0.495078715,-0.007264043
1581248875.397975,b827eb917e19,e78f135624ce,-69,14.643173371,8.556012478,1.975074207,-0.02317961,-0.013653259,-0.991086685,-0.651164344,-0.008913315,0.012439665,-0.011739944,0.655077658,-0.021040223
1581248875.8487191,b827eb917e19,e78f135624ce,-81,14.621309331,8.610468044,1.92389199,-0.023561355,0.017036003,-0.992309331,-0.523950788,-0.006690669,0.018453345,-0.007690669,0.524950788,0.003072007
1581248875.8507898,b827eb917e19,e78f135624ce,-84,14.62134698,8.609733899,1.924061408,-0.023203694,0.016979531,-0.99234698,-0.521936594,-0.00665302,0.018265102,-0.00765302,0.522936594,0.002959061
1581248876.3083658,b827eb917e19,e78f135624ce,-73,14.512336051,8.503793932,1.887985281,0.031951766,0.010287817,-0.993136549,-0.711737544,-0.013863451,-0.036376132,-0.014863451,0.716888812,0.007
1581248876.762131,b827eb917e19,e78f135624ce,-72,14.41249857,8.256435534,1.945564466,0.111479465,-0.008958929,-0.988,-0.899564466,-0.019,-0.113479465,-0.019104107,0.908668573,-0.012063036
1581248877.2124128,b827eb917e19,e78f135624ce,-83,14.333133128,8.180605785,1.898244582,0.115437562,0.006918473,-0.987918473,-0.959785345,-0.019,-0.116437562,-0.020459236,0.969866872,0.003918473
1581248877.6661186,b827eb917e19,e78f135624ce,-76,14.329117455,7.998697273,1.935218364,0.143311,-0.005319273,-0.986789909,-0.978210091,-0.019789909,-0.143311,-0.019789909,0.989630273,-0.008319273
1581248878.5729625,b827eb917e19,e78f135624ce,-91,14.09543074,8.067789899,1.820897428,0.135451192,0.028579486,-0.987682058,-0.987261543,-0.016158971,-0.136451192,-0.020317942,0.998420514,0.026
1581248879.025093,b827eb917e19,e78f135624ce,-75,14.043023041,8.322435485,1.807023041,0.022149769,0.026,-0.994988479,-0.994988479,-0.010011521,-0.023138249,-0.011011521,0.999,0.025
1581248879.4783597,b827eb917e19,e78f135624ce,-83,14.016347047,8.449586964,1.802371894,0.000115682,0.023371894,-0.998,-0.998628106,-0.008743788,-0.000115682,-0.008743788,0.999628106,0.022743788
1581248879.9344194,b827eb917e19,e78f135624ce,-73,13.99867917,8.508191142,1.801290104,0.006870311,0.022,-0.999,-0.999,-0.009290104,-0.007580208,-0.01,1.0,0.022
1581248880.393292,b827eb917e19,e78f135624ce,-71,13.974256044,8.527886203,1.812943101,0.015971551,0.019,-0.999,-1.0,-0.012,-0.016943101,-0.012971551,1.0,0.019
1581248880.8446026,b827eb917e19,e78f135624ce,-71,13.956565806,8.526039361,1.816697417,0.027394833,0.018434194,-0.999,-0.999,-0.012565806,-0.027829028,-0.012565806,1.0,0.018
1581248881.7507832,b827eb917e19,e78f135624ce,-76,13.874598217,8.487598217,1.792997029,0.046199406,0.024800594,-0.998,-0.998,-0.017,-0.047199406,-0.018,1.0,0.023800594
1581248882.212185,b827eb917e19,e78f135624ce,-71,13.852948417,8.479970524,1.778481578,0.039503684,0.026503684,-0.999,-0.999,-0.019,-0.039503684,-0.02,0.999,0.025503684
1581248882.6708903,b827eb917e19,e78f135624ce,-73,13.818325692,8.476744137,1.766744137,0.029069829,0.028441897,-0.999,-0.999,-0.018813966,-0.029255863,-0.019813966,0.999,0.027627932
1581248883.1228538,b827eb917e19,e78f135624ce,-70,13.789186445,8.486,1.764795071,0.015198768,0.026,-0.999,-1.0,-0.019602464,-0.015397536,-0.020602464,0.999,0.026
1581248883.5740283,b827eb917e19,e78f135624ce,-71,13.757239531,8.492577411,1.766183058,0.010211295,0.026211295,-1.0,-1.0,-0.017,-0.010211295,-0.017,0.999394353,0.025605647
1581248884.4848366,b827eb917e19,e78f135624ce,-79,13.70022072,8.508355856,1.756033784,0.008677928,0.026644144,-1.0,-1.0,-0.019,-0.009,-0.019,0.999,0.026644144
1581248884.9446142,b827eb917e19,e78f135624ce,-71,13.659577699,8.510368525,1.754368525,0.012368525,0.025631475,-1.0,-1.0,-0.019631475,-0.012368525,-0.019631475,0.999,0.025631475
1581248885.4058325,b827eb917e19,e78f135624ce,-70,13.608087334,8.50085959,1.750631845,0.018789385,0.025789385,-0.999070205,-1.0,-0.019929795,-0.019789385,-0.019929795,0.999070205,0.025789385
1581248886.3126104,b827eb917e19,e78f135624ce,-69,13.533116041,8.51894198,1.753293515,0.00852901,0.024235495,-1.0,-1.0,-0.019,-0.00952901,-0.019235495,0.999,0.024
1581248886.767437,b827eb917e19,e78f135624ce,-71,13.47947744,8.520862364,1.761724729,0.005137636,0.020137636,-1.0,-1.0,-0.017137636,-0.005137636,-0.017137636,1.0,0.020137636
1581248887.220294,b827eb917e19,e78f135624ce,-69,13.444320596,8.537628146,1.767423113,-5.1258e-05,0.018525629,-1.0,-1.0,-0.016,5.1258e-05,-0.016,1.0,0.018525629
1581248887.6773422,b827eb917e19,e78f135624ce,-71,13.398936371,8.546656492,1.754218831,0.002,0.021781169,-1.0,-1.0,-0.019,-0.002218831,-0.019,1.0,0.021781169
1581248888.1330533,b827eb917e19,e78f135624ce,-68,13.339482287,8.540744686,1.752372343,0.012379428,0.020875886,-1.0,-1.0,-0.019,-0.013255314,-0.019,1.0,0.020875886
1581248888.5886364,b827eb917e19,e78f135624ce,-71,13.288639524,8.539360476,1.74405581,0.019527905,0.022,-0.999,-0.999472095,-0.019,-0.019527905,-0.02,1.0,0.021472095
1581248889.040561,b827eb917e19,e78f135624ce,-73,13.228389626,8.518743,1.7458715,0.0321285,0.021032125,-0.999,-0.999,-0.016967875,-0.0321285,-0.017,1.0,0.020032125
1581248889.5001256,b827eb917e19,e78f135624ce,-70,13.17234635,8.496688321,1.742281387,0.034155839,0.021718613,-0.999,-0.999,-0.011718613,-0.035155839,-0.012,1.0,0.021718613
1581248889.9525225,b827eb917e19,e78f135624ce,-72,13.119590258,8.490647564,1.752819484,0.035,0.018295129,-0.999,-0.999,-0.011,-0.035,-0.011352436,1.0,0.017295129
1581248890.4035363,b827eb917e19,e78f135624ce,-80,13.085396192,8.505,1.756079238,0.032973587,0.017973587,-0.999,-0.999,-0.013973587,-0.032973587,-0.014973587,1.0,0.017947174
1581248890.8650975,b827eb917e19,e78f135624ce,-77,13.04485431,8.515,1.756733682,0.028653264,0.018306527,-0.999,-0.999,-0.017653264,-0.028653264,-0.018653264,1.0,0.017959791
1581248891.3142874,b827eb917e19,e78f135624ce,-73,13.007,8.520217839,1.746080617,0.022620926,0.022229846,-0.999,-0.999,-0.018229846,-0.022850772,-0.019229846,1.0,0.022229846
1581248891.77086,b827eb917e19,e78f135624ce,-71,12.965828385,8.531878108,1.735487569,0.022756215,0.024,-0.999,-0.999,-0.018878108,-0.022878108,-0.019878108,0.999121892,0.023878108
1581248892.2270298,b827eb917e19,e78f135624ce,-81,12.899017129,8.513213329,1.731918094,0.029622859,0.024540953,-0.999,-0.999,-0.017540953,-0.029622859,-0.018540953,0.999459047,0.024
1581248892.6808321,b827eb917e19,e78f135624ce,-72,12.852102679,8.521072067,1.749371173,0.025371173,0.02,-0.999,-0.999,-0.015185587,-0.025371173,-0.016185587,1.0,0.019
1581248893.1335034,b827eb917e19,e78f135624ce,-77,12.821513598,8.541419939,1.772613293,0.018419939,0.014193354,-0.999,-0.745984876,-0.012806646,-0.025806646,-0.013613293,0.74617823,0.011806646
1581248893.5875227,b827eb917e19,e78f135624ce,-70,12.812693894,8.556387788,1.775540841,0.006459159,0.012306106,-0.999,-0.212978566,-0.006729579,-0.025,-0.007306106,0.212978566,0.011153053
1581248894.0466676,b827eb917e19,e78f135624ce,-76,12.849581094,8.545335892,1.827245202,-0.001,0.011083013,-1.0,0.593297507,0.00924904,-0.01175096,0.00924904,-0.593297507,-0.003332054
1581248894.4965658,b827eb917e19,e78f135624ce,-77,12.838631552,8.549677218,1.866764919,-0.009529839,0.01330877,-0.99930877,0.780459781,0.01269123,-0.015147379,0.01269123,-0.780459781,-0.011
1581248895.8578668,b827eb917e19,e78f135624ce,-70,12.729219961,8.543107945,1.902672094,-0.005331977,0.015668023,-1.0,0.966116086,0.016556008,-0.005775969,0.016556008,-0.966116086,-0.015668023
1581248896.3130958,b827eb917e19,e78f135624ce,-78,12.721467021,8.509787985,1.947702003,0.007255006,0.026553004,-0.999,0.988446996,0.020148999,0.008106008,0.021,-0.988446996,-0.026553004
1581248896.7687986,b827eb917e19,e78f135624ce,-76,12.666787426,8.513800662,1.932794044,0.002398676,0.018598015,-1.0,0.996601324,0.017398676,0.002398676,0.017398676,-0.995800662,-0.018598015
1581248896.7732654,b827eb917e19,e78f135624ce,-76,12.666181222,8.513832567,1.932506895,0.002334865,0.018502298,-1.0,0.996665135,0.017334865,0.002334865,0.017334865,-0.995832567,-0.018502298
1581248897.2257998,b827eb917e19,e78f135624ce,-70,12.603635916,8.529506472,1.911571194,-0.003,0.014025889,-1.0,0.999,0.013,-0.003,0.013,-0.998493528,-0.013519417
1581248897.680181,b827eb917e19,e78f135624ce,-71,12.539149446,8.541335359,1.876490883,-0.007,0.00483232,-1.0,0.99916768,0.012664641,-0.00616768,0.012664641,-0.99916768,-0.005664641
1581248898.137798,b827eb917e19,e78f135624ce,-69,12.486234559,8.533515667,1.842547002,-0.005,-0.000828111,-1.0,1.0,0.012,-0.005,0.012,-1.0,0.000656222
1581248898.5956535,b827eb917e19,e78f135624ce,-73,12.433215281,8.536889957,1.824775108,-0.009444978,-0.002,-1.0,1.0,0.011555022,-0.009444978,0.011555022,-1.0,0.002
1581248899.0547392,b827eb917e19,e78f135624ce,-72,12.375263616,8.528803328,1.82466528,-0.010200832,0.000933056,-1.0,1.0,0.011066944,-0.010200832,0.011066944,-1.0,-0.000933056
1581248899.9619913,b827eb917e19,e78f135624ce,-71,12.271774759,8.537393398,1.815954952,-0.013696699,0.001651651,-1.0,1.0,0.01,-0.013696699,0.01,-1.0,-0.001651651
1581248900.4132392,b827eb917e19,e78f135624ce,-67,12.212433326,8.530086665,1.817,-0.012028888,0.003,-1.0,1.0,0.01,-0.012028888,0.01,-1.0,-0.003
1581248900.8642857,b827eb917e19,e78f135624ce,-72,12.150426193,8.521436835,1.81812633,-0.01,0.003563165,-1.0,1.0,0.011563165,-0.01,0.011563165,-1.0,-0.003563165
1581248901.3179805,b827eb917e19,e78f135624ce,-70,12.09804983,8.523886441,1.823177288,-0.011,0.006177288,-1.0,1.0,0.011822712,-0.011,0.011822712,-1.0,-0.006177288
1581248901.7686963,b827eb917e19,e78f135624ce,-68,12.050016422,8.524646376,1.828,-0.007430917,0.008,-1.0,1.0,0.010215459,-0.007430917,0.010215459,-1.0,-0.008
1581248901.7709384,b827eb917e19,e78f135624ce,-68,12.049774966,8.524594636,1.828,-0.007396424,0.008,-1.0,1.0,0.010198212,-0.007396424,0.010198212,-1.0,-0.008
1581248902.223423,b827eb917e19,e78f135624ce,-73,12.001455718,8.523,1.824691144,-0.004563715,0.006563715,-1.0,1.0,0.010563715,-0.004,0.01,-1.0,-0.006563715
1581248902.6746778,b827eb917e19,e78f135624ce,-72,11.94838677,8.524061323,1.814367938,-0.002938677,0.002122646,-1.0,1.0,0.012061323,-0.002938677,0.012061323,-1.0,-0.002122646
1581248903.13421,b827eb917e19,e78f135624ce,-74,11.891332769,8.541916808,1.818541596,-0.006,0.004270798,-1.0,1.0,0.011270798,-0.006,0.011270798,-1.0,-0.004270798
1581248903.5903134,b827eb917e19,e78f135624ce,-68,11.827185665,8.549090188,1.817,-0.006,0.004,-1.0,1.0,0.011636604,-0.006,0.011636604,-1.0,-0.004
1581248904.04257,b827eb917e19,e78f135624ce,-74,11.776413584,8.555,1.801254513,-0.006,-0.000904557,-1.0,1.0,0.009,-0.006,0.009968186,-1.0,0.000904557
1581248904.502403,b827eb917e19,e78f135624ce,-80,11.728771082,8.554,1.807318417,-0.006,0.002,-1.0,1.0,0.008,-0.006,0.008,-1.0,-0.002
1581248904.9543326,b827eb917e19,e78f135624ce,-70,11.680658457,8.566,1.810026054,-0.01,0.000578872,-1.0,1.0,0.011,-0.01,0.011,-1.0,-0.000578872
1581248905.4079165,b827eb917e19,e78f135624ce,-69,11.631878931,8.569146488,1.821926756,-0.011073244,0.003,-1.0,1.0,0.011,-0.011073244,0.011,-1.0,-0.003073244
1581248905.864666,b827eb917e19,e78f135624ce,-69,11.587623261,8.563838541,1.813,-0.01147309,-0.001,-1.0,1.0,0.008,-0.01147309,0.00847309,-1.0,0.001
1581248906.777887,b827eb917e19,e78f135624ce,-68,11.492264336,8.549823395,1.820617546,-0.015205849,-0.001794151,-1.0,1.0,0.011205849,-0.015205849,0.011205849,-1.0,0.001794151
1581248907.2372365,b827eb917e19,e78f135624ce,-72,11.44293936,8.55250379,1.827,-0.01950379,-0.00150379,-1.0,1.0,0.01249621,-0.01950379,0.01249621,-1.0,0.001
1581248907.694159,b827eb917e19,e78f135624ce,-77,11.388254684,8.552411718,1.825607812,-0.019607812,-0.003196094,-1.0,1.0,0.012803906,-0.019607812,0.012803906,-1.0,0.003
1581248908.145112,b827eb917e19,e78f135624ce,-66,11.340748306,8.550803692,1.820392615,-0.016,-0.004803692,-1.0,1.0,0.011,-0.016,0.011,-1.0,0.004803692
1581248908.5949163,b827eb917e19,e78f135624ce,-72,11.281094752,8.545957897,1.820042103,-0.008957897,-0.004305265,-1.0,1.0,0.01,-0.008957897,0.01,-1.0,0.004305265
1581248909.0487044,b827eb917e19,e78f135624ce,-75,11.218914464,8.551057154,1.818057154,-0.006114308,-0.005,-1.0,1.0,0.01,-0.006114308,0.01,-1.0,0.005
1581248909.5003216,b827eb917e19,e78f135624ce,-74,11.152807054,8.56286745,1.808433725,-0.005301176,-0.007433725,-1.0,1.0,0.009,-0.005301176,0.009,-1.0,0.007
1581248909.9520793,b827eb917e19,e78f135624ce,-76,11.094072296,8.56080482,1.814414459,-0.00080482,-0.003390361,-1.0,1.0,0.01019518,-0.00080482,0.01019518,-1.0,0.003390361
1581248910.4069424,b827eb917e19,e78f135624ce,-71,11.041141045,8.556164696,1.815,0.001835304,-0.003,-1.0,1.0,0.011,0.001835304,0.011,-1.0,0.003
1581248910.857852,b827eb917e19,e78f135624ce,-69,10.989032957,8.547852435,1.823,0.002573783,0.0,-1.0,1.0,0.011,0.002573783,0.011,-1.0,-0.0
1581248911.3146768,b827eb917e19,e78f135624ce,-72,10.932070071,8.541132847,1.828,0.001933577,0.001,-1.0,1.0,0.012933577,0.001933577,0.012933577,-1.0,-0.001
1581248911.767792,b827eb917e19,e78f135624ce,-71,10.880592055,8.535802648,1.826197352,0.001598676,-0.000401324,-1.0,1.0,0.011,0.001598676,0.011,-1.0,0.000401324
1581248912.2284312,b827eb917e19,e78f135624ce,-77,10.825235917,8.539,1.820795774,-0.003397887,-0.001602113,-1.0,1.0,0.009,-0.003397887,0.009,-1.0,0.001602113
1581248913.1330986,b827eb917e19,e78f135624ce,-71,10.71245091,8.53618303,1.825363394,-0.005909818,-0.002636606,-1.0,1.0,0.011,-0.005909818,0.011,-1.0,0.002636606
1581248913.5859466,b827eb917e19,e78f135624ce,-68,10.65534492,8.545974688,1.819756328,-0.006,-0.005243672,-1.0,1.0,0.010243672,-0.006243672,0.010243672,-1.0,0.005243672
1581248914.0391653,b827eb917e19,e78f135624ce,-71,10.601754068,8.543595215,1.818269857,-0.001,-0.006865072,-1.0,1.0,0.010865072,-0.001,0.010865072,-1.0,0.006865072
1581248914.4936447,b827eb917e19,e78f135624ce,-74,10.55327629,8.545970172,1.82,-0.000485086,-0.005,-1.0,1.0,0.01,-0.000485086,0.01,-1.0,0.005
1581248914.944346,b827eb917e19,e78f135624ce,-82,10.500964604,8.545407079,1.817864307,0.000728614,-0.003864307,-1.0,1.0,0.01,0.000728614,0.01,-1.0,0.003864307
1581248915.395975,b827eb917e19,e78f135624ce,-75,10.443097434,8.54474391,1.81674391,-0.000487821,-0.00125609,-1.0,1.0,0.009512179,-0.000487821,0.009512179,-1.0,0.00125609
1581248915.8545825,b827eb917e19,e78f135624ce,-66,10.38449067,8.549,1.815655667,-0.004344333,0.0,-1.0,1.0,0.011,-0.004344333,0.011,-1.0,0.0
1581248916.7640738,b827eb917e19,e78f135624ce,-68,10.273263205,8.551624057,1.818,-0.010624057,0.004,-1.0,1.0,0.012624057,-0.010624057,0.012624057,-1.0,-0.004
1581248917.2171547,b827eb917e19,e78f135624ce,-71,10.226022444,8.544776987,1.825622728,-0.009088351,0.008311364,-0.999711079,0.999711079,0.013444603,-0.009088351,0.013444603,-1.0,-0.009022444
1581248917.6772373,b827eb917e19,e78f135624ce,-66,10.232007592,8.463908897,1.86301898,0.03403796,0.022007592,-0.998996204,0.998996204,0.021,0.034041756,0.022,-0.999,-0.021003796
1581248919.0443249,b827eb917e19,e78f135624ce,-68,10.028197293,8.566319729,1.840639459,-0.011,0.009319729,-1.0,0.300993026,0.006680271,0.006959188,0.007680271,-0.300993026,0.002159865
1581248919.4951859,b827eb917e19,e78f135624ce,-69,9.961802465,8.57,1.829,-0.011449846,0.005,-1.0,0.679534749,0.009449846,-0.004899692,0.009449846,-0.679534749,0.000100308
1581248919.9456081,b827eb917e19,e78f135624ce,-66,9.898767373,8.563068479,1.822794562,-0.011136959,0.003931521,-1.0,0.897917419,0.010931521,-0.009136959,0.010931521,-0.897917419,-0.002
1581248920.406079,b827eb917e19,e78f135624ce,-62,9.82959402,8.564510447,1.818255223,-0.012,0.005,-1.0,0.778858248,0.009,-0.012744777,0.009,-0.778858248,-0.001489553
1581248920.860927,b827eb917e19,e78f135624ce,-64,9.770103839,8.57336851,1.81463149,-0.01936851,0.004,-1.0,0.928738711,0.01,-0.01936851,0.01,-0.929107221,-0.003
1581248921.310725,b827eb917e19,e78f135624ce,-65,9.693104178,8.576046007,1.819861978,-0.003368059,0.009861978,-1.0,0.06075886,0.004092015,-0.019,0.004092015,-0.06075886,0.00581597
1581248921.7649627,b827eb917e19,e78f135624ce,-70,9.607756546,8.568601975,1.828601975,0.01420395,0.01520395,-1.0,-0.660217272,-0.000398025,-0.021398025,-0.001,0.660217272,0.013805926
1581248922.2183406,b827eb917e19,e78f135624ce,-67,9.530376455,8.560513311,1.834,0.022243344,0.018243344,-0.999756656,-0.892543678,-0.000486689,-0.025,-0.001243344,0.892543678,0.018
1581248923.12785,b827eb917e19,e78f135624ce,-65,9.396337909,8.547961861,1.833,0.028509535,0.021490465,-0.999,-0.988528604,-0.002509535,-0.028509535,-0.00301907,0.988528604,0.021
1581248923.587462,b827eb917e19,e78f135624ce,-68,9.328021762,8.580113404,1.818789232,-0.016940437,0.011481099,-0.998827033,-0.012531471,-0.002,-0.047383735,-0.002,0.012358504,0.008481099
1581248924.0410538,b827eb917e19,e78f135624ce,-66,9.236327754,8.647645488,1.792578594,-0.067829434,0.004394648,-0.997,0.673294337,-0.005605352,-0.077421406,-0.006408027,-0.676899688,0.002197324
1581248924.4934585,b827eb917e19,e78f135624ce,-71,9.117086032,8.466283887,1.783563441,0.065294615,0.018873117,-0.992563441,-0.412270891,-0.017436559,-0.116309676,-0.019873117,0.417144008,0.015873117
1581248925.4071884,b827eb917e19,e78f135624ce,-72,9.056983915,8.468032171,1.807016085,0.041983915,0.017245979,-0.998,-0.940080427,-0.008,-0.046721851,-0.009,0.942080427,0.016245979
1581248925.861824,b827eb917e19,e78f135624ce,-65,9.030126698,8.502638512,1.818957767,0.030319256,0.015,-0.999,-0.980596279,-0.005319256,-0.032319256,-0.006,0.980915535,0.014680744
1581248926.3224623,b827eb917e19,e78f135624ce,-72,8.990363738,8.510848443,1.824939377,0.033030311,0.014030311,-0.999,-0.992939377,-0.006969689,-0.033060623,-0.007,0.993939377,0.013060623
1581248926.779127,b827eb917e19,e78f135624ce,-71,8.949398501,8.5113203,1.82933985,0.03633985,0.01266015,-0.999,-0.99766015,-0.00666015,-0.03633985,-0.007,0.998,0.01266015
1581248927.2370458,b827eb917e19,e78f135624ce,-65,8.907685151,8.509921288,1.833719141,0.039359571,0.011640429,-0.999,-0.999,-0.005,-0.039359571,-0.005359571,0.999,0.011280859
1581248927.698226,b827eb917e19,e78f135624ce,-74,8.86401256,8.511917713,1.834,0.039082287,0.011082287,-0.999,-0.999,-0.005917713,-0.039082287,-0.006917713,1.0,0.011082287
1581248928.152921,b827eb917e19,e78f135624ce,-65,8.82037849,8.502307135,1.827614271,0.043692865,0.014,-0.999,-0.999,-0.007385729,-0.043692865,-0.007692865,1.0,0.013
1581248928.610851,b827eb917e19,e78f135624ce,-69,8.771033433,8.503,1.836068769,0.042,0.009620821,-0.999,-0.999,-0.00431041,-0.04231041,-0.005,1.0,0.009620821
1581248929.0667305,b827eb917e19,e78f135624ce,-69,8.714997543,8.503643735,1.835,0.041213759,0.010928747,-0.999,-0.999,-0.004071253,-0.041213759,-0.004142506,1.0,0.010928747
1581248929.523481,b827eb917e19,e78f135624ce,-70,8.663731922,8.512952885,1.836818846,0.034818846,0.009,-0.999,-0.999,-0.004590577,-0.034818846,-0.004590577,1.0,0.009
1581248929.9782338,b827eb917e19,e78f135624ce,-66,8.613847203,8.516455137,1.832,0.033514954,0.01,-0.999,-0.999,-0.005757477,-0.033514954,-0.006,1.0,0.01
1581248930.438375,b827eb917e19,e78f135624ce,-62,8.56197193,8.527861153,1.835930576,0.031069424,0.009,-0.999,-0.999,-0.005069424,-0.031069424,-0.006069424,1.0,0.009
1581248931.3420913,b827eb917e19,e78f135624ce,-73,8.469205036,8.523128212,1.832,0.035,0.011128212,-0.999,-0.999,-0.006,-0.035,-0.006128212,1.0,0.011
1581248931.7959588,b827eb917e19,e78f135624ce,-70,8.417074715,8.522236517,1.831946066,0.036763483,0.013526967,-0.999,-0.999,-0.005,-0.036763483,-0.006,1.0,0.013526967
1581248932.2485287,b827eb917e19,e78f135624ce,-71,8.361621802,8.523,1.836594549,0.038,0.012202725,-0.999,-0.999,-0.005,-0.038,-0.005,1.0,0.012202725
1581248932.7067156,b827eb917e19,e78f135624ce,-65,8.308999024,8.529692007,1.843,0.036230994,0.011,-0.999,-0.999,-0.005076998,-0.036230994,-0.005153996,1.0,0.011
1581248933.1581275,b827eb917e19,e78f135624ce,-68,8.259143774,8.512928915,1.841,0.043357028,0.014,-0.999,-0.999,-0.005678514,-0.043357028,-0.006678514,1.0,0.013321486
1581248933.614671,b827eb917e19,e78f135624ce,-75,8.204305236,8.504,1.834683624,0.045,0.016,-0.999,-0.999,-0.005683624,-0.045,-0.006683624,1.0,0.015316376
1581248934.067701,b827eb917e19,e78f135624ce,-80,8.149039018,8.493484875,1.831138536,0.049792196,0.016,-0.999,-0.999,-0.006,-0.049792196,-0.007,1.0,0.015930732
1581248934.9762466,b827eb917e19,e78f135624ce,-71,8.046591452,8.504091054,1.826454473,0.05068171,0.014545527,-0.998772763,-0.998772763,-0.007227237,-0.05068171,-0.008,1.0,0.013772763
1581248935.4333575,b827eb917e19,e78f135624ce,-67,7.986891017,8.494222473,1.834777527,0.060777527,0.012,-0.998,-0.998,-0.005111236,-0.060777527,-0.005222473,1.0,0.012
1581248935.8831475,b827eb917e19,e78f135624ce,-81,7.926822662,8.494533178,1.825577804,0.066155607,0.014422196,-0.998,-0.998,-0.008155607,-0.066577804,-0.009155607,1.0,0.014
1581248936.3359637,b827eb917e19,e78f135624ce,-75,7.872084822,8.51196289,1.829978794,0.062010603,0.013005301,-0.998,-0.998,-0.006005301,-0.062010603,-0.007005301,1.0,0.012010603
1581248936.788765,b827eb917e19,e78f135624ce,-69,7.814478964,8.505027306,1.83831513,0.065,0.010657565,-0.998,-0.998,-0.00568487,-0.065,-0.006342435,1.0,0.01
1581248937.2456558,b827eb917e19,e78f135624ce,-75,7.759405723,8.505300715,1.845699285,0.058300715,0.008650358,-0.998,-0.998,-0.006349642,-0.058300715,-0.007,1.0,0.008
1581248937.701016,b827eb917e19,e78f135624ce,-67,7.708476627,8.501969213,1.84781528,0.049969213,0.009061573,-0.999,-0.999,-0.006,-0.049969213,-0.006030787,1.0,0.009061573
1581248938.1552603,b827eb917e19,e78f135624ce,-67,7.649274886,8.494,1.848,0.04450711,0.008,-0.999,-0.999,-0.007,-0.04450711,-0.008,1.0,0.008
1581248938.6167111,b827eb917e19,e78f135624ce,-71,7.596362826,8.491363875,1.843909425,0.0339089,0.0089089,-0.999,-0.999,-0.007,-0.034636125,-0.008,1.0,0.0089089
1581248939.0747507,b827eb917e19,e78f135624ce,-62,7.53428092,8.497170789,1.842426973,0.026,0.008829211,-1.0,-1.0,-0.007,-0.026,-0.007914605,1.0,0.008829211
1581248939.5321975,b827eb917e19,e78f135624ce,-75,7.471128021,8.507484228,1.841838591,0.018257886,0.007580705,-1.0,-1.0,-0.009419295,-0.018257886,-0.009419295,1.0,0.007161409
1581248939.9843245,b827eb917e19,e78f135624ce,-66,7.405600785,8.499,1.844637353,0.02,0.005787549,-1.0,-1.0,-0.007,-0.02,-0.007,1.0,0.005787549
1581248940.444725,b827eb917e19,e78f135624ce,-69,7.337397758,8.49709984,1.851,0.02290016,0.00390016,-1.0,-1.0,-0.00909984,-0.02290016,-0.00909984,1.0,0.003
1581248940.9029071,b827eb917e19,e78f135624ce,-68,7.276069809,8.498,1.845689936,0.025103355,0.008103355,-1.0,-1.0,-0.006,-0.025103355,-0.006,1.0,0.007655032
1581248941.811965,b827eb917e19,e78f135624ce,-64,7.169045035,8.506761259,1.845238741,0.036429056,0.006380629,-0.999,-0.999,-0.008619371,-0.036429056,-0.008619371,1.0,0.006380629
1581248942.262977,b827eb917e19,e78f135624ce,-63,7.108775773,8.515432854,1.839865708,0.042298562,0.009567146,-0.999,-0.999,-0.008134292,-0.042298562,-0.008567146,1.0,0.009
1581248942.7135112,b827eb917e19,e78f135624ce,-65,7.041953013,8.513895301,1.834523493,0.049104699,0.010790603,-0.999,-0.999,-0.011947651,-0.050052349,-0.012,1.0,0.009790603
1581248943.1741748,b827eb917e19,e78f135624ce,-67,6.976692934,8.509271092,1.837644539,0.051,0.009542184,-0.999,-0.999,-0.010271092,-0.051,-0.011,1.0,0.008542184
1581248943.630444,b827eb917e19,e78f135624ce,-63,6.90407479,8.500364485,1.845084122,0.046542061,0.006093454,-0.999,-0.999,-0.009635515,-0.046542061,-0.010635515,1.0,0.006093454
1581248944.0846143,b827eb917e19,e78f135624ce,-64,6.839241344,8.492967821,1.828176985,0.037064358,0.011951731,-0.999,-0.999,-0.008032179,-0.037064358,-0.00901609,1.0,0.011935642
1581248944.536007,b827eb917e19,e78f135624ce,-68,6.781239871,8.50905004,1.838,0.026169976,0.007,-0.999610008,-0.999610008,-0.009389992,-0.026169976,-0.009779984,1.0,0.006610008
1581248944.9922311,b827eb917e19,e78f135624ce,-89,6.726447471,8.494453457,1.8439129,0.026726729,0.006453457,-1.0,-1.0,-0.008273271,-0.026726729,-0.008273271,1.0,0.006180186
1581248945.4467785,b827eb917e19,e78f135624ce,-75,6.676827274,8.507751818,1.845496364,0.020082727,0.005917273,-1.0,-1.0,-0.011834545,-0.020082727,-0.011834545,1.0,0.005834545
1581248945.898095,b827eb917e19,e78f135624ce,-73,6.626525232,8.505065654,1.847401519,0.019467173,0.006532827,-1.0,-1.0,-0.009,-0.02,-0.009532827,1.0,0.006
1581248946.358849,b827eb917e19,e78f135624ce,-71,6.578103922,8.506318237,1.853227254,0.018116862,0.005889608,-1.0,-0.964232913,-0.008668823,-0.018779216,-0.008668823,0.964232913,0.006
1581248946.812252,b827eb917e19,e78f135624ce,-66,6.613847528,8.585722692,1.864031209,-0.006230494,0.008507802,-0.999,0.28869017,0.009015604,-0.018460989,0.009015604,-0.28869017,-0.004261703
1581248947.2643564,b827eb917e19,e78f135624ce,-79,6.602705684,8.659294736,1.871470316,-0.025470737,0.013176421,-0.999,0.582058947,0.011176421,-0.026647158,0.010588211,-0.583058947,-0.006764632
1581248948.1777625,b827eb917e19,e78f135624ce,-68,6.553525544,8.695158152,1.872736879,-0.029947515,0.012210637,-0.999,0.618841848,0.011263121,-0.030684394,0.010526242,-0.619578727,-0.006736879
1581248948.628957,b827eb917e19,e78f135624ce,-65,6.499706808,8.7061885,1.854759154,-0.039293192,0.005586385,-0.999,0.689680497,0.009586385,-0.041293192,0.009586385,-0.690680497,-0.003879577
1581248948.6315196,b827eb917e19,e78f135624ce,-69,6.499683512,8.705885657,1.854898928,-0.039316488,0.005632976,-0.999,0.691800404,0.009632976,-0.041316488,0.009632976,-0.692800404,-0.003949464
1581248949.084945,b827eb917e19,e78f135624ce,-61,6.455344108,8.694579966,1.85050404,-0.042411953,0.005084007,-0.998084007,0.738103368,0.01,-0.048579966,0.009915993,-0.739103368,-0.004
1581248949.5448165,b827eb917e19,e78f135624ce,-61,6.414982981,8.688411914,1.847004255,-0.051806808,0.007600851,-0.998,0.849840847,0.012201702,-0.055205957,0.011201702,-0.851239996,-0.005201702
1581248949.9956014,b827eb917e19,e78f135624ce,-61,6.374776798,8.677222274,1.857666821,-0.052777726,0.01,-0.998,0.849557772,0.011444548,-0.053777726,0.011222274,-0.850557772,-0.008222274
1581248950.4531174,b827eb917e19,e78f135624ce,-73,6.313283873,8.665980867,1.865452948,-0.042113237,0.011,-0.999,0.856304568,0.013113237,-0.043,0.013113237,-0.857304568,-0.009226474
1581248950.9062304,b827eb917e19,e78f135624ce,-71,6.26302377,8.639551502,1.884960383,-0.031007923,0.016488115,-0.999,0.947936612,0.015007923,-0.031007923,0.014503962,-0.947936612,-0.015488115
1581248951.3574307,b827eb917e19,e78f135624ce,-66,6.222855041,8.619893733,1.901642507,-0.03126812,0.018821253,-0.999,0.982446866,0.017089373,-0.03026812,0.017089373,-0.983357493,-0.018910627
1581248951.814619,b827eb917e19,e78f135624ce,-70,6.160740465,8.616949147,1.895025426,-0.031740465,0.017259535,-0.999,0.993753178,0.015246822,-0.031740465,0.015246822,-0.994506357,-0.017259535
1581248952.2686844,b827eb917e19,e78f135624ce,-63,6.126802971,8.591999175,1.860600165,-0.02659934,0.011,-0.999,0.946397359,0.01379967,-0.02759934,0.01379967,-0.946397359,-0.009399835
1581248952.7250326,b827eb917e19,e78f135624ce,-70,6.05007844,8.607896728,1.87535948,-0.03432026,0.015743792,-0.999,0.98232026,0.017,-0.03432026,0.016064052,-0.983256208,-0.015743792
1581248953.181059,b827eb917e19,e78f135624ce,-62,5.959941158,8.628297058,1.856891174,-0.041702942,0.01,-0.999,0.993405884,0.015297058,-0.041702942,0.014297058,-0.994405884,-0.010297058
1581248953.6412559,b827eb917e19,e78f135624ce,-61,5.885491254,8.634454998,1.859287501,-0.042484999,0.01288625,-0.999,0.997,0.0162575,-0.041856249,0.01562875,-0.998,-0.013515001
1581248954.092257,b827eb917e19,e78f135624ce,-60,5.824821333,8.635692,1.844136889,-0.039897333,0.008068444,-0.999,0.998,0.015965778,-0.039897333,0.015965778,-0.999,-0.009034222
1581248954.5437546,b827eb917e19,e78f135624ce,-62,5.772109764,8.618,1.859556094,-0.034407318,0.012592682,-0.999,0.999,0.016185365,-0.034,0.015592682,-1.0,-0.013
1581248954.9949887,b827eb917e19,e78f135624ce,-61,5.676908308,8.649175604,1.855435121,-0.044870242,0.009,-0.999,0.999,0.016,-0.044870242,0.01521756,-1.0,-0.00921756
1581248955.4547997,b827eb917e19,e78f135624ce,-58,5.614091398,8.650595308,1.862603128,-0.043297654,0.010801564,-0.999,0.999,0.016,-0.042396872,0.015,-1.0,-0.010900782
1581248955.9059534,b827eb917e19,e78f135624ce,-59,5.5600459,8.647343115,1.85620918,-0.040447705,0.00710459,-0.999,0.999,0.015,-0.040447705,0.014,-1.0,-0.00810459
1581248956.3587253,b827eb917e19,e78f135624ce,-59,5.502669552,8.649036716,1.853981642,-0.040018358,0.005981642,-0.999,0.999,0.016018358,-0.040018358,0.016,-1.0,-0.006
1581248956.8134823,b827eb917e19,e78f135624ce,-67,5.447557318,8.65069126,1.868161179,-0.039,0.00992622,-0.999,0.999,0.01892622,-0.039,0.01861748,-1.0,-0.01061748
1581248957.2672148,b827eb917e19,e78f135624ce,-67,5.386898212,8.653247003,1.864474553,-0.038443113,0.007917666,-0.999,0.999,0.018639222,-0.038082334,0.017639222,-1.0,-0.008917666
1581248957.7260218,b827eb917e19,e78f135624ce,-84,5.308402978,8.672598883,1.862534202,-0.040133085,0.006800372,-0.999,0.999,0.018,-0.040133085,0.018,-1.0,-0.007800372
1581248958.1846595,b827eb917e19,e78f135624ce,-67,5.239369957,8.687,1.857252017,-0.037873991,0.006126009,-0.999,0.999,0.01870867,-0.037873991,0.018,-1.0,-0.006126009
1581248958.635504,b827eb917e19,e78f135624ce,-65,5.180502175,8.684785404,1.855476398,-0.028,0.005738199,-0.999,0.999,0.018,-0.028,0.018,-1.0,-0.005738199
1581248959.0887804,b827eb917e19,e78f135624ce,-71,5.13066451,8.675256078,1.856,-0.019256078,0.007,-1.0,1.0,0.018,-0.019256078,0.017871961,-1.0,-0.007128039
1581248959.5423791,b827eb917e19,e78f135624ce,-75,5.065411954,8.674989642,1.856484462,-0.020494821,0.007989642,-1.0,1.0,0.017,-0.020494821,0.017,-1.0,-0.008494821
