1581248844.0197551,000000000301,e78f135624ce,-72,18.001,8.381,1.872,0.021,0.006,-1.002,0.997,0.024,0.021,0.024,-1.002,-0.01
1581248844.474173,000000000301,e78f135624ce,-74,17.999,8.395228742,1.869192814,0.015289222,0.006096407,-1.001,0.998,0.023,0.015289222,0.023903593,-1.001,-0.008192814
1581248844.9308524,000000000301,e78f135624ce,-72,17.981296427,8.410859285,1.859859285,0.020281429,0.007570357,-1.0,0.306877823,0.010577856,-0.005992501,0.010148214,-0.307877823,0.000140715
1581248845.3868127,000000000301,e78f135624ce,-72,17.937452505,8.420547495,1.868779085,0.021378867,-0.002084314,-1.0,-0.565948804,-0.006694771,-0.016610457,-0.006694771,0.565948804,-0.004852723
1581248845.3897033,000000000301,e78f135624ce,-75,17.937207917,8.420792083,1.869045908,0.02122322,-0.002284431,-1.0,-0.568728212,-0.006761477,-0.016477046,-0.006761477,0.568728212,-0.005030606
1581248845.8427427,000000000301,e78f135624ce,-75,17.90288857,8.447253877,1.902365307,0.011492246,-0.019873061,-1.0,-0.861906952,-0.013746123,-0.010238369,-0.013746123,0.861906952,-0.020873061
1581248846.2977002,000000000301,e78f135624ce,-72,17.883218498,8.45770867,1.90670867,0.011145665,-0.016317918,-1.0,-0.955490172,-0.015463584,-0.010145665,-0.015463584,0.955026588,-0.016854335
1581248846.7507384,000000000301,e78f135624ce,-73,17.867890026,8.479146632,1.929146632,0.001963342,-0.027036658,-1.0,-0.985146632,-0.016,-0.001963342,-0.016,0.985146632,-0.027036658
1581248847.208712,000000000301,e78f135624ce,-72,17.859728615,8.489271385,1.936356924,0.002185845,-0.026356924,-1.0,-0.99545723,-0.015271385,-0.001185845,-0.015271385,0.994728615,-0.026356924
1581248847.662724,000000000301,e78f135624ce,-72,17.859400129,8.479798967,1.918798967,0.011400775,-0.010999355,-0.999,-0.998,-0.014,-0.011400775,-0.014,0.998,-0.010999355
1581248848.115724,000000000301,e78f135624ce,-72,17.866064416,8.454935584,1.884484676,0.024935584,0.006193247,-0.999,-0.999,-0.013,-0.024935584,-0.014,0.999,0.005193247
1581248848.573788,000000000301,e78f135624ce,-82,17.872700745,8.432496273,1.860795528,0.033700745,0.012700745,-0.999,-0.999,-0.013,-0.034401491,-0.014,1.0,0.012401491
1581248849.481695,000000000301,e78f135624ce,-71,17.879,8.408230939,1.838230939,0.038,0.016,-0.999,-0.999,-0.01311547,-0.039,-0.014,1.0,0.01588453
1581248849.9417052,000000000301,e78f135624ce,-84,17.865538495,8.423153835,1.841807743,0.023846165,0.011461505,-0.999,-0.999,-0.013423083,-0.024423083,-0.013423083,1.0,0.011038422
1581248850.3918357,000000000301,e78f135624ce,-75,17.830066941,8.411487023,1.842353142,0.032159836,0.00903347,-0.999,-0.999,-0.013193306,-0.03296653,-0.013193306,1.0,0.008226776
1581248850.848698,000000000301,e78f135624ce,-82,17.782251001,8.393,1.8425498,0.0314502,0.009300134,-0.999,-0.999,-0.014,-0.032300134,-0.014849933,1.0,0.009300134
1581248851.2987232,000000000301,e78f135624ce,-77,17.709763934,8.403532183,1.850832614,0.02203434,0.005733909,-0.999,-0.999,-0.015,-0.02203434,-0.015,1.0,0.005167386
1581248851.7496939,000000000301,e78f135624ce,-81,17.631427326,8.404024899,1.830701214,0.028074697,0.019149393,-0.999,-0.999,-0.014975101,-0.028074697,-0.015,0.999975101,0.018174292
1581248852.2027147,000000000301,e78f135624ce,-80,17.546783074,8.408429496,1.832691973,0.039585688,0.016646422,-0.998338395,-0.86878743,-0.013661605,-0.042924082,-0.014661605,0.86978743,0.014646422
1581248852.657883,000000000301,e78f135624ce,-66,17.4437646,8.420665077,1.815850715,0.039434446,0.027099523,-0.998,-0.957484208,-0.013633492,-0.040751192,-0.014316746,0.9581177,0.026099523
1581248853.1129005,000000000301,e78f135624ce,-72,17.326919639,8.436031712,1.825221982,0.037841442,0.020841442,-0.998,-0.985841442,-0.014,-0.037873153,-0.015,0.986841442,0.020841442
1581248853.5646954,000000000301,e78f135624ce,-73,17.234569225,8.433631834,1.829631834,0.037767637,0.017767637,-0.997566578,-0.597044537,-0.008433422,-0.051866843,-0.009866843,0.598044537,0.012201059
1581248854.023644,000000000301,e78f135624ce,-71,17.120816537,8.459530685,1.858653101,0.025020349,0.007897933,-0.998,-0.528305236,-0.006448966,-0.04667345,-0.007448966,0.528305236,0.000346899
1581248854.4746616,000000000301,e78f135624ce,-80,17.018917597,8.446473849,1.851321711,0.021865295,0.010508717,-0.998,-0.500805093,-0.007169572,-0.042847862,-0.007339145,0.501805093,0.005678289
1581248854.9336584,000000000301,e78f135624ce,-79,16.903154574,8.407270333,1.870969963,0.031364833,0.002,-0.998515019,-0.658944999,-0.011939926,-0.038849815,-0.012424907,0.659944999,-0.001515019
1581248855.3877451,000000000301,e78f135624ce,-81,16.816792154,8.404028959,1.860572397,0.02616184,0.012132882,-0.999,-0.507495791,-0.00832368,-0.03283816,-0.00932368,0.508333951,0.004456562
1581248855.8406272,000000000301,e78f135624ce,-82,16.7388753,8.429525841,1.864021334,0.014474159,0.006607873,-0.999,-0.458377404,-0.007814603,-0.016474159,-0.008051683,0.458377404,0.000133714
1581248856.2946703,000000000301,e78f135624ce,-80,16.673407124,8.452061993,1.86316817,0.010796438,0.006761046,-0.999,-0.230689806,-0.003380523,-0.011796438,-0.004380523,0.231034937,0.000451307
1581248856.7446442,000000000301,e78f135624ce,-76,16.623775403,8.412655376,1.856913844,0.030172312,0.011,-0.999,-0.276732658,-0.006172312,-0.025430779,-0.006258468,0.276732658,0.002172312
1581248857.2066407,000000000301,e78f135624ce,-71,16.560867395,8.417794568,1.849364133,0.023496738,0.014496738,-0.999,-0.388478226,-0.006927173,-0.01678152,-0.007927173,0.388478226,0.00578152
1581248857.2096412,000000000301,e78f135624ce,-71,16.560395889,8.417387358,1.849042651,0.023646763,0.014646763,-0.999,-0.392764649,-0.00699147,-0.016974409,-0.00799147,0.392764649,0.005974409
1581248858.5686305,000000000301,e78f135624ce,-78,16.457244598,8.459503601,1.8491259,0.011748199,0.011,-1.0,0.878392106,0.0121259,0.0058741,0.0121259,-0.877955056,-0.00956295
1581248859.0196333,000000000301,e78f135624ce,-72,16.417599542,8.480323183,1.844,-0.000323183,0.009,-1.0,0.960185003,0.013,-0.002215455,0.013,-0.960185003,-0.008107728
1581248859.4716425,000000000301,e78f135624ce,-75,16.369506347,8.501842248,1.84,-0.015651405,0.009,-1.0,0.986921124,0.013,-0.015921124,0.012730281,-0.986921124,-0.009
1581248859.9306223,000000000301,e78f135624ce,-72,16.322023101,8.516414742,1.836829483,-0.023414742,0.008414742,-1.0,0.995414742,0.013,-0.023414742,0.013,-0.995829483,-0.008829483
1581248860.386614,000000000301,e78f135624ce,-71,16.276085398,8.519847566,1.840228651,-0.024847566,0.01,-1.0,0.998076217,0.015076217,-0.024847566,0.015076217,-0.999,-0.010076217
1581248860.3895938,000000000301,e78f135624ce,-68,16.275810344,8.519801724,1.840297414,-0.024801724,0.01,-1.0,0.998099138,0.015099138,-0.024801724,0.015099138,-0.999,-0.010099138
1581248860.839618,000000000301,e78f135624ce,-72,16.229017862,8.515381867,1.843,-0.022690934,0.010690934,-1.0,0.999,0.016309066,-0.022,0.016,-0.999,-0.011
1581248861.2925904,000000000301,e78f135624ce,-68,16.182411559,8.52,1.846,-0.02010289,0.012,-1.0,1.0,0.016,-0.019401926,0.015299037,-1.0,-0.012700963
1581248861.7436187,000000000301,e78f135624ce,-69,16.136308726,8.524899329,1.844,-0.015100671,0.011,-1.0,1.0,0.015,-0.015100671,0.015,-1.0,-0.011
1581248862.1985981,000000000301,e78f135624ce,-71,16.096363797,8.530106034,1.842446983,-0.012,0.01,-1.0,1.0,0.015553017,-0.012,0.015553017,-1.0,-0.01
1581248862.6496007,000000000301,e78f135624ce,-76,16.052710516,8.529,1.839,-0.008823886,0.009,-1.0,1.0,0.015,-0.008823886,0.015,-1.0,-0.009
1581248863.101617,000000000301,e78f135624ce,-70,15.999808689,8.510808689,1.839581853,0.002909266,0.008,-1.0,0.74373979,0.010254441,-0.011327413,0.010254441,-0.74373979,-0.006418147
1581248863.5547502,000000000301,e78f135624ce,-72,15.936992625,8.430581194,1.849614381,0.0294059,0.005994469,-0.997599631,0.025885686,-0.000802581,-0.0304059,-0.001402213,-0.024885686,-0.003204794
1581248864.0085983,000000000301,e78f135624ce,-66,15.867763459,8.394984231,1.869794998,0.029968461,0.001094617,-0.998,-0.211952692,-0.008,-0.027968461,-0.008,0.212936922,-0.003905383
1581248864.464611,000000000301,e78f135624ce,-69,15.814504719,8.40452386,1.845028579,0.023266649,0.008971421,-0.999,-0.065495015,-0.004647614,-0.016914263,-0.004647614,0.066495015,0.003971421
1581248864.9157572,000000000301,e78f135624ce,-78,15.755395268,8.398090931,1.840304337,0.026304337,0.008798423,-0.998699606,-0.121608675,-0.007,-0.021604732,-0.007,0.121909069,0.002498028
1581248865.372686,000000000301,e78f135624ce,-72,15.689636497,8.437129004,1.861832501,0.012301498,0.0030335,-0.999,-0.174698502,-0.0060335,-0.014267999,-0.0060335,0.175698502,-0.0039665
1581248865.8305967,000000000301,e78f135624ce,-75,15.627060199,8.520874026,1.851227426,-0.009580825,0.007257525,-0.999,-0.114608709,-0.00516165,-0.00083835,-0.00516165,0.114608709,0.001257525
1581248866.289586,000000000301,e78f135624ce,-66,15.571463985,8.449807956,1.840335993,0.021744016,0.012832004,-0.997,-0.282432184,-0.008624003,-0.034120014,-0.008832004,0.283640185,0.007040005
1581248866.7405682,000000000301,e78f135624ce,-65,15.506547274,8.398145835,1.828480767,0.027173877,0.01369311,-0.997,-0.297112166,-0.010186699,-0.047493589,-0.010186699,0.298298864,0.00969311
1581248867.192559,000000000301,e78f135624ce,-67,15.43412204,8.37934834,1.853296209,0.021355451,0.003411137,-0.997470379,-0.239028447,-0.012529621,-0.050118484,-0.012529621,0.240028447,-5.9242e-05
1581248867.6525888,000000000301,e78f135624ce,-69,15.343453656,8.405285857,1.865,0.001596584,-0.002184878,-0.997184878,-0.221890731,-0.013,-0.050705853,-0.013,0.222705853,-0.004
1581248868.104636,000000000301,e78f135624ce,-69,15.25700318,8.441245151,1.887178378,-0.003222893,-0.011194277,-0.996200636,-0.294646741,-0.015598728,-0.057191097,-0.014598728,0.29524547,-0.010993641
1581248868.558533,000000000301,e78f135624ce,-66,15.243916072,8.410197545,1.897661718,0.016661718,0.001859264,-0.996380245,-0.253794743,-0.010520982,-0.048239509,-0.010140736,0.254174989,-0.007380245
1581248869.0185416,000000000301,e78f135624ce,-65,15.191908221,8.487959834,1.843678772,0.001458897,0.013107076,-0.996984703,-0.657391986,-0.014015297,-0.012428303,-0.01304589,0.656422579,0.010107076
1581248869.47352,000000000301,e78f135624ce,-65,15.175993196,8.594379828,1.949708625,-0.024342405,-0.015342405,-0.993,-0.524545327,-0.007996598,0.007339003,-0.011996598,0.525877526,-0.026678007
1581248869.9346766,000000000301,e78f135624ce,-73,15.16809591,8.532357899,1.976535084,0.006952045,-0.003952045,-0.996,-0.417926303,-0.006107017,-0.007321051,-0.006738011,0.419557297,-0.021476022
1581248870.3875175,000000000301,e78f135624ce,-67,15.145906357,8.492538026,1.971024972,0.016168558,0.0079563,-0.996993757,-0.442930191,-0.007018729,-0.010174801,-0.007012486,0.443936434,-0.012012486
1581248870.8427293,000000000301,e78f135624ce,-79,15.090894732,8.349875251,1.935068228,0.050428846,0.007366472,-0.995633528,-0.65896296,-0.012366472,-0.052596488,-0.012366472,0.661695903,-0.003534114
1581248871.2945595,000000000301,e78f135624ce,-70,15.010446761,8.413930143,1.914321126,0.016178027,-0.000160563,-0.997767887,-0.818837744,-0.015232113,-0.016178027,-0.015232113,0.819837744,-0.001928451
1581248871.7545123,000000000301,e78f135624ce,-66,15.001093797,8.339281392,1.921311646,0.033093797,-0.000906203,-0.997,-0.522974302,-0.011187595,-0.025187595,-0.010281392,0.524880505,-0.008343418
1581248872.2105098,000000000301,e78f135624ce,-74,14.944651271,8.288743645,1.933838609,0.040896211,-0.007135444,-0.995864556,-0.708994293,-0.014,-0.037218993,-0.014,0.711562014,-0.009567722
1581248873.1205106,000000000301,e78f135624ce,-78,14.884429297,8.33305664,1.979674805,0.014827734,-0.007539844,-0.992404883,-0.448551367,-0.010269922,-0.029613086,-0.009134961,0.455146485,-0.016269922
1581248873.5805125,000000000301,e78f135624ce,-67,14.807770403,8.471903297,1.93813597,-0.016039268,0.007317216,-0.995,-0.552441027,-0.012595165,0.001166154,-0.010531722,0.554909305,-0.002555897
1581248874.0335202,000000000301,e78f135624ce,-74,14.800458694,8.362331807,1.921623918,0.033942493,0.011898219,-0.994,-0.51477591,-0.011420356,-0.028222731,-0.010280237,0.51877591,-0.001681425
1581248874.4945412,000000000301,e78f135624ce,-75,14.754068973,8.341203052,1.876170498,0.03221648,0.011852492,-0.995659003,-0.52209583,-0.012170498,-0.029386979,-0.011,0.523266328,0.006681994
1581248874.9465792,000000000301,e78f135624ce,-72,14.682933799,8.454277477,1.917987329,0.000776054,-0.001157745,-0.997460564,-0.491549261,-0.009078872,-0.012618309,-0.009078872,0.491549261,-0.007381691
1581248875.4004805,000000000301,e78f135624ce,-66,14.643211917,8.555125903,1.975980055,-0.022774869,-0.013576165,-0.991105959,-0.648755172,-0.008894041,0.012092745,-0.011682124,0.652649213,-0.021271504
1581248875.8515077,000000000301,e78f135624ce,-73,14.621360032,8.609479378,1.924120144,-0.023079697,0.016959952,-0.992360032,-0.521238293,-0.006639968,0.01819984,-0.007639968,0.522238293,0.002919904
1581248876.3114824,000000000301,e78f135624ce,-70,14.511089407,8.501017316,1.887786951,0.033226743,0.01031615,-0.99305155,-0.713975837,-0.01394845,-0.037594443,-0.01494845,0.719240437,0.007
1581248876.7634954,000000000301,e78f135624ce,-90,14.412264661,8.256113909,1.945886091,0.111528196,-0.009056391,-0.988,-0.899886091,-0.019,-0.113528196,-0.019094361,0.908980451,-0.012150752
1581248877.2144833,000000000301,e78f135624ce,-76,14.333000029,8.179555784,1.898333314,0.115777704,0.006888895,-0.987888895,-0.959888866,-0.019,-0.116777704,-0.020444448,0.969999971,0.003888895
1581248877.6654923,000000000301,e78f135624ce,-74,14.32924272,7.998831486,1.935298892,0.143261789,-0.005355063,-0.986794383,-0.978205617,-0.019794383,-0.143261789,-0.019794383,0.989616851,-0.008355063
1581248878.1218038,000000000301,e78f135624ce,-71,14.180470639,7.984645261,1.867709478,0.167135474,0.01732263,-0.984,-0.981864526,-0.017864526,-0.168,-0.021729052,0.995864526,0.01432263
1581248879.0275335,000000000301,e78f135624ce,-74,14.042972415,8.323282747,1.807013793,0.021937934,0.025986207,-0.995013793,-0.995013793,-0.010006896,-0.022937934,-0.011006896,0.999,0.024986207
1581248879.48145,000000000301,e78f135624ce,-75,14.016133098,8.450252584,1.802348122,4.4366e-05,0.023348122,-0.998,-0.998651878,-0.008696244,-4.4366e-05,-0.008696244,0.999651878,0.022696244
1581248879.9354749,000000000301,e78f135624ce,-74,13.998614217,8.508280452,1.801298223,0.006894669,0.022,-0.999,-0.999,-0.009298223,-0.007596446,-0.01,1.0,0.022
1581248880.3944836,000000000301,e78f135624ce,-84,13.974166673,8.527925923,1.812962962,0.015981481,0.019,-0.999,-1.0,-0.012,-0.016962962,-0.012981481,1.0,0.019
1581248880.84551,000000000301,e78f135624ce,-72,13.956573367,8.525986428,1.816720102,0.027440205,0.018426633,-0.999,-0.999,-0.012573367,-0.027866837,-0.012573367,1.0,0.018
1581248881.3044775,000000000301,e78f135624ce,-72,13.904528563,8.535751413,1.819454279,0.017860012,0.016925717,-0.999537142,-0.999768571,-0.012694287,-0.017860012,-0.012925717,1.0,0.016694287
1581248881.7554576,000000000301,e78f135624ce,-74,13.874490346,8.487490346,1.792817243,0.046163449,0.024836551,-0.998,-0.998,-0.017,-0.047163449,-0.018,1.0,0.023836551
1581248882.2134678,000000000301,e78f135624ce,-71,13.852810256,8.479891575,1.778432234,0.039513553,0.026513553,-0.999,-0.999,-0.019,-0.039513553,-0.02,0.999,0.025513553
1581248882.672447,000000000301,e78f135624ce,-73,13.818217925,8.476792033,1.766792033,0.029009959,0.028405975,-0.999,-0.999,-0.018801992,-0.029207967,-0.019801992,0.999,0.027603983
1581248883.123565,000000000301,e78f135624ce,-70,13.789121252,8.486,1.764771364,0.015192841,0.026,-0.999,-1.0,-0.019614318,-0.015385682,-0.020614318,0.999,0.026
1581248883.5754519,000000000301,e78f135624ce,-70,13.757156488,8.492624864,1.766218648,0.010187568,0.026187568,-1.0,-1.0,-0.017,-0.010187568,-0.017,0.999406216,0.025593784
1581248884.03348,000000000301,e78f135624ce,-81,13.726830651,8.496395147,1.757,0.009830651,0.028,-1.0,-1.0,-0.01994355,-0.010774201,-0.01994355,0.999,0.028
1581248884.4874773,000000000301,e78f135624ce,-80,13.700017588,8.508396482,1.756094724,0.008698241,0.026603518,-1.0,-1.0,-0.019,-0.009,-0.019,0.999,0.026603518
1581248884.946423,000000000301,e78f135624ce,-72,13.659410725,8.51038244,1.75438244,0.01238244,0.02561756,-1.0,-1.0,-0.01961756,-0.01238244,-0.01961756,0.999,0.02561756
1581248885.4064507,000000000301,e78f135624ce,-76,13.608025513,8.500850079,1.750674645,0.018775118,0.025775118,-0.999074961,-1.0,-0.019925039,-0.019775118,-0.019925039,0.999074961,0.025775118
1581248885.8625355,000000000301,e78f135624ce,-78,13.576931921,8.511204238,1.75937872,0.010242561,0.02231064,-1.0,-1.0,-0.019,-0.010242561,-0.01931064,1.0,0.02231064
1581248886.770413,000000000301,e78f135624ce,-78,13.479094819,8.520883621,1.761767242,0.005116379,0.020116379,-1.0,-1.0,-0.017116379,-0.005116379,-0.017116379,1.0,0.020116379
1581248887.2214856,000000000301,e78f135624ce,-79,13.444261015,8.537670703,1.767397578,-6.8281e-05,0.018534141,-1.0,-1.0,-0.016,6.8281e-05,-0.016,1.0,0.018534141
1581248887.680401,000000000301,e78f135624ce,-77,13.39863048,8.54672204,1.75424068,0.002,0.02175932,-1.0,-1.0,-0.019,-0.00224068,-0.019,1.0,0.02175932
1581248888.1344497,000000000301,e78f135624ce,-79,13.339228392,8.540668518,1.752334259,0.012442902,0.02088858,-1.0,-1.0,-0.019,-0.013331482,-0.019,1.0,0.02088858
1581248888.5914361,000000000301,e78f135624ce,-73,13.288512262,8.539487738,1.744004905,0.019502452,0.022,-0.999,-0.999497548,-0.019,-0.019502452,-0.02,1.0,0.021497548
1581248889.0462005,000000000301,e78f135624ce,-75,13.227496696,8.51836703,1.745683515,0.032316485,0.021079121,-0.999,-0.999,-0.016920879,-0.032316485,-0.017,1.0,0.020079121
1581248889.5013835,000000000301,e78f135624ce,-73,13.172162504,8.496630264,1.742271711,0.034184868,0.021728289,-0.999,-0.999,-0.011728289,-0.035184868,-0.012,1.0,0.021728289
1581248889.953529,000000000301,e78f135624ce,-69,13.119559293,8.490639823,1.752881414,0.035,0.018279646,-0.999,-0.999,-0.011,-0.035,-0.011360177,1.0,0.017279646
1581248890.405367,000000000301,e78f135624ce,-74,13.08516737,8.505,1.756033474,0.032988842,0.017988842,-0.999,-0.999,-0.013988842,-0.032988842,-0.014988842,1.0,0.017977684
1581248890.8644547,000000000301,e78f135624ce,-81,13.044929301,8.515,1.756760465,0.028647907,0.018295814,-0.999,-0.999,-0.017647907,-0.028647907,-0.018647907,1.0,0.017943721
1581248891.315709,000000000301,e78f135624ce,-73,13.007,8.520383703,1.746033228,0.022549841,0.022241693,-0.999,-0.999,-0.018241693,-0.022791535,-0.019241693,1.0,0.022241693
1581248891.776482,000000000301,e78f135624ce,-72,12.965179676,8.531921355,1.73531458,0.02284271,0.024,-0.999,-0.999,-0.018921355,-0.022921355,-0.019921355,0.999078645,0.023921355
1581248892.22936,000000000301,e78f135624ce,-79,12.89858692,8.513087852,1.731882243,0.029676635,0.024558878,-0.999,-0.999,-0.017558878,-0.029676635,-0.018558878,0.999441122,0.024
1581248892.682401,000000000301,e78f135624ce,-75,12.851849259,8.521011728,1.749395309,0.025395309,0.02,-0.999,-0.999,-0.015197654,-0.025395309,-0.016197654,1.0,0.019
1581248893.1343505,000000000301,e78f135624ce,-74,12.821421828,8.541441117,1.772627411,0.018441117,0.014186294,-0.999,-0.746606084,-0.012813706,-0.025813706,-0.013627411,0.746792379,0.011813706
1581248894.0493526,000000000301,e78f135624ce,-74,12.849737723,8.545156888,1.827580836,-0.001,0.011105389,-1.0,0.595803575,0.009316167,-0.011683833,0.009316167,-0.595803575,-0.003421556
1581248894.499328,000000000301,e78f135624ce,-77,12.838312851,8.549974673,1.866849906,-0.009699813,0.013287523,-0.999287523,0.782010793,0.012712477,-0.01527486,0.012712477,-0.782010793,-0.011
1581248895.4063404,000000000301,e78f135624ce,-77,12.755012183,8.559021321,1.895975634,-0.013009137,0.015993908,-0.999996954,0.89788426,0.015003046,-0.015012183,0.015,-0.89788426,-0.014990863
1581248895.8603399,000000000301,e78f135624ce,-77,12.729107546,8.542950565,1.902941889,-0.005264528,0.015735472,-1.0,0.966363398,0.016578491,-0.005686037,0.016578491,-0.966363398,-0.015735472
1581248896.7713523,000000000301,e78f135624ce,-75,12.666440853,8.513818902,1.932629878,0.002362195,0.018543293,-1.0,0.996637805,0.017362195,0.002362195,0.017362195,-0.995818902,-0.018543293
1581248897.2263222,000000000301,e78f135624ce,-73,12.60355756,8.529502741,1.911530151,-0.003,0.014010964,-1.0,0.999,0.013,-0.003,0.013,-0.998497259,-0.013508223
1581248897.2292974,000000000301,e78f135624ce,-78,12.603111277,8.529481489,1.911296383,-0.003,0.013925957,-1.0,0.999,0.013,-0.003,0.013,-0.998518511,-0.013444468
1581248897.6862917,000000000301,e78f135624ce,-74,12.538407437,8.541422655,1.876098055,-0.007,0.004788673,-1.0,0.999211327,0.012577345,-0.006211327,0.012577345,-0.999211327,-0.005577345
1581248898.1403327,000000000301,e78f135624ce,-73,12.485935011,8.533446541,1.842339623,-0.005,-0.000851153,-1.0,1.0,0.012,-0.005,0.012,-1.0,0.000702306
1581248898.5963316,000000000301,e78f135624ce,-71,12.433135147,8.536902285,1.824744287,-0.009451143,-0.002,-1.0,1.0,0.011548857,-0.009451143,0.011548857,-1.0,0.002
1581248898.6017933,000000000301,e78f135624ce,-81,12.432489673,8.537001589,1.824496028,-0.009500794,-0.002,-1.0,1.0,0.011499206,-0.009500794,0.011499206,-1.0,0.002
1581248899.0563457,000000000301,e78f135624ce,-77,12.375116356,8.528963975,1.824598344,-0.010240994,0.000919669,-1.0,1.0,0.011080331,-0.010240994,0.011080331,-1.0,-0.000919669
1581248899.5153253,000000000301,e78f135624ce,-74,12.325620841,8.529724168,1.826,-0.01,0.003,-1.0,1.0,0.012,-0.01,0.012,-1.0,-0.003
1581248901.320315,000000000301,e78f135624ce,-73,12.097835847,8.523983706,1.823196741,-0.011,0.006196741,-1.0,1.0,0.011803259,-0.011,0.011803259,-1.0,-0.006196741
1581248901.771318,000000000301,e78f135624ce,-71,12.04973409,8.524585876,1.828,-0.007390584,0.008,-1.0,1.0,0.010195292,-0.007390584,0.010195292,-1.0,-0.008
1581248902.2252886,000000000301,e78f135624ce,-77,12.001240454,8.523,1.824648091,-0.004549364,0.006549364,-1.0,1.0,0.010549364,-0.004,0.01,-1.0,-0.006549364
1581248902.6753626,000000000301,e78f135624ce,-74,11.948334097,8.52406659,1.814399542,-0.00293341,0.002133181,-1.0,1.0,0.01206659,-0.00293341,0.01206659,-1.0,-0.002133181
1581248903.1353047,000000000301,e78f135624ce,-74,11.891186825,8.541953294,1.818523353,-0.006,0.004261677,-1.0,1.0,0.011261677,-0.006,0.011261677,-1.0,-0.004261677
1581248903.595277,000000000301,e78f135624ce,-70,11.826523846,8.549214279,1.817,-0.006,0.004,-1.0,1.0,0.01159524,-0.006,0.01159524,-1.0,-0.004
1581248904.5042803,000000000301,e78f135624ce,-66,11.72856891,8.554,1.807347299,-0.006,0.002,-1.0,1.0,0.008,-0.006,0.008,-1.0,-0.002
1581248904.955282,000000000301,e78f135624ce,-71,11.680548912,8.566,1.810077174,-0.01,0.000593478,-1.0,1.0,0.011,-0.01,0.011,-1.0,-0.000593478
1581248905.4102697,000000000301,e78f135624ce,-77,11.631643612,8.569107269,1.821946366,-0.011053634,0.003,-1.0,1.0,0.011,-0.011053634,0.011,-1.0,-0.003053634
1581248905.8662548,000000000301,e78f135624ce,-67,11.587421048,8.563751878,1.813,-0.011458646,-0.001,-1.0,1.0,0.008,-0.011458646,0.008458646,-1.0,0.001
1581248906.3242729,000000000301,e78f135624ce,-68,11.538764208,8.550840301,1.817680601,-0.011319399,-0.001159699,-1.0,1.0,0.011,-0.011319399,0.011,-1.0,0.001159699
1581248906.780243,000000000301,e78f135624ce,-76,11.492079237,8.549756086,1.820567065,-0.015189022,-0.001810978,-1.0,1.0,0.011189022,-0.015189022,0.011189022,-1.0,0.001810978
1581248907.2402458,000000000301,e78f135624ce,-70,11.442595438,8.552525285,1.827,-0.019525285,-0.001525285,-1.0,1.0,0.012474715,-0.019525285,0.012474715,-1.0,0.001
1581248907.6953948,000000000301,e78f135624ce,-68,11.388131111,8.552385238,1.825590159,-0.019590159,-0.003204921,-1.0,1.0,0.012795079,-0.019590159,0.012795079,-1.0,0.003
1581248908.1462705,000000000301,e78f135624ce,-67,11.340600863,8.550814224,1.820371552,-0.016,-0.004814224,-1.0,1.0,0.011,-0.016,0.011,-1.0,0.004814224
1581248908.1492145,000000000301,e78f135624ce,-73,11.340226173,8.550840988,1.820318025,-0.016,-0.004840988,-1.0,1.0,0.011,-0.016,0.011,-1.0,0.004840988
1581248908.5972354,000000000301,e78f135624ce,-66,11.280736346,8.545894649,1.820105351,-0.008894649,-0.004263099,-1.0,1.0,0.01,-0.008894649,0.01,-1.0,0.004263099
1581248909.051261,000000000301,e78f135624ce,-71,11.218622286,8.551038893,1.818038893,-0.006077786,-0.005,-1.0,1.0,0.01,-0.006077786,0.01,-1.0,0.005
1581248909.5054142,000000000301,e78f135624ce,-72,11.152101922,8.562789102,1.808394551,-0.005183654,-0.007394551,-1.0,1.0,0.009,-0.005183654,0.009,-1.0,0.007
1581248910.4092298,000000000301,e78f135624ce,-71,11.040893244,8.556145634,1.815,0.001854366,-0.003,-1.0,1.0,0.011,0.001854366,0.011,-1.0,0.003
1581248910.860239,000000000301,e78f135624ce,-73,10.988754468,8.547892219,1.823,0.002553891,0.0,-1.0,1.0,0.011,0.002553891,0.011,-1.0,-0.0
1581248911.315466,000000000301,e78f135624ce,-72,10.931978002,8.541146,1.828,0.001927,0.001,-1.0,1.0,0.012927,0.001927,0.012927,-1.0,-0.001
1581248911.770232,000000000301,e78f135624ce,-72,10.880366827,8.535877724,1.826122276,0.001561138,-0.000438862,-1.0,1.0,0.011,0.001561138,0.011,-1.0,0.000438862
1581248912.2312176,000000000301,e78f135624ce,-80,10.824871542,8.539,1.820838642,-0.003419321,-0.001580679,-1.0,1.0,0.009,-0.003419321,0.009,-1.0,0.001580679
1581248912.6852276,000000000301,e78f135624ce,-80,10.765951165,8.534803343,1.824065552,-0.004934448,-0.001,-1.0,1.0,0.009,-0.004934448,0.009,-1.0,0.001
1581248913.5882077,000000000301,e78f135624ce,-69,10.655062275,8.54605006,1.819737485,-0.006,-0.005262515,-1.0,1.0,0.010262515,-0.006262515,0.010262515,-1.0,0.005262515
1581248914.041213,000000000301,e78f135624ce,-66,10.60154929,8.543642471,1.818238352,-0.001,-0.006880824,-1.0,1.0,0.010880824,-0.001,0.010880824,-1.0,0.006880824
1581248914.4943414,000000000301,e78f135624ce,-69,10.553195907,8.545959454,1.82,-0.000479727,-0.005,-1.0,1.0,0.01,-0.000479727,0.01,-1.0,0.005
1581248914.946234,000000000301,e78f135624ce,-72,10.500746754,8.545450649,1.817849784,0.000699567,-0.003849784,-1.0,1.0,0.01,0.000699567,0.01,-1.0,0.003849784
1581248915.3981953,000000000301,e78f135624ce,-68,10.442801413,8.544762412,1.816762412,-0.000524823,-0.001237588,-1.0,1.0,0.009475177,-0.000524823,0.009475177,-1.0,0.001237588
1581248915.8562315,000000000301,e78f135624ce,-71,10.38425083,8.549,1.815640677,-0.004359323,0.0,-1.0,1.0,0.011,-0.004359323,0.011,-1.0,0.0
1581248916.3154411,000000000301,e78f135624ce,-72,10.325135515,8.555,1.816009034,-0.009,0.002009034,-1.0,1.0,0.011,-0.009,0.011,-1.0,-0.002009034
1581248917.2201698,000000000301,e78f135624ce,-77,10.226173196,8.544238587,1.825967304,-0.008722239,0.008483652,-0.999689543,0.999689543,0.013552283,-0.008722239,0.013552283,-1.0,-0.009173196
1581248917.6801867,000000000301,e78f135624ce,-74,10.232049727,8.463403273,1.863124318,0.034248636,0.022049727,-0.998975136,0.998975136,0.021,0.0342735,0.022,-0.999,-0.021024864
1581248918.1401474,000000000301,e78f135624ce,-65,10.196973431,8.477697171,1.865329397,0.01898524,0.022664699,-0.998,0.19494563,0.009661747,0.047994096,0.010661747,-0.19594563,-0.007326445
1581248918.5961728,000000000301,e78f135624ce,-65,10.108302978,8.564553975,1.853464238,-0.011803643,0.017732119,-0.999,-0.616002657,-0.001267881,0.033196357,-0.000267881,0.616002657,0.008267881
1581248919.9481888,000000000301,e78f135624ce,-75,9.898410054,8.56308833,1.822735009,-0.011176661,0.00391167,-1.0,0.898473249,0.01091167,-0.009176661,0.01091167,-0.898473249,-0.002
1581248920.4091492,000000000301,e78f135624ce,-66,9.829133503,8.564459278,1.818229639,-0.012,0.005,-1.0,0.780777072,0.009,-0.012770361,0.009,-0.780777072,-0.001540722
1581248920.8621373,000000000301,e78f135624ce,-68,9.769942477,8.573378595,1.814621405,-0.019378595,0.004,-1.0,0.928950498,0.01,-0.019378595,0.01,-0.929329093,-0.003
1581248921.3121629,000000000301,e78f135624ce,-66,9.692838719,8.576034947,1.81989516,-0.003279573,0.00989516,-1.0,0.0564894,0.004069893,-0.019,0.004069893,-0.0564894,0.005860213
1581248921.7661648,000000000301,e78f135624ce,-65,9.607553112,8.568611222,1.828611222,0.014222444,0.015222444,-1.0,-0.661234439,-0.000388778,-0.021388778,-0.001,0.661234439,0.013833667
1581248921.7691133,000000000301,e78f135624ce,-63,9.607054132,8.568633903,1.828633903,0.014267806,0.015267806,-1.0,-0.66372934,-0.000366097,-0.021366097,-0.001,0.66372934,0.013901709
1581248922.2211328,000000000301,e78f135624ce,-63,9.529968377,8.560470355,1.834,0.022264822,0.018264822,-0.999735178,-0.893209491,-0.000529645,-0.025,-0.001264822,0.893209491,0.018
1581248922.6781516,000000000301,e78f135624ce,-70,9.461283134,8.560071285,1.83514257,0.022928715,0.018928715,-1.0,-0.966144577,-0.002928715,-0.023928715,-0.002928715,0.966144577,0.018928715
1581248923.1301403,000000000301,e78f135624ce,-67,9.396013457,8.547885519,1.833,0.02852862,0.02147138,-0.999,-0.988585861,-0.00252862,-0.02852862,-0.00305724,0.988585861,0.021
1581248923.590098,000000000301,e78f135624ce,-64,9.327516536,8.580508798,1.818635468,-0.017313864,0.0114152,-0.998805067,-0.006249104,-0.002,-0.047559466,-0.002,0.006054171,0.0084152
1581248924.0421503,000000000301,e78f135624ce,-65,9.236100022,8.647788875,1.792511118,-0.067922213,0.004377779,-0.997,0.674222133,-0.005622221,-0.077488882,-0.006433331,-0.677844353,0.00218889
1581248924.4951432,000000000301,e78f135624ce,-64,9.116762058,8.465817364,1.783550482,0.065540836,0.018899035,-0.992550482,-0.414564626,-0.017449518,-0.116348553,-0.019899035,0.419463661,0.015899035
1581248924.9550574,000000000301,e78f135624ce,-69,9.070858834,8.422540982,1.78698816,0.070164846,0.020858834,-0.995141166,-0.815340615,-0.016435337,-0.086600183,-0.018294172,0.81919945,0.019
1581248925.4101372,000000000301,e78f135624ce,-69,9.056885623,8.468228755,1.807114377,0.041885623,0.017221406,-0.998,-0.940571887,-0.008,-0.046549839,-0.009,0.942571887,0.016221406
1581248925.8632376,000000000301,e78f135624ce,-67,9.030011041,8.502664213,1.81899632,0.030332107,0.015,-0.999,-0.980660533,-0.005332107,-0.032332107,-0.006,0.980992639,0.014667893
1581248926.3232365,000000000301,e78f135624ce,-65,8.990297383,8.510876091,1.824950436,0.033024782,0.014024782,-0.999,-0.992950436,-0.006975218,-0.033049564,-0.007,0.993950436,0.013049564
1581248926.7821095,000000000301,e78f135624ce,-72,8.949185457,8.511362909,1.829318546,0.036318546,0.012681454,-0.999,-0.997681454,-0.006681454,-0.036318546,-0.007,0.998,0.012681454
1581248927.2391527,000000000301,e78f135624ce,-70,8.90750456,8.50987614,1.83374924,0.03937462,0.01162538,-0.999,-0.999,-0.005,-0.03937462,-0.00537462,0.999,0.01125076
1581248927.701092,000000000301,e78f135624ce,-71,8.8637669,8.511897242,1.834,0.039102758,0.011102758,-0.999,-0.999,-0.005897242,-0.039102758,-0.006897242,1.0,0.011102758
1581248928.1541631,000000000301,e78f135624ce,-69,8.820254274,8.502295843,1.827591686,0.043704157,0.014,-0.999,-0.999,-0.007408314,-0.043704157,-0.007704157,1.0,0.013
1581248928.6173255,000000000301,e78f135624ce,-68,8.770091687,8.503,1.835892191,0.042,0.009738539,-0.999,-0.999,-0.00436927,-0.04236927,-0.005,1.0,0.009738539
1581248929.0690763,000000000301,e78f135624ce,-75,8.714762963,8.503727513,1.835,0.041163492,0.010945503,-0.999,-0.999,-0.004054497,-0.041163492,-0.004108995,1.0,0.010945503
1581248929.5250626,000000000301,e78f135624ce,-74,8.663561589,8.513013718,1.836794513,0.034794513,0.009,-0.999,-0.999,-0.004602744,-0.034794513,-0.004602744,1.0,0.009
1581248929.9811628,000000000301,e78f135624ce,-74,8.613554306,8.51659032,1.832,0.033469893,0.01,-0.999,-0.999,-0.005734947,-0.033469893,-0.006,1.0,0.01
1581248930.4410992,000000000301,e78f135624ce,-67,8.56165411,8.527906556,1.835953278,0.031046722,0.009,-0.999,-0.999,-0.005046722,-0.031046722,-0.006046722,1.0,0.009
1581248930.894243,000000000301,e78f135624ce,-67,8.514246287,8.527437191,1.829311572,0.032,0.013125619,-0.999,-0.999,-0.006,-0.032,-0.006,1.0,0.012562809
1581248931.7990386,000000000301,e78f135624ce,-69,8.416766726,8.522212825,1.8318513,0.036787175,0.01357435,-0.999,-0.999,-0.005,-0.036787175,-0.006,1.0,0.01357435
1581248932.251021,000000000301,e78f135624ce,-72,8.361315072,8.523,1.836671232,0.038,0.012164384,-0.999,-0.999,-0.005,-0.038,-0.005,1.0,0.012164384
1581248932.7090633,000000000301,e78f135624ce,-70,8.308764254,8.52961977,1.843,0.036285172,0.011,-0.999,-0.999,-0.005095057,-0.036285172,-0.005190115,1.0,0.011
1581248933.1610527,000000000301,e78f135624ce,-73,8.258753753,8.512782657,1.841,0.043405781,0.014,-0.999,-0.999,-0.00570289,-0.043405781,-0.00670289,1.0,0.01329711
1581248933.6160738,000000000301,e78f135624ce,-73,8.204094807,8.504,1.834671934,0.045,0.016,-0.999,-0.999,-0.005671934,-0.045,-0.006671934,1.0,0.015328066
1581248934.0700462,000000000301,e78f135624ce,-82,8.148768432,8.493358601,1.831102458,0.049846314,0.016,-0.999,-0.999,-0.006,-0.049846314,-0.007,1.0,0.015948771
1581248934.52307,000000000301,e78f135624ce,-72,8.096363579,8.494,1.825888081,0.050587417,0.016174834,-0.999,-0.999,-0.007587417,-0.050587417,-0.008587417,1.0,0.015762251
1581248934.9790173,000000000301,e78f135624ce,-77,8.04627176,8.504005803,1.826497099,0.050745648,0.014502901,-0.998751451,-0.998751451,-0.007248549,-0.050745648,-0.008,1.0,0.013751451
1581248935.4340513,000000000301,e78f135624ce,-71,7.986792729,8.494210909,1.834789091,0.060789091,0.012,-0.998,-0.998,-0.005105455,-0.060789091,-0.005210909,1.0,0.012
1581248935.8850658,000000000301,e78f135624ce,-72,7.926526195,8.494637814,1.825560364,0.066120729,0.014439636,-0.998,-0.998,-0.008120729,-0.066560364,-0.009120729,1.0,0.014
1581248936.3390439,000000000301,e78f135624ce,-68,7.871638683,8.511957492,1.83010627,0.062042508,0.012978746,-0.998,-0.998,-0.005957492,-0.062042508,-0.006957492,1.0,0.011978746
1581248936.7910428,000000000301,e78f135624ce,-80,7.814218638,8.504978495,1.83834767,0.065,0.010673835,-0.998,-0.998,-0.00565233,-0.065,-0.006326165,1.0,0.01
1581248937.2470078,000000000301,e78f135624ce,-69,7.759251201,8.5052814,1.8457186,0.0582814,0.0086407,-0.998,-0.998,-0.0063593,-0.0582814,-0.007,1.0,0.008
1581248937.2500045,000000000301,e78f135624ce,-70,7.758908723,8.50523859,1.84576141,0.05823859,0.008619295,-0.998,-0.998,-0.006380705,-0.05823859,-0.007,1.0,0.008
1581248937.7061868,000000000301,e78f135624ce,-70,7.707848742,8.501932279,1.847593674,0.049932279,0.009135442,-0.999,-0.999,-0.006,-0.049932279,-0.006067721,1.0,0.009135442
1581248938.1580179,000000000301,e78f135624ce,-75,7.648923925,8.494,1.848,0.044406836,0.008,-0.999,-0.999,-0.007,-0.044406836,-0.008,1.0,0.008
1581248938.6189978,000000000301,e78f135624ce,-67,7.596009431,8.491467815,1.84405494,0.033825748,0.008825748,-0.999,-0.999,-0.007,-0.034532185,-0.008,1.0,0.008825748
1581248939.077009,000000000301,e78f135624ce,-75,7.534038959,8.497138528,1.84234632,0.026,0.008861472,-1.0,-1.0,-0.007,-0.026,-0.007930736,1.0,0.008861472
1581248940.4459867,000000000301,e78f135624ce,-70,7.337250558,8.497089326,1.851,0.022910674,0.003910674,-1.0,-1.0,-0.009089326,-0.022910674,-0.009089326,1.0,0.003
1581248940.9040205,000000000301,e78f135624ce,-65,7.275902797,8.498,1.845634266,0.025121911,0.008121911,-1.0,-1.0,-0.006,-0.025121911,-0.006,1.0,0.007682867
1581248941.3650014,000000000301,e78f135624ce,-72,7.222934649,8.507764204,1.841292611,0.027707389,0.008471592,-0.999764204,-0.999764204,-0.006764204,-0.027707389,-0.007764204,1.0,0.008235796
1581248943.174986,000000000301,e78f135624ce,-73,6.976550992,8.509264333,1.837678335,0.051,0.009528666,-0.999,-0.999,-0.010264333,-0.051,-0.011,1.0,0.008528666
1581248943.6319873,000000000301,e78f135624ce,-69,6.903830437,8.500377345,1.844981236,0.046490618,0.006132036,-0.999,-0.999,-0.009622655,-0.046490618,-0.010622655,1.0,0.006132036
1581248944.0849588,000000000301,e78f135624ce,-68,6.839201592,8.492973121,1.828147834,0.037053758,0.011959682,-0.999,-0.999,-0.008026879,-0.037053758,-0.009013439,1.0,0.011946242
1581248944.5389545,000000000301,e78f135624ce,-90,6.780877093,8.509163408,1.838,0.026101955,0.007,-0.999632682,-0.999632682,-0.009367318,-0.026101955,-0.009734637,1.0,0.006632682
1581248945.9009516,000000000301,e78f135624ce,-82,6.626109707,8.505013713,1.84747943,0.019493143,0.006506857,-1.0,-1.0,-0.009,-0.02,-0.009506857,1.0,0.006
1581248946.3619432,000000000301,e78f135624ce,-69,6.578385213,8.506908948,1.853030351,0.017891829,0.005861479,-1.0,-0.95511909,-0.008584436,-0.018722957,-0.008584436,0.95511909,0.006
1581248946.813958,000000000301,e78f135624ce,-66,6.61415215,8.585637398,1.864128688,-0.00616957,0.008532172,-0.999,0.291626727,0.009064344,-0.01833914,0.009064344,-0.291626727,-0.004298258
1581248947.2649634,000000000301,e78f135624ce,-67,6.602670998,8.659403131,1.871422622,-0.025496752,0.013167749,-0.999,0.582080626,0.011167749,-0.026664501,0.010583875,-0.583080626,-0.006751624
1581248947.724967,000000000301,e78f135624ce,-86,6.584956504,8.691521748,1.881347815,-0.026521748,0.012739126,-0.999,0.531087248,0.011260874,-0.024652185,0.011130437,-0.532087248,-0.008869563
1581248948.1799407,000000000301,e78f135624ce,-69,6.553109707,8.695296764,1.872756681,-0.030026722,0.012270042,-0.999,0.618703236,0.011243319,-0.030783403,0.010486639,-0.619459916,-0.006756681
1581248948.6319287,000000000301,e78f135624ce,-71,6.499679793,8.705837305,1.854921244,-0.039320207,0.005640415,-0.999,0.692138864,0.009640415,-0.041320207,0.009640415,-0.693138864,-0.003960622
1581248949.0869539,000000000301,e78f135624ce,-68,6.455114517,8.694651713,1.850417944,-0.042512399,0.005069657,-0.998069657,0.73945221,0.01,-0.048651713,0.009930343,-0.74045221,-0.004
1581248949.5469933,000000000301,e78f135624ce,-70,6.414648094,8.688646334,1.847087976,-0.051940762,0.007617595,-0.998,0.850644573,0.012235191,-0.055323167,0.011235191,-0.852026978,-0.005235191
1581248949.997929,000000000301,e78f135624ce,-68,6.374436599,8.677240179,1.857720537,-0.052759821,0.01,-0.998,0.850327697,0.011480358,-0.053759821,0.011240179,-0.851327697,-0.008240179
1581248950.9089484,000000000301,e78f135624ce,-68,6.262887872,8.639257055,1.885186881,-0.030962624,0.016556064,-0.999,0.948299009,0.014962624,-0.030962624,0.014481312,-0.948299009,-0.015556064
1581248951.359919,000000000301,e78f135624ce,-70,6.222357366,8.620101098,1.901559561,-0.031330329,0.01877978,-0.999,0.982550549,0.01711011,-0.030330329,0.01711011,-0.983440439,-0.01888989
1581248951.815907,000000000301,e78f135624ce,-74,6.160710743,8.616790632,1.895104684,-0.031710743,0.017289257,-0.999,0.993763086,0.015236914,-0.031710743,0.015236914,-0.994526171,-0.017289257
1581248952.270901,000000000301,e78f135624ce,-72,6.126496061,8.592084428,1.860583114,-0.026667542,0.011,-0.999,0.946670168,0.013833771,-0.027667542,0.013833771,-0.946670168,-0.009416886
1581248952.726029,000000000301,e78f135624ce,-73,6.049848513,8.608004027,1.875282838,-0.034358581,0.015713135,-0.999,0.982358581,0.017,-0.034358581,0.016071716,-0.983286865,-0.015713135
1581248953.1869798,000000000301,e78f135624ce,-74,5.958954343,8.628247717,1.856743151,-0.041752283,0.01,-0.999,0.993504566,0.015247717,-0.041752283,0.014247717,-0.994504566,-0.010247717
1581248953.6431806,000000000301,e78f135624ce,-76,5.884994026,8.634647474,1.859127105,-0.042549158,0.012838132,-0.999,0.997,0.016225421,-0.041936447,0.015612711,-0.998,-0.013450842
1581248954.0929005,000000000301,e78f135624ce,-71,5.824702535,8.63573655,1.844117089,-0.039912183,0.008058545,-0.999,0.998,0.015970728,-0.039912183,0.015970728,-0.999,-0.009029272
1581248954.5448596,000000000301,e78f135624ce,-72,5.771982256,8.618,1.859607098,-0.034398817,0.012601183,-0.999,0.999,0.016202366,-0.034,0.015601183,-1.0,-0.013
1581248954.9958146,000000000301,e78f135624ce,-70,5.676730426,8.649239134,1.855447827,-0.044895653,0.009,-0.999,0.999,0.016,-0.044895653,0.015223913,-1.0,-0.009223913
1581248955.4569073,000000000301,e78f135624ce,-79,5.613898199,8.650489927,1.862673382,-0.043244963,0.010836691,-0.999,0.999,0.016,-0.042326618,0.015,-1.0,-0.010918346
1581248955.9068985,000000000301,e78f135624ce,-75,5.559874065,8.64736889,1.856174813,-0.040456297,0.007087407,-0.999,0.999,0.015,-0.040456297,0.014,-1.0,-0.008087407
1581248955.9098554,000000000301,e78f135624ce,-65,5.559336452,8.647449532,1.85606729,-0.040483177,0.007033645,-0.999,0.999,0.015,-0.040483177,0.014,-1.0,-0.008033645
1581248956.3608882,000000000301,e78f135624ce,-69,5.502315617,8.649076043,1.853961979,-0.040038021,0.005961979,-0.999,0.999,0.016038021,-0.040038021,0.016,-1.0,-0.006
