1581248844.0214837,000000000202,e78f135624ce,-74,18.001,8.381,1.872,0.021,0.006,-1.002,0.997,0.024,0.021,0.024,-1.002,-0.01
1581248844.9295602,000000000202,e78f135624ce,-78,17.98139583,8.410879166,1.859879166,0.020241668,0.007560417,-1.0,0.309720724,0.010637498,-0.005922919,0.010197915,-0.310720724,0.000120834
1581248845.3864732,000000000202,e78f135624ce,-81,17.937481233,8.420518767,1.868747746,0.021397148,-0.00206081,-1.0,-0.565622354,-0.006686937,-0.016626127,-0.006686937,0.565622354,-0.004831831
1581248845.8414907,000000000202,e78f135624ce,-83,17.902968238,8.44727664,1.902308401,0.011446721,-0.01986168,-1.0,-0.861360652,-0.01372336,-0.010170081,-0.01372336,0.861360652,-0.02086168
1581248846.2995918,000000000202,e78f135624ce,-74,17.883115319,8.457846242,1.906846242,0.011076879,-0.016403901,-1.0,-0.955730923,-0.01548078,-0.010076879,-0.01548078,0.955250143,-0.016923121
1581248846.7535074,000000000202,e78f135624ce,-73,17.867814508,8.479247323,1.929247323,0.001938169,-0.027061831,-1.0,-0.985247323,-0.016,-0.001938169,-0.016,0.985247323,-0.027061831
1581248847.2075002,000000000202,e78f135624ce,-79,17.859719959,8.489280041,1.936400206,0.002159877,-0.026400206,-1.0,-0.995439918,-0.015280041,-0.001159877,-0.015280041,0.994719959,-0.026400206
1581248847.6604745,000000000202,e78f135624ce,-78,17.859384061,8.479927509,1.918927509,0.011304368,-0.011079693,-0.999,-0.998,-0.014,-0.011304368,-0.014,0.998,-0.011079693
1581248848.114536,000000000202,e78f135624ce,-79,17.86605593,8.45494407,1.884552564,0.02494407,0.006167789,-0.999,-0.999,-0.013,-0.02494407,-0.014,0.999,0.005167789
1581248848.5715165,000000000202,e78f135624ce,-84,17.872680096,8.432599519,1.860919423,0.033680096,0.012680096,-0.999,-0.999,-0.013,-0.034360192,-0.014,1.0,0.012360192
1581248849.0275133,000000000202,e78f135624ce,-76,17.877256727,8.415486545,1.84897309,0.039,0.014256727,-0.999,-0.999,-0.013,-0.039,-0.014,1.0,0.013256727
1581248849.4845006,000000000202,e78f135624ce,-74,17.879,8.408187775,1.838187775,0.038,0.016,-0.999,-0.999,-0.013093887,-0.039,-0.014,1.0,0.015906113
1581248849.9405,000000000202,e78f135624ce,-77,17.86559412,8.423135293,1.84189118,0.023864707,0.01140588,-0.999,-0.999,-0.013432353,-0.024432353,-0.013432353,1.0,0.010973526
1581248850.3905444,000000000202,e78f135624ce,-73,17.830166269,8.41161615,1.842283611,0.032100238,0.009083135,-0.999,-0.999,-0.013183373,-0.032916865,-0.013183373,1.0,0.008266508
1581248850.8475344,000000000202,e78f135624ce,-79,17.782396437,8.393,1.842520713,0.031479287,0.009319525,-0.999,-0.999,-0.014,-0.032319525,-0.014840238,1.0,0.009319525
1581248851.297511,000000000202,e78f135624ce,-78,17.709955853,8.403612991,1.850883119,0.021963633,0.005693505,-0.999,-0.999,-0.015,-0.021963633,-0.015,1.0,0.005116881
1581248851.7474926,000000000202,e78f135624ce,-76,17.631849246,8.404006555,1.830921346,0.028019664,0.019039327,-0.999,-0.999,-0.014993445,-0.028019664,-0.015,0.999993445,0.018045882
1581248852.2015188,000000000202,e78f135624ce,-87,17.546994658,8.408604282,1.832737969,0.039438499,0.016609625,-0.998347594,-0.86840106,-0.013652406,-0.042786093,-0.014652406,0.86940106,0.014609625
1581248852.6595623,000000000202,e78f135624ce,-82,17.443428717,8.420406705,1.815966983,0.039615306,0.027022012,-0.998,-0.957626312,-0.013659329,-0.040944971,-0.014329665,0.958285642,0.026022012
1581248854.0225277,000000000202,e78f135624ce,-77,17.121114211,8.45963301,1.858708914,0.024936628,0.007860724,-0.998,-0.527049424,-0.006430362,-0.046645543,-0.007430362,0.527049424,0.000291086
1581248854.4735267,000000000202,e78f135624ce,-79,17.019170761,8.446395281,1.851286792,0.021961323,0.010534906,-0.998,-0.50172172,-0.007178302,-0.04289151,-0.007356604,0.50272172,0.005713208
1581248854.9315164,000000000202,e78f135624ce,-84,16.903533534,8.406973756,1.871002916,0.031513122,0.002,-0.998498542,-0.663393665,-0.012005832,-0.03901458,-0.01250729,0.664393665,-0.001498542
1581248855.3895082,000000000202,e78f135624ce,-78,16.816439533,8.403947585,1.860368962,0.026175403,0.012227818,-0.999,-0.509380956,-0.008350805,-0.032824597,-0.009350805,0.510205553,0.004578623
1581248857.2055774,000000000202,e78f135624ce,-77,16.561034492,8.41793888,1.849478063,0.023443571,0.014443571,-0.999,-0.386959161,-0.006904387,-0.016713162,-0.007904387,0.386959161,0.005713162
1581248857.6665485,000000000202,e78f135624ce,-79,16.515,8.382696292,1.852,0.035219909,0.011,-0.999,-0.174037585,-0.003219909,-0.024015744,-0.003219909,0.175037585,0.000931945
1581248858.1195765,000000000202,e78f135624ce,-81,16.495815464,8.436164032,1.849,0.019979496,0.01,-0.999020504,0.633050398,0.008041008,0.002082016,0.008041008,-0.633050398,-0.006020504
1581248858.5715358,000000000202,e78f135624ce,-78,16.456927649,8.459714901,1.849178725,0.01164255,0.011,-1.0,0.87939578,0.012178725,0.005821275,0.012178725,-0.878985142,-0.009589363
1581248859.0215428,000000000202,e78f135624ce,-83,16.41739268,8.48037092,1.844,-0.00037092,0.009,-1.0,0.96036004,0.013,-0.00224728,0.013,-0.96036004,-0.00812364
1581248859.474522,000000000202,e78f135624ce,-80,16.369218386,8.502019455,1.84,-0.015762159,0.009,-1.0,0.987009727,0.013,-0.016009727,0.012752432,-0.987009727,-0.009
1581248860.3865368,000000000202,e78f135624ce,-81,16.276092528,8.519848755,1.840226868,-0.024848755,0.01,-1.0,0.998075623,0.015075623,-0.024848755,0.015075623,-0.999,-0.010075623
1581248860.8375132,000000000202,e78f135624ce,-78,16.229245877,8.515346788,1.843,-0.022673394,0.010673394,-1.0,0.999,0.016326606,-0.022,0.016,-0.999,-0.011
1581248861.290554,000000000202,e78f135624ce,-85,16.182615192,8.52,1.846,-0.020153798,0.012,-1.0,1.0,0.016,-0.019435865,0.015282067,-1.0,-0.012717933
1581248861.742558,000000000202,e78f135624ce,-77,16.136414798,8.524891169,1.844,-0.015108831,0.011,-1.0,1.0,0.015,-0.015108831,0.015,-1.0,-0.011
1581248862.2005446,000000000202,e78f135624ce,-78,16.096184125,8.530135979,1.84243201,-0.012,0.01,-1.0,1.0,0.01556799,-0.012,0.01556799,-1.0,-0.01
1581248862.65154,000000000202,e78f135624ce,-83,16.052516587,8.529,1.839,-0.008808968,0.009,-1.0,1.0,0.015,-0.008808968,0.015,-1.0,-0.009
1581248863.1038451,000000000202,e78f135624ce,-72,15.999381651,8.510381651,1.839618987,0.003094934,0.008,-1.0,0.737724126,0.010143039,-0.011475948,0.010143039,-0.737724126,-0.006381013
1581248864.0065246,000000000202,e78f135624ce,-80,15.868019539,8.39499023,1.870019539,0.030006978,0.000991626,-0.998,-0.212213537,-0.008002791,-0.028011165,-0.008001396,0.213213537,-0.004008374
1581248864.4625568,000000000202,e78f135624ce,-79,15.814773347,8.404207827,1.844981174,0.02337726,0.009018826,-0.999,-0.066885559,-0.004679217,-0.017056478,-0.004679217,0.067885559,0.004018826
1581248864.9145415,000000000202,e78f135624ce,-80,15.755507486,8.398306015,1.840201471,0.026201471,0.008835829,-0.998708957,-0.121402942,-0.007,-0.021492514,-0.007,0.121693985,0.002544786
1581248865.3715646,000000000202,e78f135624ce,-74,15.689814033,8.43688606,1.861785781,0.012385595,0.003042844,-0.999,-0.174614405,-0.006042844,-0.014342751,-0.006042844,0.175614405,-0.003957156
1581248865.832565,000000000202,e78f135624ce,-74,15.626630733,8.521178231,1.851388475,-0.009598719,0.007203842,-0.999,-0.117400238,-0.005197439,-0.000802561,-0.005197439,0.117400238,0.001203842
1581248866.2885447,000000000202,e78f135624ce,-78,15.57162493,8.450271858,1.840411732,0.021573603,0.012794134,-0.997,-0.280500836,-0.008595601,-0.033978003,-0.008794134,0.281699369,0.006992668
1581248866.7395644,000000000202,e78f135624ce,-82,15.506683496,8.397959426,1.828652837,0.02729576,0.013642922,-0.997,-0.298345334,-0.010193868,-0.047550946,-0.010193868,0.299539202,0.009642922
1581248867.190556,000000000202,e78f135624ce,-74,15.434422483,8.37903359,1.853439277,0.021527133,0.003368217,-0.997456072,-0.240974172,-0.012543928,-0.050175711,-0.012543928,0.241974172,-8.7855e-05
1581248867.6505907,000000000202,e78f135624ce,-79,15.343881838,8.404800583,1.865,0.00178213,-0.002170605,-0.997170605,-0.221976368,-0.013,-0.050805762,-0.013,0.222805762,-0.004
1581248868.1035535,000000000202,e78f135624ce,-85,15.257052381,8.441943805,1.886843812,-0.00357714,-0.011105715,-0.996210476,-0.292275255,-0.015579048,-0.057053334,-0.014579048,0.292854302,-0.010895239
1581248868.5610347,000000000202,e78f135624ce,-81,15.243552184,8.409970115,1.897820919,0.016820919,0.001791035,-0.996402988,-0.258866429,-0.010611954,-0.048194023,-0.010208965,0.259269418,-0.007402988
1581248869.0175464,000000000202,e78f135624ce,-84,15.191957979,8.488523758,1.843852925,0.001210107,0.013049025,-0.996992996,-0.656637323,-0.014007004,-0.012196099,-0.013021011,0.65565133,0.010049025
1581248869.471553,000000000202,e78f135624ce,-79,15.176083978,8.593759482,1.949148801,-0.024221362,-0.015221362,-0.993,-0.526164279,-0.008041989,0.007263351,-0.012041989,0.527511609,-0.026526703
1581248869.9325416,000000000202,e78f135624ce,-86,15.168358684,8.532653519,1.976288734,0.006820658,-0.003820658,-0.996,-0.417039442,-0.006057747,-0.00717324,-0.006705165,0.418686859,-0.021410329
1581248870.3895574,000000000202,e78f135624ce,-81,15.145670983,8.491376848,1.971087738,0.016592231,0.007846459,-0.996978066,-0.445268239,-0.007065803,-0.010614166,-0.007043869,0.446290173,-0.012043869
1581248871.7535546,000000000202,e78f135624ce,-82,15.001101165,8.339303494,1.921179038,0.033101165,-0.000898835,-0.997,-0.523836256,-0.011202329,-0.025202329,-0.010303494,0.525735092,-0.008291848
1581248872.208551,000000000202,e78f135624ce,-75,14.944395114,8.290024429,1.933763269,0.040474306,-0.007105308,-0.995894692,-0.70955181,-0.014,-0.036947768,-0.014,0.712104464,-0.009552654
1581248872.6675472,000000000202,e78f135624ce,-74,14.919,8.218438602,1.986948964,0.054678627,-0.013762759,-0.996,-0.661927004,-0.014051036,-0.050864831,-0.012813795,0.664689763,-0.022237241
1581248873.1225693,000000000202,e78f135624ce,-68,14.884120485,8.335973198,1.979589024,0.013832674,-0.007471219,-0.992353414,-0.446955839,-0.010235609,-0.028772431,-0.009117805,0.453602425,-0.016235609
1581248873.5795662,000000000202,e78f135624ce,-78,14.807951774,8.471430155,1.938475055,-0.015905211,0.007238359,-0.995,-0.551337029,-0.012571508,0.001000554,-0.010523836,0.553813193,-0.002666297
1581248874.0325193,000000000202,e78f135624ce,-83,14.800550441,8.362907315,1.921348676,0.033767339,0.012023329,-0.994,-0.513658258,-0.011395334,-0.028030895,-0.010263556,0.517658258,-0.001581337
1581248874.49256,000000000202,e78f135624ce,-77,14.7543433,8.340684877,1.876185739,0.032414606,0.011928695,-0.995628522,-0.523802758,-0.012185739,-0.029600345,-0.011,0.524988497,0.006742956
1581248874.9465616,000000000202,e78f135624ce,-76,14.682935291,8.45427327,1.917985565,0.000777004,-0.001158288,-0.997460428,-0.491561475,-0.009079144,-0.012618716,-0.009079144,0.491561475,-0.007381284
1581248875.4026937,000000000202,e78f135624ce,-69,14.643245967,8.554342758,1.976780226,-0.022417346,-0.013508066,-0.991122984,-0.646627059,-0.008877016,0.011786296,-0.011631049,0.650504075,-0.021475802
1581248875.8535702,000000000202,e78f135624ce,-69,14.621397533,8.608748106,1.924288899,-0.022723436,0.0169037,-0.992397533,-0.519231984,-0.006602467,0.018012335,-0.007602467,0.520231984,0.002807401
1581248876.7615588,000000000202,e78f135624ce,-79,14.412596662,8.256570411,1.945429589,0.111459029,-0.008918057,-0.988,-0.899429589,-0.019,-0.113459029,-0.019108194,0.908537783,-0.012026252
1581248877.2139273,000000000202,e78f135624ce,-81,14.333035771,8.179837751,1.898309486,0.115686362,0.006896838,-0.987896838,-0.959861067,-0.019,-0.116686362,-0.020448419,0.969964229,0.003896838
1581248877.6635728,000000000202,e78f135624ce,-80,14.329626621,7.999242809,1.935545685,0.14311097,-0.005464749,-0.986808094,-0.978191906,-0.019808094,-0.14311097,-0.019808094,0.989575719,-0.008464749
1581248878.1205544,000000000202,e78f135624ce,-83,14.180845433,7.984531687,1.867936626,0.167146831,0.017265843,-0.984,-0.981853169,-0.017853169,-0.168,-0.021706337,0.995853169,0.014265843
1581248878.5775793,000000000202,e78f135624ce,-69,14.094675274,8.071861026,1.820687576,0.133100851,0.028537515,-0.987849939,-0.987387454,-0.01607503,-0.134100851,-0.020150061,0.998462485,0.026
1581248879.029722,000000000202,e78f135624ce,-69,14.042899467,8.324030466,1.807050267,0.0217738,0.025949733,-0.995050267,-0.995050267,-0.010025133,-0.0227738,-0.011025133,0.999,0.024949733
1581248879.4835773,000000000202,e78f135624ce,-67,14.015985832,8.450710743,1.802331759,-4.723e-06,0.023331759,-0.998,-0.998668241,-0.008663518,4.723e-06,-0.008663518,0.999668241,0.022663518
1581248880.3925722,000000000202,e78f135624ce,-83,13.974310028,8.52786221,1.812931105,0.015965552,0.019,-0.999,-1.0,-0.012,-0.016931105,-0.012965552,1.0,0.019
1581248880.8435776,000000000202,e78f135624ce,-78,13.956557264,8.52609915,1.816671793,0.027343585,0.018442736,-0.999,-0.999,-0.012557264,-0.027786321,-0.012557264,1.0,0.018
1581248881.3035884,000000000202,e78f135624ce,-80,13.904639696,8.535951452,1.819535777,0.017704426,0.016896081,-0.999551959,-0.99977598,-0.012672061,-0.017704426,-0.012896081,1.0,0.016672061
1581248881.7535865,000000000202,e78f135624ce,-77,13.874533525,8.487533525,1.792889209,0.046177842,0.024822158,-0.998,-0.998,-0.017,-0.047177842,-0.018,1.0,0.023822158
1581248882.6715696,000000000202,e78f135624ce,-84,13.818278667,8.476765037,1.766765037,0.029043704,0.028426222,-0.999,-0.999,-0.018808741,-0.029234963,-0.019808741,0.999,0.027617482
1581248883.1225908,000000000202,e78f135624ce,-76,13.789210552,8.486,1.764803837,0.015200959,0.026,-0.999,-1.0,-0.019598082,-0.015401918,-0.020598082,0.999,0.026
1581248883.574574,000000000202,e78f135624ce,-75,13.757207697,8.492595602,1.766196701,0.010202199,0.026202199,-1.0,-1.0,-0.017,-0.010202199,-0.017,0.9993989,0.0256011
1581248883.577784,000000000202,e78f135624ce,-69,13.757020442,8.492702604,1.766276953,0.010148698,0.026148698,-1.0,-1.0,-0.017,-0.010148698,-0.017,0.999425651,0.025574349
1581248884.0315974,000000000202,e78f135624ce,-68,13.726877715,8.496285332,1.757,0.009877715,0.028,-1.0,-1.0,-0.019959238,-0.010836953,-0.019959238,0.999,0.028
1581248884.4895978,000000000202,e78f135624ce,-72,13.699854473,8.508429105,1.756143658,0.008714553,0.026570895,-1.0,-1.0,-0.019,-0.009,-0.019,0.999,0.026570895
1581248884.9456227,000000000202,e78f135624ce,-77,13.659484606,8.510376283,1.754376283,0.012376283,0.025623717,-1.0,-1.0,-0.019623717,-0.012376283,-0.019623717,0.999,0.025623717
1581248885.406581,000000000202,e78f135624ce,-75,13.608012495,8.500848076,1.750683657,0.018772114,0.025772114,-0.999075962,-1.0,-0.019924038,-0.019772114,-0.019924038,0.999075962,0.025772114
1581248885.8606236,000000000202,e78f135624ce,-73,13.576984063,8.511047812,1.759343958,0.010312084,0.022328021,-1.0,-1.0,-0.019,-0.010312084,-0.019328021,1.0,0.022328021
1581248886.3185933,000000000202,e78f135624ce,-68,13.532680922,8.519159539,1.753130346,0.00842023,0.024289885,-1.0,-1.0,-0.019,-0.00942023,-0.019289885,0.999,0.024
1581248886.7726018,000000000202,e78f135624ce,-73,13.478813387,8.520899256,1.761798513,0.005100744,0.020100744,-1.0,-1.0,-0.017100744,-0.005100744,-0.017100744,1.0,0.020100744
1581248887.2235863,000000000202,e78f135624ce,-68,13.44415598,8.537745728,1.767352563,-9.8291e-05,0.018549146,-1.0,-1.0,-0.016,9.8291e-05,-0.016,1.0,0.018549146
1581248887.678578,000000000202,e78f135624ce,-78,13.398812799,8.546682972,1.754227657,0.002,0.021772343,-1.0,-1.0,-0.019,-0.002227657,-0.019,1.0,0.021772343
1581248888.1335754,000000000202,e78f135624ce,-75,13.339387353,8.540716206,1.752358103,0.012403162,0.020880632,-1.0,-1.0,-0.019,-0.013283794,-0.019,1.0,0.020880632
1581248888.5896063,000000000202,e78f135624ce,-81,13.288595438,8.539404562,1.744038175,0.019519088,0.022,-0.999,-0.999480912,-0.019,-0.019519088,-0.02,1.0,0.021480912
1581248889.0446038,000000000202,e78f135624ce,-71,13.227749505,8.518473476,1.745736738,0.032263262,0.021065816,-0.999,-0.999,-0.016934184,-0.032263262,-0.017,1.0,0.020065816
1581248889.503674,000000000202,e78f135624ce,-74,13.171827741,8.49652455,1.742254092,0.034237725,0.021745908,-0.999,-0.999,-0.011745908,-0.035237725,-0.012,1.0,0.021745908
1581248890.8635798,000000000202,e78f135624ce,-79,13.045031384,8.515,1.756796923,0.028640615,0.018281231,-0.999,-0.999,-0.017640615,-0.028640615,-0.018640615,1.0,0.017921846
1581248891.3146193,000000000202,e78f135624ce,-71,13.007,8.520256559,1.746069555,0.022604332,0.022232611,-0.999,-0.999,-0.018232611,-0.022836943,-0.019232611,1.0,0.022232611
1581248891.7746375,000000000202,e78f135624ce,-74,12.965392519,8.531907165,1.735371338,0.022814331,0.024,-0.999,-0.999,-0.018907165,-0.022907165,-0.019907165,0.999092835,0.023907165
1581248892.2316072,000000000202,e78f135624ce,-76,12.898172072,8.512966854,1.731847673,0.029728491,0.024576164,-0.999,-0.999,-0.017576164,-0.029728491,-0.018576164,0.999423836,0.024
1581248892.6846423,000000000202,e78f135624ce,-68,12.851487191,8.520925522,1.749429791,0.025429791,0.02,-0.999,-0.999,-0.015214896,-0.025429791,-0.016214896,1.0,0.019
1581248893.5886128,000000000202,e78f135624ce,-79,12.812730229,8.556460458,1.775595344,0.006404656,0.012269771,-0.999,-0.210725795,-0.006702328,-0.025,-0.007269771,0.210725795,0.011134885
1581248894.047628,000000000202,e78f135624ce,-84,12.849637115,8.545271869,1.827365246,-0.001,0.011091016,-1.0,0.594193834,0.009273049,-0.011726951,0.009273049,-0.594193834,-0.003364066
1581248894.4976122,000000000202,e78f135624ce,-82,12.838510811,8.549789909,1.866797117,-0.009594234,0.013300721,-0.999300721,0.781047385,0.012699279,-0.015195675,0.012699279,-0.781047385,-0.011
1581248895.403609,000000000202,e78f135624ce,-77,12.755103227,8.559180648,1.895793545,-0.013077421,0.015948386,-0.999974193,0.89701934,0.015025807,-0.015103227,0.015,-0.89701934,-0.014922579
1581248895.862632,000000000202,e78f135624ce,-71,12.729003357,8.5428047,1.903191942,-0.005202014,0.015797986,-1.0,0.966592614,0.016599329,-0.005602686,0.016599329,-0.966592614,-0.015797986
1581248896.769624,000000000202,e78f135624ce,-86,12.666675407,8.513806558,1.932740982,0.002386885,0.018580327,-1.0,0.996613115,0.017386885,0.002386885,0.017386885,-0.995806558,-0.018580327
1581248897.2266126,000000000202,e78f135624ce,-70,12.603514001,8.529500667,1.911507334,-0.003,0.014002667,-1.0,0.999,0.013,-0.003,0.013,-0.998499333,-0.013502
1581248898.1416445,000000000202,e78f135624ce,-68,12.485779983,8.533410765,1.842232296,-0.005,-0.000863078,-1.0,1.0,0.012,-0.005,0.012,-1.0,0.000726156
1581248898.5966065,000000000202,e78f135624ce,-73,12.433102659,8.536907283,1.824731792,-0.009453642,-0.002,-1.0,1.0,0.011546358,-0.009453642,0.011546358,-1.0,0.002
1581248899.0566375,000000000202,e78f135624ce,-80,12.375089606,8.528993157,1.824586184,-0.010248289,0.000917237,-1.0,1.0,0.011082763,-0.010248289,0.011082763,-1.0,-0.000917237
1581248899.5136395,000000000202,e78f135624ce,-81,12.325815363,8.529763073,1.826,-0.01,0.003,-1.0,1.0,0.012,-0.01,0.012,-1.0,-0.003
1581248899.9666152,000000000202,e78f135624ce,-71,12.271241234,8.537535671,1.815848247,-0.013767836,0.001616082,-1.0,1.0,0.01,-0.013767836,0.01,-1.0,-0.001616082
1581248900.4176245,000000000202,e78f135624ce,-73,12.211865739,8.53,1.817035332,-0.012007066,0.003014133,-1.0,1.0,0.010007066,-0.012,0.010007066,-1.0,-0.003014133
1581248900.8696506,000000000202,e78f135624ce,-73,12.149666166,8.521392127,1.818215745,-0.01,0.003607873,-1.0,1.0,0.011607873,-0.01,0.011607873,-1.0,-0.003607873
1581248901.3226283,000000000202,e78f135624ce,-81,12.097623787,8.524080097,1.823216019,-0.011,0.006216019,-1.0,1.0,0.011783981,-0.011,0.011783981,-1.0,-0.006216019
1581248901.7736754,000000000202,e78f135624ce,-68,12.049480208,8.524531473,1.828,-0.007354315,0.008,-1.0,1.0,0.010177158,-0.007354315,0.010177158,-1.0,-0.008
1581248902.6756136,000000000202,e78f135624ce,-74,11.948314786,8.524068521,1.814411129,-0.002931479,0.002137043,-1.0,1.0,0.012068521,-0.002931479,0.012068521,-1.0,-0.002137043
1581248903.1346538,000000000202,e78f135624ce,-80,11.891273609,8.541931598,1.818534201,-0.006,0.004267101,-1.0,1.0,0.011267101,-0.006,0.011267101,-1.0,-0.004267101
1581248903.593646,000000000202,e78f135624ce,-72,11.826741316,8.549173503,1.817,-0.006,0.004,-1.0,1.0,0.011608832,-0.006,0.011608832,-1.0,-0.004
1581248904.0476217,000000000202,e78f135624ce,-76,11.775900792,8.55494658,1.801015263,-0.005977106,-0.000992369,-1.0,1.0,0.009,-0.005977106,0.009992369,-1.0,0.000992369
1581248905.4096663,000000000202,e78f135624ce,-78,11.631703955,8.569117326,1.821941337,-0.011058663,0.003,-1.0,1.0,0.011,-0.011058663,0.011,-1.0,-0.003058663
1581248905.8646786,000000000202,e78f135624ce,-78,11.587621653,8.563837851,1.813,-0.011472975,-0.001,-1.0,1.0,0.008,-0.011472975,0.008472975,-1.0,0.001
1581248906.32364,000000000202,e78f135624ce,-75,11.538844742,8.550846053,1.817692106,-0.011307894,-0.001153947,-1.0,1.0,0.011,-0.011307894,0.011,-1.0,0.001153947
1581248906.782634,000000000202,e78f135624ce,-77,11.491891365,8.549687769,1.820515827,-0.015171942,-0.001828058,-1.0,1.0,0.011171942,-0.015171942,0.011171942,-1.0,0.001828058
1581248907.238658,000000000202,e78f135624ce,-78,11.442776908,8.552513943,1.827,-0.019513943,-0.001513943,-1.0,1.0,0.012486057,-0.019513943,0.012486057,-1.0,0.001
1581248907.6946638,000000000202,e78f135624ce,-82,11.38820421,8.552400902,1.825600601,-0.019600601,-0.003199699,-1.0,1.0,0.012800301,-0.019600601,0.012800301,-1.0,0.003
1581248908.144729,000000000202,e78f135624ce,-70,11.340797069,8.550800209,1.820399581,-0.016,-0.004800209,-1.0,1.0,0.011,-0.016,0.011,-1.0,0.004800209
1581248908.5966394,000000000202,e78f135624ce,-69,11.280828462,8.545910905,1.820089095,-0.008910905,-0.004273937,-1.0,1.0,0.01,-0.008910905,0.01,-1.0,0.004273937
1581248909.049646,000000000202,e78f135624ce,-75,11.218806862,8.551050429,1.818050429,-0.006100858,-0.005,-1.0,1.0,0.01,-0.006100858,0.01,-1.0,0.005
1581248909.504633,000000000202,e78f135624ce,-81,11.152210102,8.562801122,1.808400561,-0.005201684,-0.007400561,-1.0,1.0,0.009,-0.005201684,0.009,-1.0,0.007
1581248909.9576263,000000000202,e78f135624ce,-78,11.093432253,8.56076215,1.814286451,-0.00076215,-0.0034757,-1.0,1.0,0.01023785,-0.00076215,0.01023785,-1.0,0.0034757
1581248910.4116528,000000000202,e78f135624ce,-77,11.040630747,8.556125442,1.815,0.001874558,-0.003,-1.0,1.0,0.011,0.001874558,0.011,-1.0,0.003
1581248910.8626544,000000000202,e78f135624ce,-73,10.988472669,8.547932476,1.823,0.002533762,0.0,-1.0,1.0,0.011,0.002533762,0.011,-1.0,-0.0
1581248912.2286513,000000000202,e78f135624ce,-87,10.82520714,8.539,1.82079916,-0.00339958,-0.00160042,-1.0,1.0,0.009,-0.00339958,0.009,-1.0,0.00160042
1581248912.6836417,000000000202,e78f135624ce,-78,10.76614636,8.534839942,1.824053353,-0.004946647,-0.001,-1.0,1.0,0.009,-0.004946647,0.009,-1.0,0.001
1581248913.1376593,000000000202,e78f135624ce,-72,10.71188082,8.53637306,1.825325388,-0.006023836,-0.002674612,-1.0,1.0,0.011,-0.006023836,0.011,-1.0,0.002674612
1581248913.5906568,000000000202,e78f135624ce,-68,10.654756145,8.546131695,1.819717076,-0.006,-0.005282924,-1.0,1.0,0.010282924,-0.006282924,0.010282924,-1.0,0.005282924
1581248914.0436602,000000000202,e78f135624ce,-68,10.601304578,8.543698944,1.818200704,-0.001,-0.006899648,-1.0,1.0,0.010899648,-0.001,0.010899648,-1.0,0.006899648
1581248915.3966346,000000000202,e78f135624ce,-73,10.443009505,8.544749406,1.816749406,-0.000498812,-0.001250594,-1.0,1.0,0.009501188,-0.000498812,0.009501188,-1.0,0.001250594
1581248915.8546598,000000000202,e78f135624ce,-79,10.384479434,8.549,1.815654965,-0.004345035,0.0,-1.0,1.0,0.011,-0.004345035,0.011,-1.0,0.0
1581248915.8576546,000000000202,e78f135624ce,-79,10.38404383,8.549,1.815627739,-0.004372261,0.0,-1.0,1.0,0.011,-0.004372261,0.011,-1.0,0.0
1581248916.3126497,000000000202,e78f135624ce,-75,10.325434594,8.555,1.816028973,-0.009,0.002028973,-1.0,1.0,0.011,-0.009,0.011,-1.0,-0.002028973
1581248916.768651,000000000202,e78f135624ce,-73,10.27280549,8.551656751,1.818,-0.010656751,0.004,-1.0,1.0,0.012656751,-0.010656751,0.012656751,-1.0,-0.004
1581248917.2218492,000000000202,e78f135624ce,-69,10.226257167,8.543938691,1.826159238,-0.00851831,0.008579619,-0.999677548,0.999677548,0.013612262,-0.00851831,0.013612262,-1.0,-0.009257167
1581248917.6776383,000000000202,e78f135624ce,-76,10.232013321,8.463840151,1.863033302,0.034066604,0.022013321,-0.99899334,0.99899334,0.021,0.034073264,0.022,-0.999,-0.02100666
1581248918.1386604,000000000202,e78f135624ce,-78,10.197338427,8.477278103,1.865383471,0.019188015,0.022691735,-0.998,0.200271858,0.009729338,0.048075206,0.010729338,-0.201271858,-0.007421074
1581248918.5939705,000000000202,e78f135624ce,-76,10.108803495,8.564213623,1.85350428,-0.011743581,0.01775214,-0.999,-0.613760341,-0.00124786,0.033256419,-0.00024786,0.613760341,0.00824786
1581248919.0496721,000000000202,e78f135624ce,-67,10.0274334,8.56624334,1.84048668,-0.011,0.00924334,-1.0,0.310312515,0.00675666,0.00673002,0.00775666,-0.310312515,0.00212167
1581248919.5006735,000000000202,e78f135624ce,-70,9.961127059,8.57,1.829,-0.011492059,0.005,-1.0,0.683713825,0.009492059,-0.004984118,0.009492059,-0.683713825,1.5882e-05
1581248919.9506798,000000000202,e78f135624ce,-66,9.898065147,8.563107492,1.822677524,-0.011214984,0.003892508,-1.0,0.899009771,0.010892508,-0.009214984,0.010892508,-0.899009771,-0.002
1581248920.4076796,000000000202,e78f135624ce,-84,9.829353945,8.564483772,1.818241886,-0.012,0.005,-1.0,0.779858564,0.009,-0.012758114,0.009,-0.779858564,-0.001516228
1581248920.8606527,000000000202,e78f135624ce,-80,9.770140429,8.573366223,1.814633777,-0.019366223,0.004,-1.0,0.928690687,0.01,-0.019366223,0.01,-0.929056911,-0.003
1581248921.310681,000000000202,e78f135624ce,-84,9.693112277,8.576046345,1.819860965,-0.003370759,0.009860965,-1.0,0.060889117,0.00409269,-0.019,0.00409269,-0.060889117,0.005814621
1581248921.7646646,000000000202,e78f135624ce,-74,9.60780698,8.568599683,1.828599683,0.014199365,0.015199365,-1.0,-0.659965099,-0.000400317,-0.021400317,-0.001,0.659965099,0.013799048
1581248922.2196333,000000000202,e78f135624ce,-75,9.530187522,8.560493423,1.834,0.022253288,0.018253288,-0.999746712,-0.892851939,-0.000506577,-0.025,-0.001253288,0.892851939,0.018
1581248922.6806765,000000000202,e78f135624ce,-69,9.460904406,8.560050245,1.83510049,0.022949755,0.018949755,-1.0,-0.966397063,-0.002949755,-0.023949755,-0.002949755,0.966397063,0.018949755
1581248923.132674,000000000202,e78f135624ce,-68,9.395654519,8.547801063,1.833,0.028549734,0.021450266,-0.999,-0.988649202,-0.002549734,-0.028549734,-0.003099468,0.988649202,0.021
1581248923.588665,000000000202,e78f135624ce,-80,9.327791175,8.580293863,1.818719053,-0.017110871,0.011451023,-0.998817008,-0.009664175,-0.002,-0.047463939,-0.002,0.009481183,0.008451023
1581248924.0406744,000000000202,e78f135624ce,-75,9.236406536,8.647595885,1.792601937,-0.067797337,0.004400484,-0.997,0.672973371,-0.005599516,-0.077398063,-0.006399274,-0.676572886,0.002200242
1581248924.493659,000000000202,e78f135624ce,-74,9.117047473,8.466228361,1.783561899,0.065323921,0.018876202,-0.992561899,-0.412543893,-0.017438101,-0.116314303,-0.019876202,0.417420095,0.015876202
1581248924.952686,000000000202,e78f135624ce,-82,9.070877075,8.422212647,1.786860474,0.070401977,0.020877075,-0.995122925,-0.814392092,-0.016508301,-0.086910278,-0.018385376,0.818269167,0.019
1581248925.4126945,000000000202,e78f135624ce,-73,9.05680038,8.46839924,1.80719962,0.04180038,0.017200095,-0.998,-0.940998101,-0.008,-0.046400665,-0.009,0.942998101,0.016200095
1581248926.322678,000000000202,e78f135624ce,-75,8.990345243,8.510856149,1.824942459,0.03302877,0.01402877,-0.999,-0.992942459,-0.00697123,-0.033057541,-0.007,0.993942459,0.013057541
1581248926.7806895,000000000202,e78f135624ce,-72,8.949286887,8.511342623,1.829328689,0.036328689,0.012671311,-0.999,-0.997671311,-0.006671311,-0.036328689,-0.007,0.998,0.012671311
1581248927.240917,000000000202,e78f135624ce,-66,8.907353334,8.509838334,1.833774444,0.039387222,0.011612778,-0.999,-0.999,-0.005,-0.039387222,-0.005387222,0.999,0.011225556
1581248927.698684,000000000202,e78f135624ce,-73,8.863973302,8.511914442,1.834,0.039085558,0.011085558,-0.999,-0.999,-0.005914442,-0.039085558,-0.006914442,1.0,0.011085558
1581248928.153611,000000000202,e78f135624ce,-76,8.820309491,8.502300863,1.827601726,0.043699137,0.014,-0.999,-0.999,-0.007398274,-0.043699137,-0.007699137,1.0,0.013
1581248928.6146703,000000000202,e78f135624ce,-80,8.770477908,8.503,1.835964608,0.042,0.009690261,-0.999,-0.999,-0.004345131,-0.042345131,-0.005,1.0,0.009690261
1581248928.6176589,000000000202,e78f135624ce,-68,8.770043206,8.503,1.835883101,0.042,0.009744599,-0.999,-0.999,-0.0043723,-0.0423723,-0.005,1.0,0.009744599
1581248929.0716944,000000000202,e78f135624ce,-63,8.714501155,8.503821016,1.835,0.04110739,0.010964203,-0.999,-0.999,-0.004035797,-0.04110739,-0.004071594,1.0,0.010964203
1581248929.9786735,000000000202,e78f135624ce,-73,8.613803239,8.516475428,1.832,0.033508191,0.01,-0.999,-0.999,-0.005754095,-0.033508191,-0.006,1.0,0.01
1581248930.8926566,000000000202,e78f135624ce,-77,8.514404931,8.527450411,1.829351233,0.032,0.013099178,-0.999,-0.999,-0.006,-0.032,-0.006,1.0,0.012549589
1581248931.346692,000000000202,e78f135624ce,-68,8.46866828,8.523166551,1.832,0.035,0.011166551,-0.999,-0.999,-0.006,-0.035,-0.006166551,1.0,0.011
1581248931.8007,000000000202,e78f135624ce,-68,8.416600596,8.522200046,1.831800183,0.036799954,0.013599908,-0.999,-0.999,-0.005,-0.036799954,-0.006,1.0,0.013599908
1581248932.2537217,000000000202,e78f135624ce,-70,8.360982665,8.523,1.836754334,0.038,0.012122833,-0.999,-0.999,-0.005,-0.038,-0.005,1.0,0.012122833
1581248932.7077067,000000000202,e78f135624ce,-72,8.308899914,8.529661512,1.843,0.036253866,0.011,-0.999,-0.999,-0.005084622,-0.036253866,-0.005169244,1.0,0.011
1581248933.159705,000000000202,e78f135624ce,-75,8.258933457,8.512850046,1.841,0.043383318,0.014,-0.999,-0.999,-0.005691659,-0.043383318,-0.006691659,1.0,0.013308341
1581248933.6146832,000000000202,e78f135624ce,-74,8.204303412,8.504,1.834683523,0.045,0.016,-0.999,-0.999,-0.005683523,-0.045,-0.006683523,1.0,0.015316477
1581248933.6177347,000000000202,e78f135624ce,-73,8.203845683,8.504,1.834658094,0.045,0.016,-0.999,-0.999,-0.005658094,-0.045,-0.006658094,1.0,0.015341906
1581248934.0687041,000000000202,e78f135624ce,-72,8.148923284,8.493430866,1.831123105,0.049815343,0.016,-0.999,-0.999,-0.006,-0.049815343,-0.007,1.0,0.015938448
1581248934.5217013,000000000202,e78f135624ce,-74,8.096500455,8.494,1.825961783,0.050576888,0.016153776,-0.999,-0.999,-0.007576888,-0.050576888,-0.008576888,1.0,0.015730664
1581248934.9806793,000000000202,e78f135624ce,-75,8.046079989,8.503954664,1.826522668,0.050784002,0.014477332,-0.998738666,-0.998738666,-0.007261334,-0.050784002,-0.008,1.0,0.013738666
1581248936.3377304,000000000202,e78f135624ce,-74,7.87184167,8.511981373,1.830046568,0.062018627,0.012990686,-0.998,-0.998,-0.005981373,-0.062018627,-0.006981373,1.0,0.011990686
1581248936.7896945,000000000202,e78f135624ce,-73,7.814372725,8.505007386,1.838328409,0.065,0.010664205,-0.998,-0.998,-0.005671591,-0.065,-0.006335795,1.0,0.01
1581248937.7047064,000000000202,e78f135624ce,-82,7.708028498,8.501942853,1.847657117,0.049942853,0.009114294,-0.999,-0.999,-0.006,-0.049942853,-0.006057147,1.0,0.009114294
1581248938.1607254,000000000202,e78f135624ce,-77,7.648579336,8.494,1.848,0.044308382,0.008,-0.999,-0.999,-0.007,-0.044308382,-0.008,1.0,0.008
1581248938.6177053,000000000202,e78f135624ce,-78,7.596209176,8.491409066,1.843972692,0.033872747,0.008872747,-0.999,-0.999,-0.007,-0.034590934,-0.008,1.0,0.008872747
1581248939.0757127,000000000202,e78f135624ce,-75,7.534177847,8.497157046,1.842392616,0.026,0.008842954,-1.0,-1.0,-0.007,-0.026,-0.007921477,1.0,0.008842954
1581248939.5367596,000000000202,e78f135624ce,-86,7.470531435,8.507694788,1.841768404,0.018152606,0.007615798,-1.0,-1.0,-0.009384202,-0.018152606,-0.009384202,1.0,0.007231596
1581248939.988732,000000000202,e78f135624ce,-75,7.405058306,8.499,1.844739068,0.02,0.005753644,-1.0,-1.0,-0.007,-0.02,-0.007,1.0,0.005753644
1581248940.902732,000000000202,e78f135624ce,-71,7.276096095,8.498,1.845698698,0.025100434,0.008100434,-1.0,-1.0,-0.006,-0.025100434,-0.006,1.0,0.007650651
1581248941.3637345,000000000202,e78f135624ce,-77,7.223071903,8.507774762,1.841324285,0.027675715,0.008450476,-0.999774762,-0.999774762,-0.006774762,-0.027675715,-0.007774762,1.0,0.008225238
1581248941.8166764,000000000202,e78f135624ce,-76,7.168465173,8.506616293,1.845383707,0.03653778,0.006308147,-0.999,-0.999,-0.008691853,-0.03653778,-0.008691853,1.0,0.006308147
1581248942.2677464,000000000202,e78f135624ce,-72,7.108078684,8.515469543,1.839939086,0.042408629,0.009530457,-0.999,-0.999,-0.008060914,-0.042408629,-0.008530457,1.0,0.009
1581248943.6307182,000000000202,e78f135624ce,-80,6.904031378,8.50036677,1.845065843,0.046532922,0.006100309,-0.999,-0.999,-0.00963323,-0.046532922,-0.01063323,1.0,0.006100309
1581248944.0847125,000000000202,e78f135624ce,-75,6.83923001,8.492969332,1.828168674,0.037061336,0.011953998,-0.999,-0.999,-0.008030668,-0.037061336,-0.009015334,1.0,0.011938664
1581248944.5377126,000000000202,e78f135624ce,-83,6.781029945,8.509115642,1.838,0.026130615,0.007,-0.999623128,-0.999623128,-0.009376872,-0.026130615,-0.009753743,1.0,0.006623128
1581248944.9967494,000000000202,e78f135624ce,-76,6.725995644,8.494383945,1.844156192,0.026691973,0.006383945,-1.0,-1.0,-0.008308027,-0.026691973,-0.008308027,1.0,0.006075918
1581248945.4507418,000000000202,e78f135624ce,-78,6.676497004,8.507850899,1.845298202,0.0200497,0.0059503,-1.0,-1.0,-0.011900599,-0.0200497,-0.011900599,1.0,0.005900599
1581248945.9027305,000000000202,e78f135624ce,-73,6.625850967,8.504981371,1.847527944,0.019509315,0.006490685,-1.0,-1.0,-0.009,-0.02,-0.009490685,1.0,0.006
1581248946.8127224,000000000202,e78f135624ce,-79,6.613931528,8.585699172,1.864058089,-0.006213694,0.008514522,-0.999,0.289499929,0.009029044,-0.018427389,0.009029044,-0.289499929,-0.004271783
1581248947.2637355,000000000202,e78f135624ce,-77,6.602741161,8.659183872,1.871519096,-0.025444129,0.01318529,-0.999,0.582036774,0.01118529,-0.026629419,0.010592645,-0.583036774,-0.006777935
1581248947.7237172,000000000202,e78f135624ce,-80,6.58502792,8.69148604,1.88139245,-0.02648604,0.01275698,-0.999,0.529917802,0.01124302,-0.02460755,0.01112151,-0.530917802,-0.00887849
1581248948.1817527,000000000202,e78f135624ce,-79,6.552763783,8.695412072,1.872773153,-0.030092613,0.01231946,-0.999,0.618587928,0.011226847,-0.030865766,0.010453694,-0.619361081,-0.006773153
1581248948.6337502,000000000202,e78f135624ce,-73,6.499663233,8.705622035,1.855020599,-0.039336767,0.005673533,-0.999,0.693645757,0.009673533,-0.041336767,0.009673533,-0.694645757,-0.0040103
1581248949.0867338,000000000202,e78f135624ce,-81,6.455139667,8.694643854,1.850427375,-0.042501396,0.005071229,-0.998071229,0.739304455,0.01,-0.048643854,0.009928771,-0.740304455,-0.004
1581248949.5457456,000000000202,e78f135624ce,-78,6.41484004,8.688511972,1.84703999,-0.051863984,0.007607998,-0.998,0.850183905,0.012215996,-0.055255986,0.011215996,-0.851575907,-0.005215996
1581248949.9967337,000000000202,e78f135624ce,-70,6.374611316,8.677230983,1.85769295,-0.052769017,0.01,-0.998,0.849932286,0.011461967,-0.053769017,0.011230983,-0.850932286,-0.008230983
1581248950.4577372,000000000202,e78f135624ce,-73,6.312167412,8.666327355,1.865298953,-0.042074738,0.011,-0.999,0.852801189,0.013074738,-0.043,0.013074738,-0.853801189,-0.009149477
1581248950.911749,000000000202,e78f135624ce,-77,6.262747848,8.638953671,1.885420253,-0.030915949,0.016626076,-0.999,0.948672405,0.014915949,-0.030915949,0.014457975,-0.948672405,-0.015626076
1581248951.3617575,000000000202,e78f135624ce,-77,6.221989676,8.620254301,1.901498279,-0.03137629,0.01874914,-0.999,0.982627151,0.01712543,-0.03037629,0.01712543,-0.983501721,-0.01887457
1581248952.2697504,000000000202,e78f135624ce,-71,6.126655375,8.592040173,1.860591965,-0.026632139,0.011,-0.999,0.946528555,0.013816069,-0.027632139,0.013816069,-0.946528555,-0.009408035
1581248952.72478,000000000202,e78f135624ce,-81,6.050136705,8.607869537,1.875378902,-0.034310549,0.015751561,-0.999,0.982310549,0.017,-0.034310549,0.01606211,-0.983248439,-0.015751561
1581248953.644754,000000000202,e78f135624ce,-72,5.884587583,8.634804807,1.858995995,-0.042601602,0.012798798,-0.999,0.997,0.016199199,-0.042002003,0.015599599,-0.998,-0.013398398
1581248955.4557738,000000000202,e78f135624ce,-77,5.614002098,8.650546599,1.862635601,-0.043273299,0.0108178,-0.999,0.999,0.016,-0.042364399,0.015,-1.0,-0.0109089
1581248955.458744,000000000202,e78f135624ce,-66,5.613729828,8.650398088,1.862734608,-0.043199044,0.010867304,-0.999,0.999,0.016,-0.042265392,0.015,-1.0,-0.010933652
1581248955.9067504,000000000202,e78f135624ce,-71,5.559900985,8.647364852,1.856180197,-0.040454951,0.007090098,-0.999,0.999,0.015,-0.040454951,0.014,-1.0,-0.008090098
1581248956.3597786,000000000202,e78f135624ce,-71,5.502497188,8.649055868,1.853972066,-0.040027934,0.005972066,-0.999,0.999,0.016027934,-0.040027934,0.016,-1.0,-0.006
1581248956.8177762,000000000202,e78f135624ce,-65,5.447005244,8.650721931,1.867946484,-0.039,0.009834207,-0.999,0.999,0.018834207,-0.039,0.018556138,-1.0,-0.010556138
1581248957.271891,000000000202,e78f135624ce,-64,5.385962945,8.653547625,1.864240736,-0.038576722,0.007817458,-0.999,0.999,0.018605819,-0.038182542,0.017605819,-1.0,-0.008817458
1581248957.7277849,000000000202,e78f135624ce,-73,5.308100732,8.672712226,1.862446047,-0.040158272,0.006762591,-0.999,0.999,0.018,-0.040158272,0.018,-1.0,-0.007762591
1581248958.1837451,000000000202,e78f135624ce,-72,5.239494639,8.687,1.857202144,-0.037898928,0.006101072,-0.999,0.999,0.018700357,-0.037898928,0.018,-1.0,-0.006101072
1581248958.6367915,000000000202,e78f135624ce,-71,5.180256387,8.684820516,1.855452989,-0.028,0.005726495,-0.999,0.999,0.018,-0.028,0.018,-1.0,-0.005726495
1581248959.0897954,000000000202,e78f135624ce,-70,5.130570264,8.675241579,1.856,-0.019241579,0.007,-1.0,1.0,0.018,-0.019241579,0.01787921,-1.0,-0.00712079
1581248959.5467825,000000000202,e78f135624ce,-67,5.064836131,8.674921898,1.856382847,-0.020460949,0.007921898,-1.0,1.0,0.017,-0.020460949,0.017,-1.0,-0.008460949
1581248959.997783,000000000202,e78f135624ce,-67,5.000054418,8.678513605,1.858351473,-0.022675736,0.009675736,-1.0,1.0,0.017837868,-0.022675736,0.017,-1.0,-0.009675736
1581248960.4487593,000000000202,e78f135624ce,-69,4.952493312,8.672534225,1.854630212,-0.024301338,0.007698662,-1.0,0.999232887,0.018232887,-0.023534225,0.018232887,-1.0,-0.007698662
1581248960.9037726,000000000202,e78f135624ce,-70,4.826742198,8.662625539,1.862802208,-0.008724436,0.003745559,-0.999,0.132252033,0.000254441,-0.028961114,0.000254441,-0.132252033,-0.003469995
1581248961.3587446,000000000202,e78f135624ce,-65,4.750422363,8.621779139,1.841660213,-0.001813117,0.009084947,-0.999,0.009344924,-0.000101936,-0.041,-0.000118925,-0.009344924,0.001118925
1581248961.8117738,000000000202,e78f135624ce,-67,4.693382526,8.664852423,1.824617474,-0.00858058,0.011691263,-0.999,-0.268227242,-0.006382526,-0.026345631,-0.006382526,0.268227242,0.004691263
1581248962.2647789,000000000202,e78f135624ce,-72,4.592242783,8.607878608,1.810292869,0.008949914,0.014121392,-0.999,-0.352555148,-0.009121392,-0.036414261,-0.009121392,0.352555148,0.008414261
1581248962.7178366,000000000202,e78f135624ce,-77,4.547813008,8.631300074,1.847965262,-0.012334812,0.000369549,-0.999,-0.134226164,-0.005,-0.027517369,-0.005,0.134226164,-0.00285218
1581248963.1685746,000000000202,e78f135624ce,-81,4.468906564,8.598827027,1.800172973,-0.006124582,0.013062291,-0.999,-0.364190218,-0.009515573,-0.017359846,-0.01,0.364190218,0.011546718
1581248963.623755,000000000202,e78f135624ce,-78,4.402437167,8.610573773,1.803415288,-0.008431697,0.008573773,-0.999,-0.382754137,-0.008715848,-0.000715848,-0.008715848,0.382754137,0.007289621
1581248964.073761,000000000202,e78f135624ce,-73,4.356815022,8.615465778,1.846705511,-0.002746578,0.002013689,-1.0,-0.276376978,-0.006493156,-0.001746578,-0.006493156,0.276376978,-0.003493156
1581248964.5342643,000000000202,e78f135624ce,-78,4.316885515,8.647626182,1.863572424,-0.008542061,0.003328273,-1.0,-0.168968393,-0.004114485,-0.010114485,-0.004114485,0.168968393,-0.005114485
