1581248844.0176668,000000000102,e78f135624ce,-79,18.001,8.381,1.872,0.021,0.006,-1.002,0.997,0.024,0.021,0.024,-1.002,-0.01
1581248844.471516,000000000102,e78f135624ce,-78,17.999,8.395065224,1.869233694,0.015350541,0.006116847,-1.001,0.998,0.023,0.015350541,0.023883153,-1.001,-0.008233694
1581248844.9294956,000000000102,e78f135624ce,-80,17.9814008,8.41088016,1.85988016,0.02023968,0.00755992,-1.0,0.309862869,0.01064048,-0.00591944,0.0102004,-0.310862869,0.00011984
1581248845.384468,000000000102,e78f135624ce,-85,17.937650895,8.420349105,1.86856266,0.021505115,-0.001921995,-1.0,-0.563694375,-0.006640665,-0.01671867,-0.006640665,0.563694375,-0.00470844
1581248845.8415172,000000000102,e78f135624ce,-77,17.902966554,8.447276158,1.902309604,0.011447683,-0.019861921,-1.0,-0.8613722,-0.013723842,-0.010171525,-0.013723842,0.8613722,-0.020861921
1581248846.748465,000000000102,e78f135624ce,-79,17.867952026,8.479063966,1.929063966,0.001984009,-0.027015991,-1.0,-0.985063966,-0.016,-0.001984009,-0.016,0.985063966,-0.027015991
1581248847.2068777,000000000102,e78f135624ce,-88,17.859715512,8.489284488,1.936422438,0.002146537,-0.026422438,-1.0,-0.995431025,-0.015284488,-0.001146537,-0.015284488,0.994715512,-0.026422438
1581248848.5715013,000000000102,e78f135624ce,-82,17.872679957,8.432600213,1.860920255,0.033679957,0.012679957,-0.999,-0.999,-0.013,-0.034359915,-0.014,1.0,0.012359915
1581248849.4794843,000000000102,e78f135624ce,-78,17.879,8.408264949,1.838264949,0.038,0.016,-0.999,-0.999,-0.013132474,-0.039,-0.014,1.0,0.015867526
1581248849.9404943,000000000102,e78f135624ce,-78,17.865594384,8.423135205,1.841891576,0.023864795,0.011405616,-0.999,-0.999,-0.013432397,-0.024432397,-0.013432397,1.0,0.010973218
1581248850.3904934,000000000102,e78f135624ce,-72,17.830170194,8.411621252,1.842280864,0.032097884,0.009085097,-0.999,-0.999,-0.013182981,-0.032914903,-0.013182981,1.0,0.008268078
1581248850.8465598,000000000102,e78f135624ce,-87,17.782518269,8.393,1.842496346,0.031503654,0.009335769,-0.999,-0.999,-0.014,-0.032335769,-0.014832115,1.0,0.009335769
1581248851.2974901,000000000102,e78f135624ce,-78,17.709959175,8.403614389,1.850883993,0.021962409,0.005692805,-0.999,-0.999,-0.015,-0.021962409,-0.015,1.0,0.005116007
1581248851.7475185,000000000102,e78f135624ce,-78,17.631844265,8.404006771,1.830918747,0.028020313,0.019040627,-0.999,-0.999,-0.014993229,-0.028020313,-0.015,0.999993229,0.018047398
1581248852.200619,000000000102,e78f135624ce,-71,17.547153851,8.40873579,1.832772576,0.039327756,0.016581939,-0.998354515,-0.868110358,-0.013645485,-0.042682271,-0.014645485,0.869110358,0.014581939
1581248852.6565223,000000000102,e78f135624ce,-80,17.444036731,8.420874409,1.815756516,0.039287914,0.027162323,-0.998,-0.957369075,-0.013612559,-0.040594194,-0.01430628,0.957981634,0.026162323
1581248853.563492,000000000102,e78f135624ce,-85,17.234860022,8.433461366,1.829461366,0.03787794,0.01787794,-0.997556551,-0.598318029,-0.008443449,-0.051886898,-0.009886898,0.599318029,0.012321389
1581248854.0224705,000000000102,e78f135624ce,-76,17.121129469,8.459638255,1.858711776,0.024932337,0.007858816,-0.998,-0.526985051,-0.006429408,-0.046644112,-0.007429408,0.526985051,0.000288224
1581248854.473633,000000000102,e78f135624ce,-77,17.01914704,8.446402643,1.851290063,0.021952325,0.010532452,-0.998,-0.501635834,-0.007177484,-0.042887421,-0.007354968,0.502635834,0.005709937
1581248854.9314845,000000000102,e78f135624ce,-80,16.903539187,8.406969332,1.871003408,0.031515334,0.002,-0.998498296,-0.663460019,-0.012006815,-0.039017038,-0.012508519,0.664460019,-0.001498296
1581248856.292435,000000000102,e78f135624ce,-74,16.673854207,8.452529398,1.863452677,0.010572897,0.00659847,-0.999,-0.226056401,-0.003299235,-0.011572897,-0.004299235,0.22638121,0.000248088
1581248856.7424352,000000000102,e78f135624ce,-85,16.623917407,8.412592264,1.856898066,0.030203868,0.011,-0.999,-0.279430728,-0.006203868,-0.02550967,-0.006305802,0.279430728,0.002203868
1581248857.2044318,000000000102,e78f135624ce,-75,16.561214515,8.418094354,1.849600806,0.023386291,0.014386291,-0.999,-0.385322589,-0.006879839,-0.016639516,-0.007879839,0.385322589,0.005639516
1581248857.6654868,000000000102,e78f135624ce,-71,16.515,8.382574958,1.852,0.035257826,0.011,-0.999,-0.176699361,-0.003257826,-0.024121912,-0.003257826,0.177699361,0.000954695
1581248858.566649,000000000102,e78f135624ce,-77,16.457460762,8.459359492,1.849089873,0.011820254,0.011,-1.0,0.877707588,0.012089873,0.005910127,0.012089873,-0.877252525,-0.009544937
1581248859.017653,000000000102,e78f135624ce,-84,16.417814075,8.480273675,1.844,-0.000273675,0.009,-1.0,0.960003475,0.013,-0.00218245,0.013,-0.960003475,-0.008091225
1581248859.470469,000000000102,e78f135624ce,-74,16.369623697,8.501770033,1.84,-0.01560627,0.009,-1.0,0.986885016,0.013,-0.015885016,0.012721254,-0.986885016,-0.009
1581248859.9284675,000000000102,e78f135624ce,-86,16.322222008,8.516398166,1.836796332,-0.023398166,0.008398166,-1.0,0.995398166,0.013,-0.023398166,0.013,-0.995796332,-0.008796332
1581248860.3854547,000000000102,e78f135624ce,-77,16.276192422,8.519865404,1.840201895,-0.024865404,0.01,-1.0,0.998067298,0.015067298,-0.024865404,0.015067298,-0.999,-0.010067298
1581248860.3884244,000000000102,e78f135624ce,-72,16.275918292,8.519819715,1.840270427,-0.024819715,0.01,-1.0,0.998090142,0.015090142,-0.024819715,0.015090142,-0.999,-0.010090142
1581248860.8384743,000000000102,e78f135624ce,-73,16.229141762,8.515362806,1.843,-0.022681403,0.010681403,-1.0,0.999,0.016318597,-0.022,0.016,-0.999,-0.011
1581248861.2904308,000000000102,e78f135624ce,-74,16.182627518,8.52,1.846,-0.02015688,0.012,-1.0,1.0,0.016,-0.01943792,0.01528104,-1.0,-0.01271896
1581248861.7415526,000000000102,e78f135624ce,-71,16.136515339,8.524883435,1.844,-0.015116565,0.011,-1.0,1.0,0.015,-0.015116565,0.015,-1.0,-0.011
1581248862.197455,000000000102,e78f135624ce,-76,16.096469325,8.530088446,1.842455777,-0.012,0.01,-1.0,1.0,0.015544223,-0.012,0.015544223,-1.0,-0.01
1581248863.1005208,000000000102,e78f135624ce,-78,16.000018803,8.511018803,1.839563582,0.002817912,0.008,-1.0,0.746699664,0.010309253,-0.011254329,0.010309253,-0.746699664,-0.006436418
1581248863.5524309,000000000102,e78f135624ce,-80,15.937379181,8.431566912,1.848860597,0.029096655,0.006284386,-0.997618959,0.03187731,-0.000667287,-0.030096655,-0.001286246,-0.03087731,-0.002953532
1581248864.0054946,000000000102,e78f135624ce,-76,15.868130459,8.394934771,1.870130459,0.030046592,0.000944089,-0.998,-0.213425729,-0.008018637,-0.028074548,-0.008009318,0.214425729,-0.004055911
1581248864.4624345,000000000102,e78f135624ce,-71,15.814789341,8.404189011,1.844978352,0.023383846,0.009021648,-0.999,-0.066968353,-0.004681099,-0.017064945,-0.004681099,0.067968353,0.004021648
1581248864.9145553,000000000102,e78f135624ce,-76,15.75550621,8.398303569,1.840202641,0.026202641,0.008835403,-0.998708851,-0.121405282,-0.007,-0.02149379,-0.007,0.121696431,0.002544254
1581248865.3704548,000000000102,e78f135624ce,-83,15.689989758,8.436645594,1.861739537,0.012468833,0.003052093,-0.999,-0.174531167,-0.006052093,-0.01441674,-0.006052093,0.175531167,-0.003947907
1581248865.8284428,000000000102,e78f135624ce,-80,15.627530135,8.520541154,1.851051199,-0.009561244,0.007316267,-0.999,-0.111554122,-0.005122489,-0.000877511,-0.005122489,0.111554122,0.001316267
1581248866.2874553,000000000102,e78f135624ce,-77,15.571793282,8.450757108,1.840490956,0.021395348,0.012754522,-0.997,-0.278480613,-0.008565891,-0.033829457,-0.008754522,0.279669244,0.006943152
1581248867.1904716,000000000102,e78f135624ce,-75,15.434435143,8.379020327,1.853445306,0.021534367,0.003366408,-0.997455469,-0.241056161,-0.012544531,-0.050178122,-0.012544531,0.242056161,-8.9061e-05
1581248867.6508,000000000102,e78f135624ce,-82,15.343836981,8.404851421,1.865,0.001762692,-0.002172101,-0.997172101,-0.221967396,-0.013,-0.050795296,-0.013,0.222795296,-0.004
1581248868.102435,000000000102,e78f135624ce,-85,15.257103218,8.442665696,1.886498118,-0.00394317,-0.011014208,-0.996220644,-0.289824892,-0.015558713,-0.05691099,-0.014558713,0.290383605,-0.010793564
1581248868.5606823,000000000102,e78f135624ce,-75,15.24360344,8.41000215,1.897798495,0.016798495,0.001800645,-0.996399785,-0.258152053,-0.01059914,-0.04820043,-0.010199355,0.258551838,-0.007399785
1581248869.020544,000000000102,e78f135624ce,-83,15.191808097,8.486825096,1.843328338,0.001959516,0.013223887,-0.996968016,-0.658910533,-0.014031984,-0.012895549,-0.013095952,0.657974501,0.010223887
1581248869.471438,000000000102,e78f135624ce,-78,15.176089293,8.593723163,1.949116025,-0.024214276,-0.015214276,-0.993,-0.526259062,-0.008044647,0.007258922,-0.012044647,0.527607277,-0.026517845
1581248869.9324749,000000000102,e78f135624ce,-78,15.1683669,8.532662763,1.976281031,0.00681655,-0.00381655,-0.996,-0.417011712,-0.006056206,-0.007168619,-0.006704137,0.418659643,-0.021408275
1581248871.7533822,000000000102,e78f135624ce,-72,15.001102491,8.339307472,1.92115517,0.033102491,-0.000897509,-0.997,-0.523991395,-0.011204981,-0.025204981,-0.010307472,0.525888904,-0.008282566
1581248872.208394,000000000102,e78f135624ce,-80,14.944374599,8.290127004,1.933757235,0.040440516,-0.007102894,-0.995897106,-0.70959646,-0.014,-0.036926046,-0.014,0.712147907,-0.009551447
1581248873.1194031,000000000102,e78f135624ce,-74,14.884595415,8.331487745,1.979720949,0.015363005,-0.007576759,-0.992432569,-0.449409645,-0.010288379,-0.030065297,-0.00914419,0.455977076,-0.016288379
1581248873.5784035,000000000102,e78f135624ce,-73,14.808174638,8.470848771,1.938891714,-0.015740485,0.007141462,-0.995,-0.549980466,-0.012542439,0.00079707,-0.010514146,0.552466319,-0.002801953
1581248874.0323899,000000000102,e78f135624ce,-76,14.800562309,8.362981755,1.921313074,0.033744683,0.012039512,-0.994,-0.513513693,-0.011392098,-0.028006082,-0.010261398,0.517513693,-0.00156839
1581248874.4924061,000000000102,e78f135624ce,-80,14.754364593,8.340644658,1.876186922,0.032429984,0.011934609,-0.995626156,-0.523935246,-0.012186922,-0.029616906,-0.011,0.525122167,0.006747687
1581248874.9444118,000000000102,e78f135624ce,-80,14.683117199,8.453760621,1.917770583,0.000892763,-0.001224436,-0.997443891,-0.493049811,-0.009112218,-0.012668327,-0.009112218,0.493049811,-0.007331673
1581248875.3984106,000000000102,e78f135624ce,-76,14.643180072,8.555858346,1.975231689,-0.023109245,-0.013639856,-0.991090036,-0.650745507,-0.008909964,0.012379353,-0.011729892,0.654655471,-0.021080431
1581248875.8493977,000000000102,e78f135624ce,-79,14.621321668,8.610227471,1.923947507,-0.023444153,0.017017498,-0.992321668,-0.523290754,-0.006678332,0.018391659,-0.007678332,0.524290754,0.003034996
1581248876.3094509,000000000102,e78f135624ce,-73,14.511902034,8.502827257,1.887916233,0.032395647,0.010297681,-0.993106957,-0.712516803,-0.013893043,-0.036800285,-0.014893043,0.717707527,0.007
1581248876.7614152,000000000102,e78f135624ce,-75,14.412621267,8.256604242,1.945395758,0.111453903,-0.008907805,-0.988,-0.899395758,-0.019,-0.113453903,-0.019109219,0.908504977,-0.012017025
1581248877.2124233,000000000102,e78f135624ce,-81,14.333132453,8.180600465,1.898245031,0.115439286,0.006918323,-0.987918323,-0.95978587,-0.019,-0.116439286,-0.020459161,0.969867547,0.003918323
1581248877.66339,000000000102,e78f135624ce,-72,14.329663195,7.999281994,1.935569197,0.143096602,-0.005475199,-0.9868094,-0.9781906,-0.0198094,-0.143096602,-0.0198094,0.989571801,-0.008475199
1581248878.1197371,000000000102,e78f135624ce,-78,14.181090623,7.984457387,1.868085226,0.167154261,0.017228693,-0.984,-0.981845739,-0.017845739,-0.168,-0.021691477,0.995845739,0.014228693
1581248879.4793856,000000000102,e78f135624ce,-81,14.016276022,8.44980793,1.802364002,9.2007e-05,0.023364002,-0.998,-0.998635998,-0.008728005,-9.2007e-05,-0.008728005,0.999635998,0.022728005
1581248879.9333668,000000000102,e78f135624ce,-80,13.998743946,8.508102074,1.801282007,0.00684602,0.022,-0.999,-0.999,-0.009282007,-0.007564013,-0.01,1.0,0.022
1581248880.3923895,000000000102,e78f135624ce,-69,13.974323725,8.527856122,1.812928061,0.015964031,0.019,-0.999,-1.0,-0.012,-0.016928061,-0.012964031,1.0,0.019
1581248880.8434846,000000000102,e78f135624ce,-88,13.956556489,8.526104574,1.816669468,0.027338936,0.018443511,-0.999,-0.999,-0.012556489,-0.027782447,-0.012556489,1.0,0.018
1581248881.302448,000000000102,e78f135624ce,-69,13.90478224,8.536208032,1.819640309,0.017504864,0.016858069,-0.999570965,-0.999785483,-0.012643552,-0.017504864,-0.012858069,1.0,0.016643552
1581248881.7538593,000000000102,e78f135624ce,-78,13.874527231,8.487527231,1.792878718,0.046175744,0.024824256,-0.998,-0.998,-0.017,-0.047175744,-0.018,1.0,0.023824256
1581248882.211393,000000000102,e78f135624ce,-78,13.853033687,8.48001925,1.778512031,0.039497594,0.026497594,-0.999,-0.999,-0.019,-0.039497594,-0.02,0.999,0.025497594
1581248882.6704524,000000000102,e78f135624ce,-74,13.818356014,8.476730661,1.766730661,0.029086674,0.028452005,-0.999,-0.999,-0.018817335,-0.029269339,-0.019817335,0.999,0.02763467
1581248883.1215124,000000000102,e78f135624ce,-82,13.789309402,8.486,1.764839783,0.015209946,0.026,-0.999,-1.0,-0.019580109,-0.015419891,-0.020580109,0.999,0.026
1581248883.5733678,000000000102,e78f135624ce,-71,13.757278056,8.492555397,1.766166547,0.010222302,0.026222302,-1.0,-1.0,-0.017,-0.010222302,-0.017,0.999388849,0.025611151
1581248884.031463,000000000102,e78f135624ce,-71,13.726881077,8.496277488,1.757,0.009881077,0.028,-1.0,-1.0,-0.019960359,-0.010841436,-0.019960359,0.999,0.028
1581248885.4043496,000000000102,e78f135624ce,-73,13.608235631,8.500882405,1.750529179,0.018823607,0.025823607,-0.999058798,-1.0,-0.019941202,-0.019823607,-0.019941202,0.999058798,0.025823607
1581248885.4073677,000000000102,e78f135624ce,-75,13.607933817,8.500835972,1.750738127,0.018753958,0.025753958,-0.999082014,-1.0,-0.019917986,-0.019753958,-0.019917986,0.999082014,0.025753958
1581248885.8604696,000000000102,e78f135624ce,-81,13.576988263,8.51103521,1.759341158,0.010317684,0.022329421,-1.0,-1.0,-0.019,-0.010317684,-0.019329421,1.0,0.022329421
1581248887.220397,000000000102,e78f135624ce,-75,13.444315446,8.537631824,1.767420906,-5.273e-05,0.018526365,-1.0,-1.0,-0.016,5.273e-05,-0.016,1.0,0.018526365
1581248887.6784039,000000000102,e78f135624ce,-74,13.398830204,8.546679242,1.754226414,0.002,0.021773586,-1.0,-1.0,-0.019,-0.002226414,-0.019,1.0,0.021773586
1581248888.5893643,000000000102,e78f135624ce,-70,13.288606438,8.539393562,1.744042575,0.019521288,0.022,-0.999,-0.999478712,-0.019,-0.019521288,-0.02,1.0,0.021478712
1581248889.0433662,000000000102,e78f135624ce,-76,13.227945464,8.518555985,1.745777992,0.032222008,0.021055502,-0.999,-0.999,-0.016944498,-0.032222008,-0.017,1.0,0.020055502
1581248889.4993627,000000000102,e78f135624ce,-79,13.172457857,8.496723534,1.742287256,0.034138233,0.021712744,-0.999,-0.999,-0.011712744,-0.035138233,-0.012,1.0,0.021712744
1581248889.9513323,000000000102,e78f135624ce,-80,13.119626879,8.49065672,1.752746242,0.035,0.018313439,-0.999,-0.999,-0.011,-0.035,-0.01134328,1.0,0.017313439
1581248890.4033473,000000000102,e78f135624ce,-77,13.085419826,8.505,1.756083965,0.032972012,0.017972012,-0.999,-0.999,-0.013972012,-0.032972012,-0.014972012,1.0,0.017944023
1581248890.8633435,000000000102,e78f135624ce,-70,13.045058949,8.515,1.756806768,0.028638646,0.018277293,-0.999,-0.999,-0.017638646,-0.028638646,-0.018638646,1.0,0.017915939
1581248891.314474,000000000102,e78f135624ce,-71,13.007,8.520239619,1.746074395,0.022611592,0.022231401,-0.999,-0.999,-0.018231401,-0.022842993,-0.019231401,1.0,0.022231401
1581248891.7744741,000000000102,e78f135624ce,-71,12.965411363,8.531905909,1.735376364,0.022811818,0.024,-0.999,-0.999,-0.018905909,-0.022905909,-0.019905909,0.999094091,0.023905909
1581248892.227377,000000000102,e78f135624ce,-79,12.898953043,8.513194637,1.731912754,0.02963087,0.024543623,-0.999,-0.999,-0.017543623,-0.02963087,-0.018543623,0.999456377,0.024
1581248892.6803696,000000000102,e78f135624ce,-75,12.852177396,8.521089856,1.749364058,0.025364058,0.02,-0.999,-0.999,-0.015182029,-0.025364058,-0.016182029,1.0,0.019
1581248893.13231,000000000102,e78f135624ce,-81,12.821642896,8.541390101,1.772593401,0.018390101,0.0142033,-0.999,-0.745109625,-0.0127967,-0.0257967,-0.013593401,0.745312925,0.0117967
1581248893.5883806,000000000102,e78f135624ce,-76,12.812722488,8.556444977,1.775583733,0.006416267,0.012277512,-0.999,-0.211205716,-0.006708134,-0.025,-0.007277512,0.211205716,0.011138756
1581248894.0453234,000000000102,e78f135624ce,-73,12.849502682,8.545425506,1.827077176,-0.001,0.011071812,-1.0,0.592042915,0.009215435,-0.011784565,0.009215435,-0.592042915,-0.003287247
1581248894.048328,000000000102,e78f135624ce,-66,12.849677948,8.545225202,1.827452745,-0.001,0.01109685,-1.0,0.594847166,0.009290549,-0.011709451,0.009290549,-0.594847166,-0.003387399
1581248894.4973652,000000000102,e78f135624ce,-69,12.838539312,8.549763309,1.866789517,-0.009579034,0.013302621,-0.999302621,0.780908684,0.012697379,-0.015184275,0.012697379,-0.780908684,-0.011
1581248894.9523282,000000000102,e78f135624ce,-70,12.798701882,8.556384947,1.882860349,-0.012894355,0.013052823,-0.999350941,0.858739515,0.015350941,-0.016543414,0.015350941,-0.858739515,-0.012052823
1581248895.404361,000000000102,e78f135624ce,-70,12.755078162,8.559136783,1.895843677,-0.013058621,0.015960919,-0.99998046,0.897257464,0.01501954,-0.015078162,0.015,-0.897257464,-0.014941379
1581248895.8583446,000000000102,e78f135624ce,-77,12.729198243,8.54307754,1.902724217,-0.005318946,0.015681054,-1.0,0.966163865,0.016560351,-0.005758594,0.016560351,-0.966163865,-0.015681054
1581248896.3123329,000000000102,e78f135624ce,-86,12.72158493,8.509704755,1.947715874,0.007289685,0.026573811,-0.999,0.988426189,0.020142063,0.008147622,0.021,-0.988426189,-0.026573811
1581248896.7693105,000000000102,e78f135624ce,-71,12.666717956,8.513804318,1.932761137,0.002391364,0.018587046,-1.0,0.996608636,0.017391364,0.002391364,0.017391364,-0.995804318,-0.018587046
1581248897.2242973,000000000102,e78f135624ce,-70,12.603861293,8.529517204,1.911689249,-0.003,0.014068818,-1.0,0.999,0.013,-0.003,0.013,-0.998482796,-0.013551613
1581248897.2273302,000000000102,e78f135624ce,-73,12.603406355,8.529495541,1.911450948,-0.003,0.013982163,-1.0,0.999,0.013,-0.003,0.013,-0.998504459,-0.013486622
1581248897.6843095,000000000102,e78f135624ce,-74,12.538648134,8.541394337,1.876225482,-0.007,0.004802831,-1.0,0.999197169,0.012605663,-0.006197169,0.012605663,-0.999197169,-0.005605663
1581248898.1383457,000000000102,e78f135624ce,-74,12.486169837,8.533500732,1.842502195,-0.005,-0.000833089,-1.0,1.0,0.012,-0.005,0.012,-1.0,0.000666179
1581248898.594314,000000000102,e78f135624ce,-78,12.433373578,8.536865603,1.824835992,-0.009432802,-0.002,-1.0,1.0,0.011567198,-0.009432802,0.011567198,-1.0,0.002
1581248899.054317,000000000102,e78f135624ce,-69,12.375302321,8.528761104,1.824682873,-0.010190276,0.000936575,-1.0,1.0,0.011063425,-0.010190276,0.011063425,-1.0,-0.000936575
1581248899.5133247,000000000102,e78f135624ce,-69,12.325851676,8.529770335,1.826,-0.01,0.003,-1.0,1.0,0.012,-0.01,0.012,-1.0,-0.003
1581248899.965342,000000000102,e78f135624ce,-79,12.271388136,8.537496497,1.815877627,-0.013748249,0.001625876,-1.0,1.0,0.01,-0.013748249,0.01,-1.0,-0.001625876
1581248901.3183422,000000000102,e78f135624ce,-80,12.098016675,8.523901511,1.823180302,-0.011,0.006180302,-1.0,1.0,0.011819698,-0.011,0.011819698,-1.0,-0.006180302
1581248901.7693226,000000000102,e78f135624ce,-85,12.049948971,8.524631922,1.828,-0.007421282,0.008,-1.0,1.0,0.010210641,-0.007421282,0.010210641,-1.0,-0.008
1581248902.2233167,000000000102,e78f135624ce,-75,12.001467988,8.523,1.824693598,-0.004564533,0.006564533,-1.0,1.0,0.010564533,-0.004,0.01,-1.0,-0.006564533
1581248902.674339,000000000102,e78f135624ce,-84,11.948412831,8.524058717,1.814352302,-0.002941283,0.002117434,-1.0,1.0,0.012058717,-0.002941283,0.012058717,-1.0,-0.002117434
1581248903.1344833,000000000102,e78f135624ce,-69,11.891296339,8.541925915,1.818537042,-0.006,0.004268521,-1.0,1.0,0.011268521,-0.006,0.011268521,-1.0,-0.004268521
1581248903.5933278,000000000102,e78f135624ce,-76,11.826783754,8.549165546,1.817,-0.006,0.004,-1.0,1.0,0.011611485,-0.006,0.011611485,-1.0,-0.004
1581248904.502318,000000000102,e78f135624ce,-77,11.728780248,8.554,1.807317107,-0.006,0.002,-1.0,1.0,0.008,-0.006,0.008,-1.0,-0.002
1581248904.9532921,000000000102,e78f135624ce,-75,11.680778509,8.566,1.809970029,-0.01,0.000562865,-1.0,1.0,0.011,-0.01,0.011,-1.0,-0.000562865
1581248905.4083338,000000000102,e78f135624ce,-81,11.631837208,8.569139535,1.821930233,-0.011069767,0.003,-1.0,1.0,0.011,-0.011069767,0.011,-1.0,-0.003069767
1581248905.8632655,000000000102,e78f135624ce,-76,11.587801503,8.56391493,1.813,-0.011485822,-0.001,-1.0,1.0,0.008,-0.011485822,0.008485822,-1.0,0.001
1581248906.3224068,000000000102,e78f135624ce,-74,11.539001712,8.550857265,1.81771453,-0.01128547,-0.001142735,-1.0,1.0,0.011,-0.01128547,0.011,-1.0,0.001142735
1581248906.7787287,000000000102,e78f135624ce,-73,11.492198209,8.549799349,1.820599512,-0.015199837,-0.001800163,-1.0,1.0,0.011199837,-0.015199837,0.011199837,-1.0,0.001800163
1581248907.2385306,000000000102,e78f135624ce,-74,11.442791459,8.552513034,1.827,-0.019513034,-0.001513034,-1.0,1.0,0.012486966,-0.019513034,0.012486966,-1.0,0.001
1581248907.694928,000000000102,e78f135624ce,-72,11.388177794,8.552395242,1.825596828,-0.019596828,-0.003201586,-1.0,1.0,0.012798414,-0.019596828,0.012798414,-1.0,0.003
1581248908.1450114,000000000102,e78f135624ce,-76,11.340761111,8.550802778,1.820394444,-0.016,-0.004802778,-1.0,1.0,0.011,-0.016,0.011,-1.0,0.004802778
1581248908.59427,000000000102,e78f135624ce,-71,11.281194643,8.545975525,1.820024475,-0.008975525,-0.004317017,-1.0,1.0,0.01,-0.008975525,0.01,-1.0,0.004317017
1581248909.049286,000000000102,e78f135624ce,-78,11.218848007,8.551053,1.818053,-0.006106001,-0.005,-1.0,1.0,0.01,-0.006106001,0.01,-1.0,0.005
1581248909.503311,000000000102,e78f135624ce,-76,11.152393152,8.562821461,1.808410731,-0.005232192,-0.007410731,-1.0,1.0,0.009,-0.005232192,0.009,-1.0,0.007
1581248910.407277,000000000102,e78f135624ce,-75,11.041104781,8.556161906,1.815,0.001838094,-0.003,-1.0,1.0,0.011,0.001838094,0.011,-1.0,0.003
1581248910.8582861,000000000102,e78f135624ce,-76,10.988982305,8.547859671,1.823,0.002570165,0.0,-1.0,1.0,0.011,0.002570165,0.011,-1.0,-0.0
1581248911.3132365,000000000102,e78f135624ce,-83,10.932238105,8.541108842,1.828,0.001945579,0.001,-1.0,1.0,0.012945579,0.001945579,0.012945579,-1.0,-0.001
1581248911.768354,000000000102,e78f135624ce,-68,10.880540183,8.535819939,1.826180061,0.00159003,-0.00040997,-1.0,1.0,0.011,0.00159003,0.011,-1.0,0.00040997
1581248912.2292788,000000000102,e78f135624ce,-74,10.82512508,8.539,1.820808814,-0.003404407,-0.001595593,-1.0,1.0,0.009,-0.003404407,0.009,-1.0,0.001595593
1581248912.6832862,000000000102,e78f135624ce,-68,10.766190111,8.534848146,1.824050618,-0.004949382,-0.001,-1.0,1.0,0.009,-0.004949382,0.009,-1.0,0.001
1581248913.5863361,000000000102,e78f135624ce,-72,10.655296223,8.545987674,1.819753082,-0.006,-0.005246918,-1.0,1.0,0.010246918,-0.006246918,0.010246918,-1.0,0.005246918
1581248914.039263,000000000102,e78f135624ce,-71,10.601744293,8.543597471,1.818268353,-0.001,-0.006865824,-1.0,1.0,0.010865824,-0.001,0.010865824,-1.0,0.006865824
1581248914.4922714,000000000102,e78f135624ce,-78,10.553434747,8.5459913,1.82,-0.00049565,-0.005,-1.0,1.0,0.01,-0.00049565,0.01,-1.0,0.005
1581248914.9442885,000000000102,e78f135624ce,-72,10.500971234,8.545405753,1.817864749,0.000729498,-0.003864749,-1.0,1.0,0.01,0.000729498,0.01,-1.0,0.003864749
1581248915.3952634,000000000102,e78f135624ce,-74,10.443192325,8.54473798,1.81673798,-0.000475959,-0.00126202,-1.0,1.0,0.009524041,-0.000475959,0.009524041,-1.0,0.00126202
1581248915.3985486,000000000102,e78f135624ce,-71,10.442754301,8.544765356,1.816765356,-0.000530712,-0.001234644,-1.0,1.0,0.009469288,-0.000530712,0.009469288,-1.0,0.001234644
1581248915.85431,000000000102,e78f135624ce,-73,10.384530308,8.549,1.815658144,-0.004341856,0.0,-1.0,1.0,0.011,-0.004341856,0.011,-1.0,0.0
1581248916.313282,000000000102,e78f135624ce,-73,10.325366849,8.555,1.816024457,-0.009,0.002024457,-1.0,1.0,0.011,-0.009,0.011,-1.0,-0.002024457
1581248917.2183223,000000000102,e78f135624ce,-70,10.22608082,8.544568498,1.825756161,-0.008946579,0.00837808,-0.99970274,0.99970274,0.0134863,-0.008946579,0.0134863,-1.0,-0.00908082
1581248917.6782985,000000000102,e78f135624ce,-69,10.232022752,8.463726977,1.86305688,0.03411376,0.022022752,-0.998988624,0.998988624,0.021,0.034125136,0.022,-0.999,-0.021011376
1581248918.138407,000000000102,e78f135624ce,-70,10.197400635,8.477206679,1.865392687,0.019222575,0.022696343,-0.998,0.201179631,0.009740858,0.04808903,0.010740858,-0.202179631,-0.007437202
1581248918.5942612,000000000102,e78f135624ce,-69,10.108737442,8.564258539,1.853498995,-0.011751507,0.017749498,-0.999,-0.614056258,-0.001250502,0.033248493,-0.000250502,0.614056258,0.008250502
1581248919.946344,000000000102,e78f135624ce,-73,9.898665499,8.563074139,1.822777583,-0.011148278,0.003925861,-1.0,0.89807589,0.010925861,-0.009148278,0.010925861,-0.89807589,-0.002
1581248920.407285,000000000102,e78f135624ce,-84,9.829413132,8.564490348,1.818245174,-0.012,0.005,-1.0,0.77961195,0.009,-0.012754826,0.009,-0.77961195,-0.001509652
1581248920.8602464,000000000102,e78f135624ce,-73,9.770194597,8.573362838,1.814637162,-0.019362838,0.004,-1.0,0.928619591,0.01,-0.019362838,0.01,-0.928982429,-0.003
1581248921.3102653,000000000102,e78f135624ce,-76,9.69318904,8.576049543,1.81985137,-0.003396347,0.00985137,-1.0,0.062123728,0.004099087,-0.019,0.004099087,-0.062123728,0.005801827
1581248921.7642376,000000000102,e78f135624ce,-73,9.607879243,8.568596398,1.828596398,0.014192796,0.015192796,-1.0,-0.659603785,-0.000403602,-0.021403602,-0.001,0.659603785,0.013789194
1581248922.2192461,000000000102,e78f135624ce,-75,9.530244111,8.56049938,1.834,0.02225031,0.01825031,-0.99974969,-0.892759608,-0.00050062,-0.025,-0.00125031,0.892759608,0.018
1581248923.1282601,000000000102,e78f135624ce,-70,9.396279814,8.547948192,1.833,0.028512952,0.021487048,-0.999,-0.988538856,-0.002512952,-0.028512952,-0.003025904,0.988538856,0.021
1581248923.588233,000000000102,e78f135624ce,-72,9.327873978,8.580229061,1.818744254,-0.017049669,0.011461823,-0.998820608,-0.010693811,-0.002,-0.047435138,-0.002,0.010514418,0.008461823
1581248924.0402257,000000000102,e78f135624ce,-71,9.236499729,8.647537208,1.792629549,-0.06775937,0.004407387,-0.997,0.672593698,-0.005592613,-0.077370451,-0.006388919,-0.676186311,0.002203694
1581248924.493251,000000000102,e78f135624ce,-70,9.117125922,8.466341327,1.783565037,0.0652643,0.018869926,-0.992565037,-0.411988475,-0.017434963,-0.116304889,-0.019869926,0.416858401,0.015869926
1581248924.953242,000000000102,e78f135624ce,-74,9.070872798,8.422289631,1.786890412,0.070346378,0.020872798,-0.995127202,-0.814614489,-0.016491193,-0.086837571,-0.018363991,0.818487287,0.019
1581248925.4082792,000000000102,e78f135624ce,-71,9.056947556,8.468104888,1.807052444,0.041947556,0.017236889,-0.998,-0.940262221,-0.008,-0.046658223,-0.009,0.942262221,0.016236889
1581248925.861248,000000000102,e78f135624ce,-73,9.030173827,8.502628038,1.818942058,0.030314019,0.015,-0.999,-0.980570096,-0.005314019,-0.032314019,-0.006,0.980884115,0.014685981
1581248926.3223624,000000000102,e78f135624ce,-77,8.990372301,8.510844875,1.82493795,0.033031025,0.014031025,-0.999,-0.99293795,-0.006968975,-0.03306205,-0.007,0.99393795,0.01306205
1581248926.7792206,000000000102,e78f135624ce,-71,8.949391808,8.511321638,1.829339181,0.036339181,0.012660819,-0.999,-0.997660819,-0.006660819,-0.036339181,-0.007,0.998,0.012660819
1581248927.237241,000000000102,e78f135624ce,-73,8.907668415,8.509917104,1.833721931,0.039360965,0.011639035,-0.999,-0.999,-0.005,-0.039360965,-0.005360965,0.999,0.011278069
1581248927.6992395,000000000102,e78f135624ce,-68,8.863925687,8.511910474,1.834,0.039089526,0.011089526,-0.999,-0.999,-0.005910474,-0.039089526,-0.006910474,1.0,0.011089526
1581248928.1526775,000000000102,e78f135624ce,-77,8.820402832,8.502309348,1.827618697,0.043690652,0.014,-0.999,-0.999,-0.007381303,-0.043690652,-0.007690652,1.0,0.013
1581248928.6142504,000000000102,e78f135624ce,-73,8.770538978,8.503,1.835976058,0.042,0.009682628,-0.999,-0.999,-0.004341314,-0.042341314,-0.005,1.0,0.009682628
1581248929.067364,000000000102,e78f135624ce,-78,8.714934195,8.503666359,1.835,0.041200185,0.010933272,-0.999,-0.999,-0.004066728,-0.041200185,-0.004133456,1.0,0.010933272
1581248929.523239,000000000102,e78f135624ce,-73,8.663757983,8.512943577,1.836822569,0.034822569,0.009,-0.999,-0.999,-0.004588715,-0.034822569,-0.004588715,1.0,0.009
1581248929.9792604,000000000102,e78f135624ce,-79,8.61374454,8.51650252,1.832,0.03349916,0.01,-0.999,-0.999,-0.00574958,-0.03349916,-0.006,1.0,0.01
1581248930.4392283,000000000102,e78f135624ce,-68,8.561872378,8.527875375,1.835937687,0.031062313,0.009,-0.999,-0.999,-0.005062313,-0.031062313,-0.006062313,1.0,0.009
1581248930.8922575,000000000102,e78f135624ce,-71,8.514444842,8.527453737,1.82936121,0.032,0.013092526,-0.999,-0.999,-0.006,-0.032,-0.006,1.0,0.012546263
1581248931.3452437,000000000102,e78f135624ce,-69,8.468837259,8.523154481,1.832,0.035,0.011154481,-0.999,-0.999,-0.006,-0.035,-0.006154481,1.0,0.011
1581248931.7973802,000000000102,e78f135624ce,-72,8.41693257,8.522225582,1.831902329,0.036774418,0.013548835,-0.999,-0.999,-0.005,-0.036774418,-0.006,1.0,0.013548835
1581248932.2492027,000000000102,e78f135624ce,-72,8.361538848,8.523,1.836615288,0.038,0.012192356,-0.999,-0.999,-0.005,-0.038,-0.005,1.0,0.012192356
1581248932.7072988,000000000102,e78f135624ce,-72,8.308940707,8.529674064,1.843,0.036244452,0.011,-0.999,-0.999,-0.005081484,-0.036244452,-0.005162968,1.0,0.011
1581248933.1592312,000000000102,e78f135624ce,-74,8.258996622,8.512873733,1.841,0.043375422,0.014,-0.999,-0.999,-0.005687711,-0.043375422,-0.006687711,1.0,0.013312289
1581248933.6141884,000000000102,e78f135624ce,-70,8.20437762,8.504,1.834687646,0.045,0.016,-0.999,-0.999,-0.005687646,-0.045,-0.006687646,1.0,0.015312354
1581248934.0690365,000000000102,e78f135624ce,-72,8.148884936,8.49341297,1.831117991,0.049823013,0.016,-0.999,-0.999,-0.006,-0.049823013,-0.007,1.0,0.015941004
1581248934.5216672,000000000102,e78f135624ce,-72,8.096503864,8.494,1.825963619,0.050576626,0.016153252,-0.999,-0.999,-0.007576626,-0.050576626,-0.008576626,1.0,0.015729877
1581248934.9777045,000000000102,e78f135624ce,-72,8.046423229,8.504046194,1.826476903,0.050715354,0.014523097,-0.998761549,-0.998761549,-0.007238451,-0.050715354,-0.008,1.0,0.013761549
1581248935.4338937,000000000102,e78f135624ce,-72,7.986815055,8.494213536,1.834786464,0.060786464,0.012,-0.998,-0.998,-0.005106768,-0.060786464,-0.005213536,1.0,0.012
1581248935.883231,000000000102,e78f135624ce,-75,7.926809766,8.49453773,1.825577045,0.06615409,0.014422955,-0.998,-0.998,-0.00815409,-0.066577045,-0.00915409,1.0,0.014
1581248936.3372314,000000000102,e78f135624ce,-80,7.87191879,8.511990446,1.830023885,0.062009554,0.012995223,-0.998,-0.998,-0.005990446,-0.062009554,-0.006990446,1.0,0.011995223
1581248936.7892153,000000000102,e78f135624ce,-78,7.814427493,8.505017655,1.838321563,0.065,0.010660782,-0.998,-0.998,-0.005678437,-0.065,-0.006339218,1.0,0.01
1581248937.7042162,000000000102,e78f135624ce,-71,7.708088021,8.501946354,1.847678125,0.049946354,0.009107292,-0.999,-0.999,-0.006,-0.049946354,-0.006053646,1.0,0.009107292
1581248938.6172283,000000000102,e78f135624ce,-76,7.596282906,8.491387381,1.843942333,0.033890095,0.008890095,-0.999,-0.999,-0.007,-0.034612619,-0.008,1.0,0.008890095
1581248939.074194,000000000102,e78f135624ce,-80,7.534340567,8.497178742,1.842446856,0.026,0.008821258,-1.0,-1.0,-0.007,-0.026,-0.007910629,1.0,0.008821258
1581248940.4446983,000000000102,e78f135624ce,-76,7.337400873,8.497100062,1.851,0.022899938,0.003899938,-1.0,-1.0,-0.009100062,-0.022899938,-0.009100062,1.0,0.003
1581248940.9027197,000000000102,e78f135624ce,-72,7.276097919,8.498,1.845699306,0.025100231,0.008100231,-1.0,-1.0,-0.006,-0.025100231,-0.006,1.0,0.007650347
1581248941.3631968,000000000102,e78f135624ce,-66,7.223130147,8.507779242,1.841337726,0.027662274,0.008441516,-0.999779242,-0.999779242,-0.006779242,-0.027662274,-0.007779242,1.0,0.008220758
1581248941.815305,000000000102,e78f135624ce,-68,7.168633958,8.50665849,1.84534151,0.036506133,0.006329245,-0.999,-0.999,-0.008670755,-0.036506133,-0.008670755,1.0,0.006329245
1581248943.1731558,000000000102,e78f135624ce,-71,6.97687126,8.509279584,1.837602081,0.051,0.009559168,-0.999,-0.999,-0.010279584,-0.051,-0.011,1.0,0.008559168
1581248943.6302898,000000000102,e78f135624ce,-66,6.904099214,8.500363199,1.845094406,0.046547203,0.006089598,-0.999,-0.999,-0.009636801,-0.046547203,-0.010636801,1.0,0.006089598
1581248944.083169,000000000102,e78f135624ce,-71,6.839408108,8.492945586,1.828299279,0.037108829,0.011918378,-0.999,-0.999,-0.008054414,-0.037108829,-0.009027207,1.0,0.011891171
1581248944.5372646,000000000102,e78f135624ce,-64,6.781085082,8.509098412,1.838,0.026140953,0.007,-0.999619682,-0.999619682,-0.009380318,-0.026140953,-0.009760635,1.0,0.006619682
1581248944.9962094,000000000102,e78f135624ce,-65,6.726049646,8.494392253,1.844127114,0.026696127,0.006392253,-1.0,-1.0,-0.008303873,-0.026696127,-0.008303873,1.0,0.00608838
1581248945.4472165,000000000102,e78f135624ce,-69,6.676790776,8.507762767,1.845474465,0.020079078,0.005920922,-1.0,-1.0,-0.011841845,-0.020079078,-0.011841845,1.0,0.005841845
1581248945.8991935,000000000102,e78f135624ce,-75,6.626365431,8.505045679,1.847431482,0.019477161,0.006522839,-1.0,-1.0,-0.009,-0.02,-0.009522839,1.0,0.006
1581248946.3591852,000000000102,e78f135624ce,-69,6.578134483,8.506382415,1.853205862,0.018092413,0.005886552,-1.0,-0.963242739,-0.008659655,-0.018773103,-0.008659655,0.963242739,0.006
1581248946.8121963,000000000102,e78f135624ce,-73,6.613837566,8.585725482,1.864028021,-0.006232487,0.008507005,-0.999,0.288594132,0.00901401,-0.018464974,0.00901401,-0.288594132,-0.004260508
1581248947.2631555,000000000102,e78f135624ce,-68,6.602774308,8.659080287,1.871564674,-0.025419269,0.013193577,-0.999,0.582016057,0.011193577,-0.026612846,0.010596789,-0.583016057,-0.006790366
1581248947.723177,000000000102,e78f135624ce,-68,6.585058792,8.691470604,1.881411745,-0.026470604,0.012764698,-0.999,0.529412277,0.011235302,-0.024588255,0.011117651,-0.530412277,-0.008882349
1581248948.1781979,000000000102,e78f135624ce,-72,6.553442432,8.695185856,1.872740837,-0.029963346,0.01222251,-0.999,0.618814144,0.011259163,-0.030704183,0.010518327,-0.61955498,-0.006740837
1581248948.62917,000000000102,e78f135624ce,-68,6.499704872,8.706163339,1.854770767,-0.039295128,0.005590256,-0.999,0.68985663,0.009590256,-0.041295128,0.009590256,-0.69085663,-0.003885383
1581248949.0852005,000000000102,e78f135624ce,-77,6.455314898,8.694589094,1.850493087,-0.042424732,0.005082181,-0.998082181,0.738274975,0.01,-0.048589094,0.009917819,-0.739274975,-0.004
1581248949.5441532,000000000102,e78f135624ce,-70,6.415085024,8.688340483,1.846978744,-0.051765991,0.007595749,-0.998,0.849595943,0.012191498,-0.055170242,0.011191498,-0.851000194,-0.005191498
1581248949.9951968,000000000102,e78f135624ce,-72,6.374835931,8.677219162,1.857657485,-0.052780838,0.01,-0.998,0.849423945,0.011438323,-0.053780838,0.011219162,-0.850423945,-0.008219162
1581248950.9074714,000000000102,e78f135624ce,-74,6.262961722,8.639417064,1.885063797,-0.030987241,0.016519139,-0.999,0.948102075,0.014987241,-0.030987241,0.01449362,-0.948102075,-0.015519139
1581248951.358248,000000000102,e78f135624ce,-76,6.222691581,8.619961841,1.901615264,-0.031288552,0.018807632,-0.999,0.982480921,0.017096184,-0.030288552,0.017096184,-0.983384736,-0.018903816
1581248951.813126,000000000102,e78f135624ce,-71,6.160774918,8.617132898,1.894933551,-0.031774918,0.017225082,-0.999,0.993741694,0.015258306,-0.031774918,0.015258306,-0.994483388,-0.017225082
1581248952.2691715,000000000102,e78f135624ce,-66,6.126735528,8.592017909,1.860596418,-0.026614327,0.011,-0.999,0.946457308,0.013807164,-0.027614327,0.013807164,-0.946457308,-0.009403582
1581248952.724129,000000000102,e78f135624ce,-69,6.050286964,8.607799417,1.875428988,-0.034285506,0.015771595,-0.999,0.982285506,0.017,-0.034285506,0.016057101,-0.983228405,-0.015771595
1581248953.184257,000000000102,e78f135624ce,-70,5.959408133,8.628270407,1.85681122,-0.041729593,0.01,-0.999,0.993459187,0.015270407,-0.041729593,0.014270407,-0.994459187,-0.010270407
1581248953.641313,000000000102,e78f135624ce,-74,5.885476472,8.634460721,1.859282733,-0.042486907,0.01288482,-0.999,0.997,0.016256547,-0.041858634,0.015628273,-0.998,-0.013513093
1581248954.0911646,000000000102,e78f135624ce,-85,5.825023013,8.63561637,1.844170502,-0.039872123,0.008085251,-0.999,0.998,0.015957374,-0.039872123,0.015957374,-0.999,-0.009042626
1581248954.5431406,000000000102,e78f135624ce,-74,5.772180602,8.618,1.859527759,-0.03441204,0.01258796,-0.999,0.999,0.01617592,-0.034,0.01558796,-1.0,-0.013
1581248954.9942088,000000000102,e78f135624ce,-67,5.677076279,8.649115615,1.855423123,-0.044846246,0.009,-0.999,0.999,0.016,-0.044846246,0.015211561,-1.0,-0.009211561
1581248955.4541132,000000000102,e78f135624ce,-81,5.614154319,8.650629628,1.862580248,-0.043314814,0.010790124,-0.999,0.999,0.016,-0.042419752,0.015,-1.0,-0.010895062
1581248955.9051292,000000000102,e78f135624ce,-69,5.560195757,8.647320636,1.856239151,-0.040440212,0.007119576,-0.999,0.999,0.015,-0.040440212,0.014,-1.0,-0.008119576
1581248955.9081411,000000000102,e78f135624ce,-62,5.559648131,8.64740278,1.856129626,-0.040467593,0.007064813,-0.999,0.999,0.015,-0.040467593,0.014,-1.0,-0.008064813
1581248956.3591542,000000000102,e78f135624ce,-64,5.502599365,8.649044515,1.853977743,-0.040022257,0.005977743,-0.999,0.999,0.016022257,-0.040022257,0.016,-1.0,-0.006
1581248957.2681458,000000000102,e78f135624ce,-72,5.386712008,8.653306855,1.864428002,-0.038469713,0.007897715,-0.999,0.999,0.018632572,-0.038102285,0.017632572,-1.0,-0.008897715
1581248957.7261772,000000000102,e78f135624ce,-72,5.30837633,8.672608876,1.86252643,-0.040135306,0.006797041,-0.999,0.999,0.018,-0.040135306,0.018,-1.0,-0.007797041
1581248957.7291217,000000000102,e78f135624ce,-67,5.307871564,8.672798163,1.862379206,-0.04017737,0.006733946,-0.999,0.999,0.018,-0.04017737,0.018,-1.0,-0.007733946
1581248958.1854696,000000000102,e78f135624ce,-74,5.239259482,8.687,1.857296207,-0.037851896,0.006148104,-0.999,0.999,0.018716035,-0.037851896,0.018,-1.0,-0.006148104
1581248958.636315,000000000102,e78f135624ce,-70,5.180347329,8.684807524,1.85546165,-0.028,0.005730825,-0.999,0.999,0.018,-0.028,0.018,-1.0,-0.005730825
1581248959.0891316,000000000102,e78f135624ce,-77,5.130631899,8.675251061,1.856,-0.019251061,0.007,-1.0,1.0,0.018,-0.019251061,0.017874469,-1.0,-0.007125531
1581248959.5461419,000000000102,e78f135624ce,-62,5.064919906,8.674931754,1.85639763,-0.020465877,0.007931754,-1.0,1.0,0.017,-0.020465877,0.017,-1.0,-0.008465877
1581248960.9002206,000000000102,e78f135624ce,-70,4.828044584,8.663483931,1.8635718,-0.009198031,0.003538362,-0.999,0.142345528,0.000461638,-0.028813115,0.000461638,-0.142345528,-0.003736392
1581248961.3581831,000000000102,e78f135624ce,-69,4.750581448,8.621839965,1.841753793,-0.001864586,0.009061552,-0.999,0.010626962,-7.3862e-05,-0.041,-8.6173e-05,-0.010626962,0.001086173
1581248961.8111353,000000000102,e78f135624ce,-68,4.693402171,8.664793486,1.824597829,-0.0085462,0.011701086,-0.999,-0.2689836,-0.006402171,-0.026350543,-0.006402171,0.2689836,0.004701086
1581248962.264124,000000000102,e78f135624ce,-65,4.592273011,8.607863494,1.810287831,0.00898518,0.014136506,-0.999,-0.353371298,-0.009136506,-0.036424337,-0.009136506,0.353371298,0.008424337
1581248963.1672013,000000000102,e78f135624ce,-69,4.468975228,8.598586701,1.800413299,-0.006033029,0.013016514,-0.999,-0.364785312,-0.009504129,-0.017462842,-0.01,0.364785312,0.011512386
1581248963.6231434,000000000102,e78f135624ce,-63,4.402493225,8.610589061,1.803328652,-0.008452082,0.008589061,-0.999,-0.383014043,-0.008726041,-0.000726041,-0.008726041,0.383014043,0.007315102
