1581248844.930486,000000000201,e78f135624ce,-76,17.981324616,8.410864923,1.859864923,0.020270154,0.007567538,-1.0,0.307684011,0.010594769,-0.005972769,0.010162308,-0.308684011,0.000135077
1581248845.3875108,000000000201,e78f135624ce,-78,17.937393436,8.420606564,1.868843524,0.021341278,-0.002132643,-1.0,-0.566620044,-0.006710881,-0.016578238,-0.006710881,0.566620044,-0.004895683
1581248845.843505,000000000201,e78f135624ce,-78,17.902840064,8.447240018,1.902399954,0.011519963,-0.019879991,-1.0,-0.862239559,-0.013759982,-0.010279945,-0.013759982,0.862239559,-0.020879991
1581248846.297525,000000000201,e78f135624ce,-84,17.883228056,8.457695925,1.906695925,0.011152038,-0.016309953,-1.0,-0.955467869,-0.015461991,-0.010152038,-0.015461991,0.955005878,-0.016847962
1581248847.2088776,000000000201,e78f135624ce,-76,17.859729797,8.489270203,1.936351015,0.002189391,-0.026351015,-1.0,-0.995459594,-0.015270203,-0.001189391,-0.015270203,0.994729797,-0.026351015
1581248847.6625583,000000000201,e78f135624ce,-75,17.859398946,8.479808436,1.918808436,0.011393673,-0.011005272,-0.999,-0.998,-0.014,-0.011393673,-0.014,0.998,-0.011005272
1581248848.1175265,000000000201,e78f135624ce,-77,17.86607729,8.45492271,1.884381679,0.02492271,0.00623187,-0.999,-0.999,-0.013,-0.02492271,-0.014,0.999,0.00523187
1581248848.573511,000000000201,e78f135624ce,-76,17.872698227,8.432508866,1.860810639,0.033698227,0.012698227,-0.999,-0.999,-0.013,-0.034396454,-0.014,1.0,0.012396454
1581248849.4814944,000000000201,e78f135624ce,-78,17.879,8.408234024,1.838234024,0.038,0.016,-0.999,-0.999,-0.013117012,-0.039,-0.014,1.0,0.015882988
1581248849.9414866,000000000201,e78f135624ce,-84,17.865548586,8.423150471,1.841822879,0.023849529,0.011451414,-0.999,-0.999,-0.013424764,-0.024424764,-0.013424764,1.0,0.01102665
1581248850.3914807,000000000201,e78f135624ce,-85,17.830094249,8.411522523,1.842334026,0.032143451,0.009047124,-0.999,-0.999,-0.013190575,-0.032952876,-0.013190575,1.0,0.008237699
1581248850.8485441,000000000201,e78f135624ce,-85,17.782270224,8.393,1.842545955,0.031454045,0.009302697,-0.999,-0.999,-0.014,-0.032302697,-0.014848652,1.0,0.009302697
1581248851.2986846,000000000201,e78f135624ce,-77,17.709770049,8.403534757,1.850834223,0.022032087,0.005732621,-0.999,-0.999,-0.015,-0.022032087,-0.015,1.0,0.005165777
1581248851.7495327,000000000201,e78f135624ce,-76,17.631458217,8.404023556,1.830717331,0.028070667,0.019141335,-0.999,-0.999,-0.014976444,-0.028070667,-0.015,0.999976444,0.01816489
1581248852.2025003,000000000201,e78f135624ce,-75,17.546820995,8.408460822,1.832700216,0.039559307,0.016639827,-0.998340043,-0.868718182,-0.013659957,-0.042899351,-0.014659957,0.869718182,0.014639827
1581248852.6575384,000000000201,e78f135624ce,-82,17.443833503,8.420718079,1.815826864,0.039397344,0.027115424,-0.998,-0.957455056,-0.013628192,-0.04071144,-0.014314096,0.958083248,0.026115424
1581248853.1124792,000000000201,e78f135624ce,-82,17.32702145,8.436035222,1.825246557,0.037823888,0.020823888,-0.998,-0.985823888,-0.014,-0.03785911,-0.015,0.986823888,0.020823888
1581248853.5655298,000000000201,e78f135624ce,-88,17.234367562,8.43375005,1.82975005,0.037691144,0.017691144,-0.997573532,-0.596161394,-0.008426468,-0.051852935,-0.009852935,0.597161394,0.012117612
1581248854.023491,000000000201,e78f135624ce,-85,17.120857354,8.459544715,1.858660754,0.025008869,0.007892831,-0.998,-0.528133038,-0.006446415,-0.046669623,-0.007446415,0.528133038,0.000339246
1581248854.4765823,000000000201,e78f135624ce,-77,17.018489134,8.446606821,1.851380809,0.021702775,0.010464393,-0.998,-0.49925376,-0.007154798,-0.042773989,-0.007309595,0.50025376,0.005619191
1581248854.9335163,000000000201,e78f135624ce,-79,16.903179714,8.407250658,1.870972149,0.031374671,0.002,-0.998513925,-0.659240124,-0.011944298,-0.038860745,-0.012430373,0.660240124,-0.001513925
1581248855.8395295,000000000201,e78f135624ce,-81,16.739164689,8.429505884,1.863811777,0.014494116,0.006717641,-0.999,-0.456541284,-0.007764709,-0.016494116,-0.008011767,0.456541284,0.000223524
1581248856.2945096,000000000201,e78f135624ce,-76,16.673439263,8.452095593,1.863188622,0.010780369,0.006749359,-0.999,-0.230356731,-0.003374679,-0.011780369,-0.004374679,0.230700401,0.000436699
1581248856.2975235,000000000201,e78f135624ce,-86,16.672836492,8.451465424,1.862805041,0.011081754,0.006968548,-0.999,-0.236603624,-0.003484274,-0.012081754,-0.004484274,0.236974693,0.000710685
1581248856.7455108,000000000201,e78f135624ce,-80,16.62371969,8.412680138,1.856920034,0.030159931,0.011,-0.999,-0.275674106,-0.006159931,-0.025399828,-0.006239897,0.275674106,0.002159931
1581248857.2077465,000000000201,e78f135624ce,-76,16.560693629,8.417644498,1.849245656,0.023552027,0.014552027,-0.999,-0.390057919,-0.006950869,-0.016852606,-0.007950869,0.390057919,0.005852606
1581248858.1175437,000000000201,e78f135624ce,-86,16.495946141,8.436047874,1.849,0.019994016,0.01,-0.999005984,0.63159843,0.008011969,0.002023937,0.008011969,-0.63159843,-0.006005984
1581248858.5685327,000000000201,e78f135624ce,-85,16.457255262,8.459496492,1.849124123,0.011751754,0.011,-1.0,0.878358337,0.012124123,0.005875877,0.012124123,-0.877920398,-0.009562061
1581248859.0195596,000000000201,e78f135624ce,-80,16.417607523,8.480321341,1.844,-0.000321341,0.009,-1.0,0.96017825,0.013,-0.002214227,0.013,-0.96017825,-0.008107114
1581248860.38858,000000000201,e78f135624ce,-78,16.275903921,8.51981732,1.84027402,-0.02481732,0.01,-1.0,0.99809134,0.01509134,-0.02481732,0.01509134,-0.999,-0.01009134
1581248860.8395598,000000000201,e78f135624ce,-81,16.229024164,8.515380898,1.843,-0.022690449,0.010690449,-1.0,0.999,0.016309551,-0.022,0.016,-0.999,-0.011
1581248861.2925317,000000000201,e78f135624ce,-88,16.182417424,8.52,1.846,-0.020104356,0.012,-1.0,1.0,0.016,-0.019402904,0.015298548,-1.0,-0.012701452
1581248861.7435274,000000000201,e78f135624ce,-74,16.136317858,8.524898626,1.844,-0.015101374,0.011,-1.0,1.0,0.015,-0.015101374,0.015,-1.0,-0.011
1581248862.1985283,000000000201,e78f135624ce,-84,16.096370245,8.530104959,1.84244752,-0.012,0.01,-1.0,1.0,0.01555248,-0.012,0.01555248,-1.0,-0.01
1581248863.1015382,000000000201,e78f135624ce,-86,15.999823814,8.510823814,1.839580538,0.002902689,0.008,-1.0,0.743952865,0.010258386,-0.011322151,0.010258386,-0.743952865,-0.006419462
1581248863.5565443,000000000201,e78f135624ce,-82,15.936693608,8.4298187,1.850197464,0.029645114,0.005770206,-0.99758468,0.021250924,-0.000907237,-0.030645114,-0.001491918,-0.020250924,-0.003399155
1581248864.007555,000000000201,e78f135624ce,-80,15.867893874,8.394992925,1.869908024,0.02998585,0.00104245,-0.998,-0.211978775,-0.008,-0.02798585,-0.008,0.2129717,-0.00395755
1581248864.4655628,000000000201,e78f135624ce,-86,15.814380257,8.404670286,1.845050543,0.0232154,0.008949457,-0.999,-0.064850743,-0.004632971,-0.016848371,-0.004632971,0.065850743,0.003949457
1581248864.9166324,000000000201,e78f135624ce,-83,15.755314477,8.397936082,1.840378396,0.026378396,0.008771492,-0.998692873,-0.121756791,-0.007,-0.021685523,-0.007,0.122063918,0.002464366
1581248865.3742454,000000000201,e78f135624ce,-83,15.689389576,8.437466896,1.86189748,0.012184536,0.003020504,-0.999,-0.174815464,-0.006020504,-0.014164032,-0.006020504,0.175815464,-0.003979496
1581248865.8305953,000000000201,e78f135624ce,-86,15.627060511,8.520873805,1.851227308,-0.009580812,0.007257564,-0.999,-0.11460668,-0.005161624,-0.000838376,-0.005161624,0.11460668,0.001257564
1581248866.2895632,000000000201,e78f135624ce,-74,15.571467522,8.449818151,1.840337657,0.021740271,0.012831171,-0.997,-0.282389737,-0.008623378,-0.034116892,-0.008831171,0.28359753,0.007038964
1581248866.7411258,000000000201,e78f135624ce,-82,15.506471592,8.398249401,1.828385168,0.027106161,0.013720993,-0.997,-0.29642704,-0.010182715,-0.047461723,-0.010182715,0.297609755,0.009720993
1581248867.191531,000000000201,e78f135624ce,-73,15.434276249,8.379186787,1.853369642,0.021443571,0.003389107,-0.997463036,-0.240027134,-0.012536964,-0.050147857,-0.012536964,0.241027134,-7.3928e-05
1581248867.653206,000000000201,e78f135624ce,-76,15.343321385,8.405435764,1.865,0.001539267,-0.002189287,-0.997189287,-0.221864277,-0.013,-0.05067499,-0.013,0.22267499,-0.004
1581248868.5585577,000000000201,e78f135624ce,-75,15.243912466,8.410195291,1.897663296,0.016663296,0.001858587,-0.996380471,-0.25384501,-0.010521884,-0.048239058,-0.010141413,0.254225481,-0.007380471
1581248869.0185587,000000000201,e78f135624ce,-76,15.191907362,8.487950107,1.843675768,0.001463188,0.013108077,-0.99698456,-0.657405004,-0.01401544,-0.012432309,-0.013046319,0.656435883,0.010108077
1581248869.4725423,000000000201,e78f135624ce,-78,15.176038323,8.594071459,1.949430341,-0.024282236,-0.015282236,-0.993,-0.525350094,-0.008019162,0.007301397,-0.012019162,0.526689814,-0.026602795
1581248869.934542,000000000201,e78f135624ce,-79,15.168112489,8.532376551,1.976519541,0.006943755,-0.003943755,-0.996,-0.417870348,-0.006103908,-0.007311725,-0.006735939,0.419502379,-0.021471878
1581248870.3875778,000000000201,e78f135624ce,-80,15.145899397,8.49250369,1.971026828,0.016181086,0.007953052,-0.996993293,-0.442999327,-0.007020121,-0.010187793,-0.007013414,0.444006034,-0.012013414
1581248871.2965744,000000000201,e78f135624ce,-89,15.010262064,8.41305703,1.914489033,0.016480259,-0.000244516,-0.997751097,-0.819694067,-0.015248903,-0.016480259,-0.015248903,0.820694067,-0.001995613
1581248871.7565632,000000000201,e78f135624ce,-79,15.001078021,8.339234064,1.921595613,0.033078021,-0.000921979,-0.997,-0.521128515,-0.011156043,-0.025156043,-0.010234064,0.523050493,-0.00845385
1581248872.2105792,000000000201,e78f135624ce,-83,14.944660344,8.288698282,1.933841278,0.040911154,-0.007136511,-0.995863489,-0.708974546,-0.014,-0.037228599,-0.014,0.711542802,-0.009568256
1581248874.0335844,000000000201,e78f135624ce,-92,14.800452815,8.36229493,1.921641555,0.033953717,0.011890202,-0.994,-0.514847527,-0.01142196,-0.028235023,-0.010281306,0.518847527,-0.001687838
1581248874.4946072,000000000201,e78f135624ce,-76,14.754059828,8.341220324,1.87616999,0.032209876,0.011849952,-0.995660019,-0.522038932,-0.01216999,-0.029379866,-0.011,0.523208922,0.006679962
1581248875.4005725,000000000201,e78f135624ce,-85,14.643213333,8.555093339,1.976013328,-0.022760003,-0.013573334,-0.991106667,-0.648666682,-0.008893333,0.012080002,-0.01168,0.652560015,-0.021279999
1581248876.3106177,000000000201,e78f135624ce,-84,14.511435305,8.501787725,1.88784198,0.032872983,0.010308289,-0.993075134,-0.713354793,-0.013924866,-0.037256406,-0.014924866,0.718587947,0.007
1581248876.762544,000000000201,e78f135624ce,-81,14.412427781,8.256338198,1.945661802,0.111494212,-0.008988425,-0.988,-0.899661802,-0.019,-0.113494212,-0.019101158,0.908762959,-0.012089582
1581248877.2135425,000000000201,e78f135624ce,-78,14.333060509,8.180032903,1.898292994,0.115623144,0.006902335,-0.987902335,-0.959841826,-0.019,-0.116623144,-0.020451168,0.969939491,0.003902335
1581248877.2167275,000000000201,e78f135624ce,-81,14.332855757,8.178417638,1.898429495,0.116146399,0.006856835,-0.987856835,-0.960001078,-0.019,-0.117146399,-0.020428417,0.970144243,0.003856835
1581248878.1215646,000000000201,e78f135624ce,-80,14.180542379,7.984623522,1.867752957,0.167137648,0.017311761,-0.984,-0.981862352,-0.017862352,-0.168,-0.021724704,0.995862352,0.014311761
1581248879.0276122,000000000201,e78f135624ce,-81,14.042969792,8.323309629,1.807015104,0.021932033,0.025984896,-0.995015104,-0.995015104,-0.010007552,-0.022932033,-0.011007552,0.999,0.024984896
1581248879.4805775,000000000201,e78f135624ce,-86,14.01619351,8.450064637,1.802354834,6.4503e-05,0.023354834,-0.998,-0.998645166,-0.008709669,-6.4503e-05,-0.008709669,0.999645166,0.022709669
1581248879.9365764,000000000201,e78f135624ce,-76,13.998546433,8.508373655,1.801306696,0.006920088,0.022,-0.999,-0.999,-0.009306696,-0.007613392,-0.01,1.0,0.022
1581248880.3952055,000000000201,e78f135624ce,-85,13.974112528,8.527949988,1.812974994,0.015987497,0.019,-0.999,-1.0,-0.012,-0.016974994,-0.012987497,1.0,0.019
1581248880.8466125,000000000201,e78f135624ce,-92,13.956582554,8.525922119,1.816747663,0.027495327,0.018417446,-0.999,-0.999,-0.012582554,-0.027912772,-0.012582554,1.0,0.018
1581248882.2125466,000000000201,e78f135624ce,-77,13.852909467,8.479948267,1.778467667,0.039506467,0.026506467,-0.999,-0.999,-0.019,-0.039506467,-0.02,0.999,0.025506467
1581248882.6725907,000000000201,e78f135624ce,-78,13.818207972,8.476796457,1.766796457,0.029004429,0.028402657,-0.999,-0.999,-0.018800886,-0.029203543,-0.019800886,0.999,0.027601772
1581248883.1256108,000000000201,e78f135624ce,-72,13.788933714,8.486,1.764703169,0.015175792,0.026,-0.999,-1.0,-0.019648416,-0.015351584,-0.020648416,0.999,0.026
1581248883.5766115,000000000201,e78f135624ce,-76,13.757088841,8.49266352,1.76624764,0.01016824,0.02616824,-1.0,-1.0,-0.017,-0.01016824,-0.017,0.99941588,0.02558412
1581248884.0325596,000000000201,e78f135624ce,-77,13.726853659,8.496341463,1.757,0.009853659,0.028,-1.0,-1.0,-0.01995122,-0.010804878,-0.01995122,0.999,0.028
1581248884.487583,000000000201,e78f135624ce,-80,13.700009463,8.508398107,1.756097161,0.008699054,0.026601893,-1.0,-1.0,-0.019,-0.009,-0.019,0.999,0.026601893
1581248884.946568,000000000201,e78f135624ce,-73,13.659397344,8.510383555,1.754383555,0.012383555,0.025616445,-1.0,-1.0,-0.019616445,-0.012383555,-0.019616445,0.999,0.025616445
1581248885.4075677,000000000201,e78f135624ce,-81,13.607913814,8.500832894,1.750751975,0.018749342,0.025749342,-0.999083553,-1.0,-0.019916447,-0.019749342,-0.019916447,0.999083553,0.025749342
1581248885.8615744,000000000201,e78f135624ce,-80,13.576958131,8.511125606,1.759361246,0.010277509,0.022319377,-1.0,-1.0,-0.019,-0.010277509,-0.019319377,1.0,0.022319377
1581248886.3145854,000000000201,e78f135624ce,-75,13.5329724,8.5190138,1.75323965,0.0084931,0.02425345,-1.0,-1.0,-0.019,-0.0094931,-0.01925345,0.999,0.024
1581248886.7695923,000000000201,e78f135624ce,-85,13.479200329,8.520877759,1.761755519,0.005122241,0.020122241,-1.0,-1.0,-0.017122241,-0.005122241,-0.017122241,1.0,0.020122241
1581248887.2229671,000000000201,e78f135624ce,-76,13.444186939,8.537723615,1.767365831,-8.9446e-05,0.018544723,-1.0,-1.0,-0.016,8.9446e-05,-0.016,1.0,0.018544723
1581248887.6799464,000000000201,e78f135624ce,-82,13.398675947,8.546712297,1.754237432,0.002,0.021762568,-1.0,-1.0,-0.019,-0.002237432,-0.019,1.0,0.021762568
1581248888.135727,000000000201,e78f135624ce,-84,13.338996172,8.540598852,1.752299426,0.012500957,0.020900191,-1.0,-1.0,-0.019,-0.013401148,-0.019,1.0,0.020900191
1581248888.59059,000000000201,e78f135624ce,-74,13.288550724,8.539449276,1.744020289,0.019510145,0.022,-0.999,-0.999489855,-0.019,-0.019510145,-0.02,1.0,0.021489855
1581248889.5015922,000000000201,e78f135624ce,-79,13.172132014,8.496620636,1.742270106,0.034189682,0.021729894,-0.999,-0.999,-0.011729894,-0.035189682,-0.012,1.0,0.021729894
1581248889.9535813,000000000201,e78f135624ce,-78,13.119557679,8.49063942,1.752884642,0.035,0.018278839,-0.999,-0.999,-0.011,-0.035,-0.01136058,1.0,0.017278839
1581248889.9565997,000000000201,e78f135624ce,-79,13.119464806,8.490616201,1.753070388,0.035,0.018232403,-0.999,-0.999,-0.011,-0.035,-0.011383799,1.0,0.017232403
1581248890.405629,000000000201,e78f135624ce,-73,13.085134617,8.505,1.756026923,0.032991026,0.017991026,-0.999,-0.999,-0.013991026,-0.032991026,-0.014991026,1.0,0.017982051
1581248890.8670661,000000000201,e78f135624ce,-72,13.044624637,8.515,1.756651656,0.028669669,0.018339338,-0.999,-0.999,-0.017669669,-0.028669669,-0.018669669,1.0,0.018009006
1581248891.3170972,000000000201,e78f135624ce,-80,13.007,8.520545645,1.745986958,0.022480438,0.02225326,-0.999,-0.999,-0.01825326,-0.022733698,-0.01925326,1.0,0.02225326
1581248892.2296407,000000000201,e78f135624ce,-83,12.898535114,8.513072741,1.731877926,0.029683111,0.024561037,-0.999,-0.999,-0.017561037,-0.029683111,-0.018561037,0.999438963,0.024
1581248892.6815853,000000000201,e78f135624ce,-85,12.851981015,8.521043099,1.749382761,0.025382761,0.02,-0.999,-0.999,-0.01519138,-0.025382761,-0.01619138,1.0,0.019
1581248893.1356194,000000000201,e78f135624ce,-78,12.821284368,8.541472838,1.772648559,0.018472838,0.014175721,-0.999,-0.747536585,-0.012824279,-0.025824279,-0.013648559,0.747712306,0.011824279
1581248893.5896285,000000000201,e78f135624ce,-75,12.812764085,8.556528169,1.775646127,0.006353873,0.012235915,-0.999,-0.208626755,-0.006676937,-0.025,-0.007235915,0.208626755,0.011117958
1581248894.499,000000000201,e78f135624ce,-85,12.838350677,8.549939368,1.86683982,-0.009679639,0.013290045,-0.999290045,0.781826707,0.012709955,-0.015259729,0.012709955,-0.781826707,-0.011
1581248894.9546115,000000000201,e78f135624ce,-80,12.79873701,8.556103921,1.883053554,-0.01278897,0.013105515,-0.999368505,0.859477207,0.015368505,-0.016420465,0.015368505,-0.859477207,-0.012105515
1581248895.8606043,000000000201,e78f135624ce,-74,12.729095528,8.542933739,1.902970733,-0.005257317,0.015742683,-1.0,0.966389839,0.016580894,-0.005676422,0.016580894,-0.966389839,-0.015742683
1581248896.3135915,000000000201,e78f135624ce,-81,12.721390417,8.509842058,1.94769299,0.007232476,0.026539485,-0.999,0.988460515,0.020153505,0.008078971,0.021,-0.988460515,-0.026539485
1581248896.3166118,000000000201,e78f135624ce,-79,12.720923645,8.510171544,1.947638076,0.00709519,0.026457114,-0.999,0.988542886,0.020180962,0.007914228,0.021,-0.988542886,-0.026457114
1581248896.7707815,000000000201,e78f135624ce,-79,12.666518315,8.513814826,1.93266657,0.002370349,0.018555523,-1.0,0.996629651,0.017370349,0.002370349,0.017370349,-0.995814826,-0.018555523
1581248897.227587,000000000201,e78f135624ce,-74,12.603367839,8.529493707,1.911430773,-0.003,0.013974826,-1.0,0.999,0.013,-0.003,0.013,-0.998506293,-0.01348112
1581248898.1396532,000000000201,e78f135624ce,-84,12.486015315,8.533465073,1.842395218,-0.005,-0.000844976,-1.0,1.0,0.012,-0.005,0.012,-1.0,0.000689952
1581248898.5976343,000000000201,e78f135624ce,-78,12.432981189,8.536925971,1.824685073,-0.009462985,-0.002,-1.0,1.0,0.011537015,-0.009462985,0.011537015,-1.0,0.002
1581248899.059216,000000000201,e78f135624ce,-79,12.374853243,8.529251007,1.824478747,-0.010312752,0.000895749,-1.0,1.0,0.011104251,-0.010312752,0.011104251,-1.0,-0.000895749
1581248900.414598,000000000201,e78f135624ce,-79,12.212263483,8.530052697,1.817,-0.012017566,0.003,-1.0,1.0,0.01,-0.012017566,0.01,-1.0,-0.003
1581248900.8666162,000000000201,e78f135624ce,-86,12.150096033,8.521417414,1.818165173,-0.01,0.003582586,-1.0,1.0,0.011582586,-0.01,0.011582586,-1.0,-0.003582586
1581248901.320632,000000000201,e78f135624ce,-78,12.097806779,8.523996918,1.823199384,-0.011,0.006199384,-1.0,1.0,0.011800616,-0.011,0.011800616,-1.0,-0.006199384
1581248901.771048,000000000201,e78f135624ce,-74,12.049763155,8.524592105,1.828,-0.007394736,0.008,-1.0,1.0,0.010197368,-0.007394736,0.010197368,-1.0,-0.008
1581248902.2256134,000000000201,e78f135624ce,-83,12.001202986,8.523,1.824640597,-0.004546866,0.006546866,-1.0,1.0,0.010546866,-0.004,0.01,-1.0,-0.006546866
1581248902.6766334,000000000201,e78f135624ce,-87,11.948236346,8.524076365,1.814458192,-0.002923635,0.002152731,-1.0,1.0,0.012076365,-0.002923635,0.012076365,-1.0,-0.002152731
1581248903.1366515,000000000201,e78f135624ce,-77,11.891007248,8.541998188,1.818500906,-0.006,0.004250453,-1.0,1.0,0.011250453,-0.006,0.011250453,-1.0,-0.004250453
1581248904.9567578,000000000201,e78f135624ce,-72,11.680378627,8.566,1.810156641,-0.01,0.000616183,-1.0,1.0,0.011,-0.01,0.011,-1.0,-0.000616183
1581248905.4106147,000000000201,e78f135624ce,-75,11.631609112,8.569101519,1.821949241,-0.011050759,0.003,-1.0,1.0,0.011,-0.011050759,0.011,-1.0,-0.003050759
1581248905.8666704,000000000201,e78f135624ce,-83,11.587368158,8.56372921,1.813,-0.011454868,-0.001,-1.0,1.0,0.008,-0.011454868,0.008454868,-1.0,0.001
1581248906.7806785,000000000201,e78f135624ce,-75,11.492045012,8.549743641,1.82055773,-0.01518591,-0.00181409,-1.0,1.0,0.01118591,-0.01518591,0.01118591,-1.0,0.00181409
1581248907.2396493,000000000201,e78f135624ce,-74,11.442663612,8.552521024,1.827,-0.019521024,-0.001521024,-1.0,1.0,0.012478976,-0.019521024,0.012478976,-1.0,0.001
1581248907.6966567,000000000201,e78f135624ce,-74,11.388004917,8.552358196,1.825572131,-0.019572131,-0.003213935,-1.0,1.0,0.012786065,-0.019572131,0.012786065,-1.0,0.003
1581248908.1476629,000000000201,e78f135624ce,-74,11.340423653,8.550826882,1.820346236,-0.016,-0.004826882,-1.0,1.0,0.011,-0.016,0.011,-1.0,0.004826882
1581248908.5976536,000000000201,e78f135624ce,-78,11.280671717,8.545883244,1.820116756,-0.008883244,-0.004255496,-1.0,1.0,0.01,-0.008883244,0.01,-1.0,0.004255496
1581248909.0506217,000000000201,e78f135624ce,-72,11.218695337,8.551043459,1.818043459,-0.006086917,-0.005,-1.0,1.0,0.01,-0.006086917,0.01,-1.0,0.005
1581248910.40964,000000000201,e78f135624ce,-77,11.040848793,8.556142215,1.815,0.001857785,-0.003,-1.0,1.0,0.011,0.001857785,0.011,-1.0,0.003
1581248910.860656,000000000201,e78f135624ce,-78,10.988705819,8.547899169,1.823,0.002550416,0.0,-1.0,1.0,0.011,0.002550416,0.011,-1.0,-0.0
1581248911.3166363,000000000201,e78f135624ce,-73,10.931841455,8.541165506,1.828,0.001917247,0.001,-1.0,1.0,0.012917247,0.001917247,0.012917247,-1.0,-0.001
1581248911.7696466,000000000201,e78f135624ce,-72,10.880420856,8.535859715,1.826140285,0.001570143,-0.000429857,-1.0,1.0,0.011,0.001570143,0.011,-1.0,0.000429857
1581248912.2306879,000000000201,e78f135624ce,-77,10.824940819,8.539,1.820830492,-0.003415246,-0.001584754,-1.0,1.0,0.009,-0.003415246,0.009,-1.0,0.001584754
1581248913.1356716,000000000201,e78f135624ce,-76,10.712129283,8.536290239,1.825341952,-0.005974143,-0.002658048,-1.0,1.0,0.011,-0.005974143,0.011,-1.0,0.002658048
1581248913.5886652,000000000201,e78f135624ce,-72,10.655005084,8.546065311,1.819733672,-0.006,-0.005266328,-1.0,1.0,0.010266328,-0.006266328,0.010266328,-1.0,0.005266328
1581248914.0416508,000000000201,e78f135624ce,-77,10.601505517,8.543652573,1.818231618,-0.001,-0.006884191,-1.0,1.0,0.010884191,-0.001,0.010884191,-1.0,0.006884191
1581248914.4956524,000000000201,e78f135624ce,-82,10.55304463,8.545939284,1.82,-0.000469642,-0.005,-1.0,1.0,0.01,-0.000469642,0.01,-1.0,0.005
1581248914.9466484,000000000201,e78f135624ce,-85,10.500698942,8.545460212,1.817846596,0.000693192,-0.003846596,-1.0,1.0,0.01,0.000693192,0.01,-1.0,0.003846596
1581248915.3986847,000000000201,e78f135624ce,-75,10.44273615,8.544766491,1.816766491,-0.000532981,-0.001233509,-1.0,1.0,0.009467019,-0.000532981,0.009467019,-1.0,0.001233509
1581248915.8569062,000000000201,e78f135624ce,-78,10.384152688,8.549,1.815634543,-0.004365457,0.0,-1.0,1.0,0.011,-0.004365457,0.011,-1.0,0.0
1581248917.2196853,000000000201,e78f135624ce,-77,10.226148972,8.544325099,1.825911937,-0.008781067,0.008455968,-0.999693004,0.999693004,0.01353498,-0.008781067,0.01353498,-1.0,-0.009148972
1581248917.6796927,000000000201,e78f135624ce,-71,10.23204267,8.463487959,1.863106675,0.03421335,0.02204267,-0.998978665,0.998978665,0.021,0.034234685,0.022,-0.999,-0.021021335
1581248918.1396399,000000000201,e78f135624ce,-72,10.197098023,8.477554122,1.865347855,0.019054457,0.022673928,-0.998,0.196763738,0.009684819,0.048021783,0.010684819,-0.197763738,-0.007358747
1581248919.0466805,000000000201,e78f135624ce,-77,10.027860782,8.566286078,1.840572156,-0.011,0.009286078,-1.0,0.305098455,0.006713922,0.006858235,0.007713922,-0.305098455,0.002143039
1581248919.4976585,000000000201,e78f135624ce,-79,9.96149814,8.57,1.829,-0.011468866,0.005,-1.0,0.681417757,0.009468866,-0.004937732,0.009468866,-0.681417757,6.2268e-05
1581248919.9476626,000000000201,e78f135624ce,-76,9.898482911,8.563084283,1.822747152,-0.011168565,0.003915717,-1.0,0.898359916,0.010915717,-0.009168565,0.010915717,-0.898359916,-0.002
1581248920.4087014,000000000201,e78f135624ce,-75,9.829200665,8.564466741,1.81823337,-0.012,0.005,-1.0,0.780497228,0.009,-0.01276663,0.009,-0.780497228,-0.001533259
1581248920.8616521,000000000201,e78f135624ce,-76,9.770007168,8.573374552,1.814625448,-0.019374552,0.004,-1.0,0.928865591,0.01,-0.019374552,0.01,-0.929240143,-0.003
1581248921.311659,000000000201,e78f135624ce,-82,9.692931724,8.576038822,1.819883534,-0.003310575,0.009883534,-1.0,0.057985233,0.004077644,-0.019,0.004077644,-0.057985233,0.005844713
1581248921.7676814,000000000201,e78f135624ce,-71,9.60729646,8.568622888,1.828622888,0.014245776,0.015245776,-1.0,-0.662517698,-0.000377112,-0.021377112,-0.001,0.662517698,0.013868664
1581248922.2206812,000000000201,e78f135624ce,-71,9.530034374,8.560477303,1.834,0.022261349,0.018261349,-0.999738651,-0.89310181,-0.000522697,-0.025,-0.001261349,0.89310181,0.018
1581248922.6776755,000000000201,e78f135624ce,-83,9.461354553,8.560075253,1.835150506,0.022924747,0.018924747,-1.0,-0.966096965,-0.002924747,-0.023924747,-0.002924747,0.966096965,0.018924747
1581248923.1296651,000000000201,e78f135624ce,-75,9.396080772,8.547901358,1.833,0.02852466,0.02147534,-0.999,-0.988573981,-0.00252466,-0.02852466,-0.003049321,0.988573981,0.021
1581248923.5896847,000000000201,e78f135624ce,-74,9.327595729,8.580446821,1.81865957,-0.017255331,0.01142553,-0.99880851,-0.007233849,-0.002,-0.04753192,-0.002,0.007042359,0.00842553
1581248924.043091,000000000201,e78f135624ce,-73,9.235904625,8.647911903,1.792453222,-0.068001819,0.004363306,-0.997,0.675018193,-0.005636694,-0.077546778,-0.006455042,-0.678654888,0.002181653
1581248924.4959066,000000000201,e78f135624ce,-82,9.116615248,8.465605957,1.78354461,0.065652412,0.01891078,-0.99254461,-0.415604046,-0.01745539,-0.11636617,-0.01991078,0.420514826,0.01591078
1581248925.4096792,000000000201,e78f135624ce,-78,9.056900889,8.468198221,1.807099111,0.041900889,0.017225222,-0.998,-0.940495553,-0.008,-0.046576556,-0.009,0.942495553,0.016225222
1581248925.8626444,000000000201,e78f135624ce,-76,9.030059574,8.502653428,1.818980142,0.030326714,0.015,-0.999,-0.98063357,-0.005326714,-0.032326714,-0.006,0.980960284,0.014673286
1581248926.323692,000000000201,e78f135624ce,-74,8.99025833,8.510892363,1.824956945,0.033021527,0.014021527,-0.999,-0.992956945,-0.006978473,-0.033043055,-0.007,0.993956945,0.013043055
1581248926.3266852,000000000201,e78f135624ce,-75,8.990001778,8.510999259,1.824999704,0.033000148,0.014000148,-0.999,-0.992999704,-0.006999852,-0.033000296,-0.007,0.993999704,0.013000296
1581248926.781689,000000000201,e78f135624ce,-83,8.949215498,8.5113569,1.82932155,0.03632155,0.01267845,-0.999,-0.99767845,-0.00667845,-0.03632155,-0.007,0.998,0.01267845
1581248927.2387972,000000000201,e78f135624ce,-73,8.90753503,8.509883757,1.833744162,0.039372081,0.011627919,-0.999,-0.999,-0.005,-0.039372081,-0.005372081,0.999,0.011255838
1581248927.700716,000000000201,e78f135624ce,-83,8.863799127,8.511899927,1.834,0.039100073,0.011100073,-0.999,-0.999,-0.005899927,-0.039100073,-0.006899927,1.0,0.011100073
1581248928.1556334,000000000201,e78f135624ce,-79,8.820107241,8.502282476,1.827564953,0.043717524,0.014,-0.999,-0.999,-0.007435047,-0.043717524,-0.007717524,1.0,0.013
1581248929.0686824,000000000201,e78f135624ce,-80,8.714802349,8.503713447,1.835,0.041171932,0.010942689,-0.999,-0.999,-0.004057311,-0.041171932,-0.004114621,1.0,0.010942689
1581248929.525701,000000000201,e78f135624ce,-74,8.663492829,8.513038275,1.83678469,0.03478469,0.009,-0.999,-0.999,-0.004607655,-0.03478469,-0.004607655,1.0,0.009
1581248930.440704,000000000201,e78f135624ce,-69,8.5617002,8.527899971,1.835949986,0.031050014,0.009,-0.999,-0.999,-0.005050014,-0.031050014,-0.006050014,1.0,0.009
1581248931.798712,000000000201,e78f135624ce,-79,8.416799389,8.522215338,1.831861351,0.036784662,0.013569325,-0.999,-0.999,-0.005,-0.036784662,-0.006,1.0,0.013569325
1581248932.2506979,000000000201,e78f135624ce,-77,8.361354833,8.523,1.836661292,0.038,0.012169354,-0.999,-0.999,-0.005,-0.038,-0.005,1.0,0.012169354
1581248932.7102184,000000000201,e78f135624ce,-81,8.30864874,8.529584228,1.843,0.036311829,0.011,-0.999,-0.999,-0.005103943,-0.036311829,-0.005207886,1.0,0.011
1581248933.1607192,000000000201,e78f135624ce,-74,8.258798226,8.512799335,1.841,0.043400222,0.014,-0.999,-0.999,-0.005700111,-0.043400222,-0.006700111,1.0,0.013299889
1581248933.6167395,000000000201,e78f135624ce,-85,8.203994957,8.504,1.834666387,0.045,0.016,-0.999,-0.999,-0.005666387,-0.045,-0.006666387,1.0,0.015333613
1581248934.0697153,000000000201,e78f135624ce,-72,8.148806615,8.49337642,1.831107549,0.049838677,0.016,-0.999,-0.999,-0.006,-0.049838677,-0.007,1.0,0.015946226
1581248934.5226972,000000000201,e78f135624ce,-82,8.096400867,8.494,1.825908159,0.050584549,0.016169097,-0.999,-0.999,-0.007584549,-0.050584549,-0.008584549,1.0,0.015753646
1581248935.435737,000000000201,e78f135624ce,-71,7.986553932,8.494182816,1.834817184,0.060817184,0.012,-0.998,-0.998,-0.005091408,-0.060817184,-0.005182816,1.0,0.012
1581248935.8857062,000000000201,e78f135624ce,-71,7.926427225,8.494672744,1.825554543,0.066109085,0.014445457,-0.998,-0.998,-0.008109085,-0.066554543,-0.009109085,1.0,0.014
1581248936.3387153,000000000201,e78f135624ce,-79,7.871689457,8.511963466,1.830091336,0.062036534,0.012981733,-0.998,-0.998,-0.005963466,-0.062036534,-0.006963466,1.0,0.011981733
1581248936.7919989,000000000201,e78f135624ce,-72,7.814109374,8.504958008,1.838361328,0.065,0.010680664,-0.998,-0.998,-0.005638672,-0.065,-0.006319336,1.0,0.01
1581248937.247731,000000000201,e78f135624ce,-71,7.759168558,8.50527107,1.84572893,0.05827107,0.008635535,-0.998,-0.998,-0.006364465,-0.05827107,-0.007,1.0,0.008
1581248938.157713,000000000201,e78f135624ce,-77,7.648962735,8.494,1.848,0.044417924,0.008,-0.999,-0.999,-0.007,-0.044417924,-0.008,1.0,0.008
1581248938.6203403,000000000201,e78f135624ce,-75,7.595801948,8.491528839,1.844140374,0.033776929,0.008776929,-0.999,-0.999,-0.007,-0.034471161,-0.008,1.0,0.008776929
1581248939.0782359,000000000201,e78f135624ce,-69,7.533907506,8.497121001,1.842302502,0.026,0.008878999,-1.0,-1.0,-0.007,-0.026,-0.0079395,1.0,0.008878999
1581248939.5347316,000000000201,e78f135624ce,-74,7.470796633,8.507601188,1.841799604,0.018199406,0.007600198,-1.0,-1.0,-0.009399802,-0.018199406,-0.009399802,1.0,0.007200396
1581248939.986747,000000000201,e78f135624ce,-76,7.405302623,8.499,1.844693258,0.02,0.005768914,-1.0,-1.0,-0.007,-0.02,-0.007,1.0,0.005768914
1581248940.4467294,000000000201,e78f135624ce,-76,7.337163913,8.497083137,1.851,0.022916863,0.003916863,-1.0,-1.0,-0.009083137,-0.022916863,-0.009083137,1.0,0.003
1581248940.9055073,000000000201,e78f135624ce,-77,7.27567978,8.498,1.845559927,0.025146691,0.008146691,-1.0,-1.0,-0.006,-0.025146691,-0.006,1.0,0.007720037
1581248941.8137364,000000000201,e78f135624ce,-75,7.168827011,8.506706753,1.845293247,0.036469935,0.006353376,-0.999,-0.999,-0.008646624,-0.036469935,-0.008646624,1.0,0.006353376
1581248942.2647018,000000000201,e78f135624ce,-81,7.108523664,8.515446123,1.839892246,0.042338369,0.009553877,-0.999,-0.999,-0.008107754,-0.042338369,-0.008553877,1.0,0.009
1581248942.7157257,000000000201,e78f135624ce,-74,7.041612332,8.513861233,1.834693834,0.049138767,0.010722466,-0.999,-0.999,-0.011930617,-0.050069383,-0.012,1.0,0.009722466
1581248943.1767352,000000000201,e78f135624ce,-83,6.976244868,8.509249756,1.837751222,0.051,0.009499511,-0.999,-0.999,-0.010249756,-0.051,-0.011,1.0,0.008499511
1581248943.6317294,000000000201,e78f135624ce,-84,6.903871282,8.500375196,1.844998434,0.046499217,0.006125587,-0.999,-0.999,-0.009624804,-0.046499217,-0.010624804,1.0,0.006125587
1581248944.086736,000000000201,e78f135624ce,-88,6.838994743,8.493,1.828002253,0.036999499,0.011998999,-0.999,-0.999,-0.008000501,-0.036999499,-0.00900025,1.0,0.011998999
1581248944.9947333,000000000201,e78f135624ce,-78,6.726197251,8.494414962,1.844047634,0.026707481,0.006414962,-1.0,-1.0,-0.008292519,-0.026707481,-0.008292519,1.0,0.006122443
1581248945.4487982,000000000201,e78f135624ce,-80,6.67665897,8.507802309,1.845395382,0.020065897,0.005934103,-1.0,-1.0,-0.011868206,-0.020065897,-0.011868206,1.0,0.005868206
1581248945.9007325,000000000201,e78f135624ce,-80,6.626141577,8.505017697,1.847473454,0.019491151,0.006508849,-1.0,-1.0,-0.009,-0.02,-0.009508849,1.0,0.006
1581248946.3608315,000000000201,e78f135624ce,-73,6.578284145,8.506696705,1.853101098,0.017972684,0.005871585,-1.0,-0.95839369,-0.008614756,-0.018743171,-0.008614756,0.95839369,0.006
1581248946.8137186,000000000201,e78f135624ce,-72,6.614109405,8.585649367,1.86411501,-0.006178119,0.008528752,-0.999,0.291214665,0.009057505,-0.018356238,0.009057505,-0.291214665,-0.004293129
1581248947.2667599,000000000201,e78f135624ce,-77,6.602568342,8.659723932,1.87128147,-0.025573744,0.013142085,-0.999,0.582144786,0.011142085,-0.026715829,0.010571043,-0.583144786,-0.006713128
1581248948.1798985,000000000201,e78f135624ce,-80,6.553117764,8.695294079,1.872756297,-0.030025188,0.012268891,-0.999,0.618705921,0.011243703,-0.030781485,0.010487406,-0.619462218,-0.006756297
1581248948.631755,000000000201,e78f135624ce,-73,6.499681371,8.705857818,1.854911776,-0.039318629,0.005637259,-0.999,0.691995275,0.009637259,-0.041318629,0.009637259,-0.692995275,-0.003955888
1581248949.08773,000000000201,e78f135624ce,-78,6.455025826,8.694679429,1.850384685,-0.042551201,0.005064114,-0.998064114,0.739973273,0.01,-0.048679429,0.009935886,-0.740973273,-0.004
1581248949.5468817,000000000201,e78f135624ce,-75,6.414665261,8.688634318,1.847083685,-0.051933896,0.007616737,-0.998,0.850603375,0.012233474,-0.055317159,0.011233474,-0.851986638,-0.005233474
1581248949.9977493,000000000201,e78f135624ce,-86,6.374462873,8.677238796,1.857716389,-0.052761204,0.01,-0.998,0.850268235,0.011477592,-0.053761204,0.011238796,-0.851268235,-0.008238796
1581248950.455745,000000000201,e78f135624ce,-77,6.312648867,8.666177938,1.865365361,-0.04209134,0.011,-0.999,0.854311961,0.01309134,-0.043,0.01309134,-0.855311961,-0.00918268
1581248950.9087582,000000000201,e78f135624ce,-69,6.262897385,8.639277667,1.885171026,-0.030965795,0.016551308,-0.999,0.948273641,0.014965795,-0.030965795,0.014482897,-0.948273641,-0.015551308
1581248951.359767,000000000201,e78f135624ce,-71,6.222387788,8.620088422,1.901564631,-0.031326526,0.018782316,-0.999,0.982544211,0.017108842,-0.030326526,0.017108842,-0.983435369,-0.018891158
1581248951.816738,000000000201,e78f135624ce,-79,6.160691569,8.616688369,1.895155816,-0.031691569,0.017308431,-0.999,0.993769477,0.015230523,-0.031691569,0.015230523,-0.994538954,-0.017308431
1581248952.270729,000000000201,e78f135624ce,-76,6.126519862,8.592077816,1.860584437,-0.026662253,0.011,-0.999,0.946649011,0.013831126,-0.027662253,0.013831126,-0.946649011,-0.009415563
1581248952.7278233,000000000201,e78f135624ce,-72,6.049434435,8.608197264,1.875144812,-0.034427594,0.015657925,-0.999,0.982427594,0.017,-0.034427594,0.016085519,-0.983342075,-0.015657925
1581248953.64275,000000000201,e78f135624ce,-87,5.88510526,8.634604416,1.859162987,-0.042534805,0.012848896,-0.999,0.997,0.016232597,-0.041918506,0.015616299,-0.998,-0.013465195
1581248954.092706,000000000201,e78f135624ce,-75,5.824738451,8.635723081,1.844123075,-0.039907694,0.008061538,-0.999,0.998,0.015969231,-0.039907694,0.015969231,-0.999,-0.009030769
1581248954.5457795,000000000201,e78f135624ce,-69,5.771876123,8.618,1.859649551,-0.034391742,0.012608258,-0.999,0.999,0.016216517,-0.034,0.015608258,-1.0,-0.013
1581248954.9977345,000000000201,e78f135624ce,-77,5.676316891,8.649386825,1.855477365,-0.04495473,0.009,-0.999,0.999,0.016,-0.04495473,0.015238682,-1.0,-0.009238682
1581248955.4568834,000000000201,e78f135624ce,-64,5.613900385,8.650491119,1.862672587,-0.043245559,0.010836294,-0.999,0.999,0.016,-0.042327413,0.015,-1.0,-0.010918147
1581248955.9077578,000000000201,e78f135624ce,-69,5.559717836,8.647392325,1.856143567,-0.040464108,0.007071784,-0.999,0.999,0.015,-0.040464108,0.014,-1.0,-0.008071784
1581248956.3607898,000000000201,e78f135624ce,-67,5.502331729,8.649074252,1.853962874,-0.040037126,0.005962874,-0.999,0.999,0.016037126,-0.040037126,0.016,-1.0,-0.006
1581248956.8157825,000000000201,e78f135624ce,-72,5.447261571,8.650707691,1.868046166,-0.039,0.009876928,-0.999,0.999,0.018876928,-0.039,0.018584619,-1.0,-0.010584619
1581248957.2698858,000000000201,e78f135624ce,-78,5.386364012,8.65341871,1.864341003,-0.038519427,0.00786043,-0.999,0.999,0.018620143,-0.03813957,0.017620143,-1.0,-0.00886043
1581248957.7288175,000000000201,e78f135624ce,-67,5.307923716,8.672778606,1.862394417,-0.040173024,0.006740465,-0.999,0.999,0.018,-0.040173024,0.018,-1.0,-0.007740465
1581248958.1868122,000000000201,e78f135624ce,-64,5.239076409,8.687,1.857369436,-0.037815282,0.006184718,-0.999,0.999,0.018728239,-0.037815282,0.018,-1.0,-0.006184718
1581248958.637756,000000000201,e78f135624ce,-66,5.180072228,8.684846825,1.85543545,-0.028,0.005717725,-0.999,0.999,0.018,-0.028,0.018,-1.0,-0.005717725
1581248959.0907764,000000000201,e78f135624ce,-67,5.130479163,8.675227564,1.856,-0.019227564,0.007,-1.0,1.0,0.018,-0.019227564,0.017886218,-1.0,-0.007113782
1581248959.5447562,000000000201,e78f135624ce,-66,5.065101111,8.674953072,1.856429608,-0.020476536,0.007953072,-1.0,1.0,0.017,-0.020476536,0.017,-1.0,-0.008476536
1581248959.995833,000000000201,e78f135624ce,-69,5.00023442,8.678558605,1.858411473,-0.022705737,0.009705737,-1.0,1.0,0.017852868,-0.022705737,0.017,-1.0,-0.009705737
1581248960.4457462,000000000201,e78f135624ce,-68,4.952869954,8.672484006,1.854805979,-0.024226009,0.007773991,-1.0,0.999257997,0.018257997,-0.023484006,0.018257997,-1.0,-0.007773991
1581248960.9017859,000000000201,e78f135624ce,-66,4.827470671,8.663105669,1.863232669,-0.008989335,0.003629666,-0.999,0.137897696,0.000370334,-0.028878333,0.000370334,-0.137897696,-0.003619001
1581248961.3597322,000000000201,e78f135624ce,-63,4.750142563,8.621672156,1.841495625,-0.001722594,0.009126094,-0.999,0.007090063,-0.000151312,-0.041,-0.000176531,-0.007090063,0.001176531
1581248961.8127582,000000000201,e78f135624ce,-65,4.693352236,8.664943293,1.824647764,-0.008633588,0.011676118,-0.999,-0.267061072,-0.006352236,-0.026338059,-0.006352236,0.267061072,0.004676118
1581248962.267202,000000000201,e78f135624ce,-73,4.59213095,8.607934525,1.810311508,0.008819442,0.014065475,-0.999,-0.34953566,-0.009065475,-0.036376983,-0.009065475,0.34953566,0.008376983
1581248962.7187881,000000000201,e78f135624ce,-68,4.547725785,8.63148245,1.848076274,-0.012406176,0.000329902,-0.999,-0.13441647,-0.005,-0.027461863,-0.005,0.13441647,-0.002868039
1581248963.1687632,000000000201,e78f135624ce,-71,4.468897134,8.59886003,1.80013997,-0.006137154,0.013068577,-0.999,-0.364108496,-0.009517144,-0.017345701,-0.01,0.364108496,0.011551433
1581248964.5319014,000000000201,e78f135624ce,-69,4.316849162,8.647189942,1.863754191,-0.008396647,0.003273743,-1.0,-0.171022354,-0.004150838,-0.010150838,-0.004150838,0.171022354,-0.005150838
1581248964.9867926,000000000201,e78f135624ce,-69,4.291068914,8.702844819,1.840620724,-0.020155181,0.005767228,-0.999,-0.15539613,-0.004844819,-0.006387953,-0.004844819,0.15539613,0.002844819
1581248965.447793,000000000201,e78f135624ce,-71,4.224614101,8.678012738,1.794360424,-0.017313419,0.015590599,-0.999,-0.221150877,-0.006554359,-0.006614101,-0.006554359,0.220391817,0.013108719
1581248965.8978279,000000000201,e78f135624ce,-73,4.214170727,8.650736582,1.810546345,-0.007434145,0.012282927,-1.0,0.53819518,0.011131709,-0.001717073,0.011131709,-0.538912253,-0.000131709
1581248966.348846,000000000201,e78f135624ce,-76,4.194,8.615785992,1.832107004,0.004107004,0.012744858,-1.0,0.851366315,0.017872429,0.006234575,0.017872429,-0.851366315,-0.009489717
1581248966.7997906,000000000201,e78f135624ce,-75,4.174823727,8.578257625,1.836477966,0.014566102,0.010477966,-1.0,0.952308478,0.018477966,0.015044068,0.018477966,-0.952830512,-0.009477966
1581248967.2547784,000000000201,e78f135624ce,-68,4.144393261,8.542596371,1.842598963,0.022,0.011598963,-1.0,0.984802074,0.019,0.022,0.019,-0.984802074,-0.010598963
1581248967.7067819,000000000201,e78f135624ce,-83,4.101173521,8.515267887,1.84345662,0.023,0.010818873,-1.0,0.994637746,0.018,0.023,0.018,-0.994818873,-0.010637746
1581248968.1589062,000000000201,e78f135624ce,-81,4.014258088,8.544069118,1.84261636,0.006232721,0.01,-1.0,-0.047104594,0.002081801,0.015465441,0.002081801,0.046488234,-0.000232721
