1581248844.0228548,000000000401,e78f135624ce,-69,18.001,8.381,1.872,0.021,0.006,-1.002,0.997,0.024,0.021,0.024,-1.002,-0.01
1581248844.473797,000000000401,e78f135624ce,-62,17.999,8.395205605,1.869198599,0.015297898,0.006099299,-1.001,0.998,0.023,0.015297898,0.023900701,-1.001,-0.008198599
1581248844.9322162,000000000401,e78f135624ce,-60,17.981191523,8.410838305,1.859838305,0.020323391,0.007580848,-1.0,0.303877567,0.010514914,-0.006065934,0.010095762,-0.304877567,0.000161695
1581248845.3868499,000000000401,e78f135624ce,-65,17.937449358,8.420550642,1.868782518,0.021376864,-0.002086889,-1.0,-0.565984567,-0.00669563,-0.016608741,-0.00669563,0.565984567,-0.004855012
1581248845.8428526,000000000401,e78f135624ce,-66,17.902881575,8.447251879,1.902370303,0.011496243,-0.019874061,-1.0,-0.861954913,-0.013748121,-0.010244364,-0.013748121,0.861954913,-0.020874061
1581248846.3010504,000000000401,e78f135624ce,-69,17.883035756,8.457952325,1.906952325,0.011023838,-0.016470203,-1.0,-0.955916569,-0.015494041,-0.010023838,-0.015494041,0.955422528,-0.016976162
1581248847.208823,000000000401,e78f135624ce,-60,17.859729407,8.489270593,1.936352965,0.002188221,-0.026352965,-1.0,-0.995458814,-0.015270593,-0.001188221,-0.015270593,0.994729407,-0.026352965
1581248847.6619594,000000000401,e78f135624ce,-60,17.859394668,8.479842659,1.918842659,0.011368006,-0.011026662,-0.999,-0.998,-0.014,-0.011368006,-0.014,0.998,-0.011026662
1581248848.1158416,000000000401,e78f135624ce,-67,17.866065255,8.454934745,1.884477959,0.024934745,0.006195765,-0.999,-0.999,-0.013,-0.024934745,-0.014,0.999,0.005195765
1581248848.572835,000000000401,e78f135624ce,-70,17.872692082,8.432539589,1.860847507,0.033692082,0.012692082,-0.999,-0.999,-0.013,-0.034384164,-0.014,1.0,0.012384164
1581248849.027929,000000000401,e78f135624ce,-62,17.877260192,8.415479615,1.84895923,0.039,0.014260192,-0.999,-0.999,-0.013,-0.039,-0.014,1.0,0.013260192
1581248849.9408824,000000000401,e78f135624ce,-65,17.86557647,8.423141177,1.841864705,0.023858823,0.01142353,-0.999,-0.999,-0.013429412,-0.024429412,-0.013429412,1.0,0.010994118
1581248850.3918247,000000000401,e78f135624ce,-57,17.830067784,8.411488119,1.842352551,0.032159329,0.009033892,-0.999,-0.999,-0.013193222,-0.032966108,-0.013193222,1.0,0.008227114
1581248850.847827,000000000401,e78f135624ce,-65,17.782359869,8.393,1.842528026,0.031471974,0.009314649,-0.999,-0.999,-0.014,-0.032314649,-0.014842675,1.0,0.009314649
1581248851.297846,000000000401,e78f135624ce,-81,17.709902815,8.403590659,1.850869162,0.021983174,0.005704671,-0.999,-0.999,-0.015,-0.021983174,-0.015,1.0,0.005130838
1581248851.748814,000000000401,e78f135624ce,-60,17.631595948,8.404017567,1.83078919,0.028052702,0.019105405,-0.999,-0.999,-0.014982433,-0.028052702,-0.015,0.999982433,0.018122972
1581248852.2018247,000000000401,e78f135624ce,-54,17.546940538,8.408559575,1.832726204,0.039476147,0.016619037,-0.998345241,-0.868499886,-0.013654759,-0.042821388,-0.014654759,0.869499886,0.014619037
1581248852.6608512,000000000401,e78f135624ce,-67,17.443170939,8.420208414,1.816056214,0.03975411,0.026962524,-0.998,-0.957735372,-0.013679159,-0.041093689,-0.014339579,0.958414531,0.025962524
1581248853.5657723,000000000401,e78f135624ce,-51,17.234308965,8.4337844,1.8297844,0.037668918,0.017668918,-0.997575553,-0.595904778,-0.008424447,-0.051848894,-0.009848894,0.596904778,0.012093365
1581248854.0228224,000000000401,e78f135624ce,-56,17.121035628,8.459605997,1.85869418,0.02495873,0.007870547,-0.998,-0.527380946,-0.006435273,-0.04665291,-0.007435273,0.527380946,0.00030582
1581248854.4757662,000000000401,e78f135624ce,-63,17.018671188,8.446550321,1.851355698,0.02177183,0.010483226,-0.998,-0.499912922,-0.007161075,-0.042805377,-0.007322151,0.500912922,0.005644302
1581248854.9328184,000000000401,e78f135624ce,-57,16.90330318,8.407154033,1.870982885,0.031422984,0.002,-0.998508557,-0.660689506,-0.01196577,-0.038914426,-0.012457213,0.661689506,-0.001508557
1581248855.3908868,000000000401,e78f135624ce,-57,16.816163826,8.40388396,1.8602099,0.026186007,0.012302047,-0.999,-0.510854928,-0.008372013,-0.032813993,-0.009372013,0.511668921,0.00467406
1581248855.8428152,000000000401,e78f135624ce,-69,16.738298472,8.429565623,1.864439037,0.014434377,0.006389076,-0.999,-0.46203728,-0.007914057,-0.016434377,-0.008131245,0.46203728,-4.5302e-05
1581248856.2947676,000000000401,e78f135624ce,-60,16.673387669,8.452041654,1.863155789,0.010806166,0.00676812,-0.999,-0.230891431,-0.00338406,-0.011806166,-0.00438406,0.231237446,0.00046015
1581248856.74478,000000000401,e78f135624ce,-77,16.623766667,8.412659259,1.856914815,0.03017037,0.011,-0.999,-0.276566668,-0.00617037,-0.025425926,-0.006255556,0.276566668,0.00217037
1581248857.2068,000000000401,e78f135624ce,-60,16.560842368,8.417772954,1.849347069,0.023504701,0.014504701,-0.999,-0.388705746,-0.006930586,-0.016791759,-0.007930586,0.388705746,0.005791759
1581248857.6678061,000000000401,e78f135624ce,-57,16.515,8.382840025,1.852,0.035174992,0.011,-0.999,-0.170884459,-0.003174992,-0.023889978,-0.003174992,0.171884459,0.000904995
1581248858.1208453,000000000401,e78f135624ce,-57,16.495733894,8.436236538,1.849,0.019970433,0.01,-0.999029567,0.633956729,0.008059135,0.002118269,0.008059135,-0.633956729,-0.006029567
1581248858.5717826,000000000401,e78f135624ce,-58,16.456900729,8.459732847,1.849183212,0.011633576,0.011,-1.0,0.879481025,0.012183212,0.005816788,0.012183212,-0.879072631,-0.009591606
1581248859.0228066,000000000401,e78f135624ce,-65,16.417255762,8.480402517,1.844,-0.000402517,0.009,-1.0,0.960475894,0.013,-0.002268344,0.013,-0.960475894,-0.008134172
1581248859.9297593,000000000401,e78f135624ce,-59,16.322102769,8.516408103,1.836816205,-0.023408103,0.008408103,-1.0,0.995408103,0.013,-0.023408103,0.013,-0.995816205,-0.008816205
1581248860.3877985,000000000401,e78f135624ce,-63,16.275976063,8.519829344,1.840255984,-0.024829344,0.01,-1.0,0.998085328,0.015085328,-0.024829344,0.015085328,-0.999,-0.010085328
1581248860.8387866,000000000401,e78f135624ce,-65,16.229107926,8.515368011,1.843,-0.022684006,0.010684006,-1.0,0.999,0.016315994,-0.022,0.016,-0.999,-0.011
1581248861.291746,000000000401,e78f135624ce,-59,16.182496006,8.52,1.846,-0.020124002,0.012,-1.0,1.0,0.016,-0.019416001,0.015291999,-1.0,-0.012708001
1581248861.7437816,000000000401,e78f135624ce,-60,16.136292442,8.524900581,1.844,-0.015099419,0.011,-1.0,1.0,0.015,-0.015099419,0.015,-1.0,-0.011
1581248862.201787,000000000401,e78f135624ce,-62,16.096069442,8.530155093,1.842422454,-0.012,0.01,-1.0,1.0,0.015577546,-0.012,0.015577546,-1.0,-0.01
1581248862.6527603,000000000401,e78f135624ce,-62,16.052394564,8.529,1.839,-0.008799582,0.009,-1.0,1.0,0.015,-0.008799582,0.015,-1.0,-0.009
1581248863.5557072,000000000401,e78f135624ce,-58,15.936833123,8.430174463,1.849925411,0.029533502,0.005874842,-0.997591656,0.023413402,-0.000858407,-0.030533502,-0.001450063,-0.022413402,-0.00330847
1581248864.007762,000000000401,e78f135624ce,-52,15.867868005,8.3949912,1.869885605,0.029982401,0.001052798,-0.998,-0.211973601,-0.008,-0.027982401,-0.008,0.212964801,-0.003947202
1581248864.4647493,000000000401,e78f135624ce,-56,15.814486636,8.404545134,1.84503177,0.023259203,0.00896823,-0.999,-0.065401409,-0.004645487,-0.01690469,-0.004645487,0.066401409,0.00396823
1581248864.9167356,000000000401,e78f135624ce,-57,15.755304948,8.397917817,1.840387131,0.026387131,0.008768316,-0.998692079,-0.121774262,-0.007,-0.021695052,-0.007,0.122082183,0.002460395
1581248865.3717275,000000000401,e78f135624ce,-51,15.68978825,8.436921342,1.861792566,0.012373382,0.003041487,-0.999,-0.174626618,-0.006041487,-0.014331895,-0.006041487,0.175626618,-0.003958513
1581248865.8337438,000000000401,e78f135624ce,-57,15.626373552,8.5213604,1.851484918,-0.009609435,0.007171694,-0.999,-0.119071909,-0.005218871,-0.000781129,-0.005218871,0.119071909,0.001171694
1581248866.2887404,000000000401,e78f135624ce,-58,15.571594679,8.450184664,1.840397496,0.021605634,0.012801252,-0.997,-0.280863848,-0.008600939,-0.034004695,-0.008801252,0.282064161,0.007001565
1581248866.7398112,000000000401,e78f135624ce,-62,15.506650007,8.398005254,1.828610535,0.027265796,0.013655261,-0.997,-0.298042168,-0.010192106,-0.047536845,-0.010192106,0.299234273,0.009655261
1581248867.191778,000000000401,e78f135624ce,-62,15.434239198,8.379225602,1.853351999,0.021422399,0.0033944,-0.9974648,-0.239787189,-0.0125352,-0.0501408,-0.0125352,0.240787189,-7.04e-05
1581248867.652039,000000000401,e78f135624ce,-57,15.343571468,8.405152336,1.865,0.001647636,-0.002180951,-0.997180951,-0.221914294,-0.013,-0.050733343,-0.013,0.222733343,-0.004
1581248868.1047294,000000000401,e78f135624ce,-53,15.256998931,8.441184827,1.887207266,-0.003192306,-0.011201923,-0.996199786,-0.294851504,-0.015600427,-0.057202992,-0.014600427,0.295451932,-0.011002137
1581248868.5617628,000000000401,e78f135624ce,-51,15.243446274,8.409903922,1.897867255,0.016867255,0.001771176,-0.996409608,-0.260342549,-0.010638431,-0.048180784,-0.010228824,0.260752157,-0.007409608
1581248869.0177512,000000000401,e78f135624ce,-60,15.191947739,8.488407704,1.843817085,0.001261307,0.013060972,-0.99699129,-0.656792631,-0.01400871,-0.012243887,-0.013026131,0.655810052,0.010060972
1581248869.4730964,000000000401,e78f135624ce,-57,15.17601275,8.594246209,1.949588042,-0.024316333,-0.015316333,-0.993,-0.52489404,-0.008006375,0.007322708,-0.012006375,0.526229498,-0.026645417
1581248869.9337246,000000000401,e78f135624ce,-54,15.16821308,8.532489715,1.976425238,0.00689346,-0.00389346,-0.996,-0.417530855,-0.006085048,-0.007255143,-0.006723365,0.419169173,-0.02144673
1581248869.9367094,000000000401,e78f135624ce,-57,15.167845725,8.532076441,1.976769633,0.007077138,-0.004077138,-0.996,-0.418770678,-0.006153927,-0.00746178,-0.006769284,0.420386036,-0.021538569
1581248870.389718,000000000401,e78f135624ce,-53,15.145652441,8.491285376,1.971092682,0.016625606,0.007837806,-0.996976829,-0.445452419,-0.007069512,-0.010648777,-0.007046341,0.44647559,-0.012046341
1581248871.295721,000000000401,e78f135624ce,-52,15.010340283,8.413426794,1.914417924,0.016352264,-0.000208962,-0.997758208,-0.819331414,-0.015241792,-0.016352264,-0.015241792,0.820331414,-0.00196717
1581248871.7557034,000000000401,e78f135624ce,-53,15.001084635,8.339253905,1.921476573,0.033084635,-0.000915365,-0.997,-0.521902278,-0.01116927,-0.02516927,-0.010253905,0.523817643,-0.008407556
1581248872.2097082,000000000401,e78f135624ce,-58,14.944546451,8.289267744,1.93380778,0.040723567,-0.007123112,-0.995876888,-0.70922243,-0.014,-0.037108007,-0.014,0.711783986,-0.009561556
1581248872.668748,000000000401,e78f135624ce,-53,14.919,8.218844984,1.986985908,0.054549323,-0.013753523,-0.996,-0.659627249,-0.014014092,-0.050781708,-0.012767615,0.662380772,-0.022246477
1581248873.579719,000000000401,e78f135624ce,-51,14.807922482,8.471506568,1.938420293,-0.015926861,0.007251095,-0.995,-0.551515326,-0.012575328,0.001027299,-0.010525109,0.553990217,-0.002648467
1581248874.0338655,000000000401,e78f135624ce,-51,14.800427048,8.3621333,1.921718857,0.034002909,0.011855065,-0.994,-0.515161417,-0.011428987,-0.0282889,-0.010285991,0.519161417,-0.001715948
1581248874.49387,000000000401,e78f135624ce,-52,14.754161901,8.341027521,1.876175661,0.032283595,0.011878306,-0.995648678,-0.522674049,-0.012175661,-0.029459256,-0.011,0.52384971,0.006702645
1581248874.4967353,000000000401,e78f135624ce,-59,14.753765165,8.34177691,1.87615362,0.031997064,0.011768101,-0.995692759,-0.520205473,-0.01215362,-0.029150684,-0.011,0.521359093,0.006614481
1581248874.9467351,000000000401,e78f135624ce,-59,14.682920605,8.454314659,1.918002922,0.000767658,-0.001152947,-0.997461763,-0.491441312,-0.009076474,-0.01261471,-0.009076474,0.491441312,-0.00738529
1581248876.310827,000000000401,e78f135624ce,-62,14.511351572,8.501601229,1.887828659,0.032958619,0.010310192,-0.993069425,-0.713505131,-0.013930575,-0.037338236,-0.014930575,0.718745898,0.007
1581248876.7634015,000000000401,e78f135624ce,-65,14.412280765,8.256136052,1.945863948,0.111524841,-0.009049681,-0.988,-0.899863948,-0.019,-0.113524841,-0.019095032,0.90895898,-0.012144713
1581248877.214489,000000000401,e78f135624ce,-65,14.332999661,8.179552882,1.898333559,0.115778644,0.006888814,-0.987888814,-0.959889152,-0.019,-0.116778644,-0.020444407,0.970000339,0.003888814
1581248877.665694,000000000401,e78f135624ce,-59,14.32920238,7.998788264,1.935272958,0.143277637,-0.005343537,-0.986792942,-0.978207058,-0.019792942,-0.143277637,-0.019792942,0.989621174,-0.008343537
1581248878.1221428,000000000401,e78f135624ce,-60,14.180368929,7.984676082,1.867647836,0.167132392,0.017338041,-0.984,-0.981867608,-0.017867608,-0.168,-0.021735216,0.995867608,0.014338041
1581248878.578727,000000000401,e78f135624ce,-68,14.09448746,8.072873131,1.820635406,0.132516543,0.028527081,-0.987891675,-0.987418757,-0.016054162,-0.133516543,-0.020108325,0.998472919,0.026
1581248879.0308619,000000000401,e78f135624ce,-62,14.042861471,8.324419925,1.807069265,0.021688309,0.025930735,-0.995069265,-0.995069265,-0.010034632,-0.022688309,-0.011034632,0.999,0.024930735
1581248879.9356892,000000000401,e78f135624ce,-63,13.998601027,8.508298588,1.801299872,0.006899615,0.022,-0.999,-0.999,-0.009299872,-0.007599743,-0.01,1.0,0.022
1581248880.3947115,000000000401,e78f135624ce,-65,13.974149578,8.527933521,1.81296676,0.01598338,0.019,-0.999,-1.0,-0.012,-0.01696676,-0.01298338,1.0,0.019
1581248880.8456554,000000000401,e78f135624ce,-60,13.956574579,8.525977944,1.816723738,0.027447476,0.018425421,-0.999,-0.999,-0.012574579,-0.027872897,-0.012574579,1.0,0.018
1581248881.304672,000000000401,e78f135624ce,-66,13.904504244,8.535707639,1.819436445,0.017894059,0.016932202,-0.999533899,-0.99976695,-0.012699151,-0.017894059,-0.012932202,1.0,0.016699151
1581248881.7556896,000000000401,e78f135624ce,-75,13.874484992,8.487484992,1.792808321,0.046161664,0.024838336,-0.998,-0.998,-0.017,-0.047161664,-0.018,1.0,0.023838336
1581248882.671687,000000000401,e78f135624ce,-65,13.818270546,8.476768646,1.766768646,0.029039192,0.028423515,-0.999,-0.999,-0.018807838,-0.029231354,-0.019807838,0.999,0.027615677
1581248883.12467,000000000401,e78f135624ce,-73,13.789019954,8.486,1.764734529,0.015183632,0.026,-0.999,-1.0,-0.019632736,-0.015367264,-0.020632736,0.999,0.026
1581248883.5756578,000000000401,e78f135624ce,-64,13.757144472,8.49263173,1.766223798,0.010184135,0.026184135,-1.0,-1.0,-0.017,-0.010184135,-0.017,0.999407933,0.025592067
1581248884.031677,000000000401,e78f135624ce,-81,13.726875724,8.496289977,1.757,0.009875724,0.028,-1.0,-1.0,-0.019958575,-0.010834299,-0.019958575,0.999,0.028
1581248884.4906652,000000000401,e78f135624ce,-63,13.699772365,8.508445527,1.75616829,0.008722763,0.026554473,-1.0,-1.0,-0.019,-0.009,-0.019,0.999,0.026554473
1581248884.9466636,000000000401,e78f135624ce,-68,13.659388519,8.51038429,1.75438429,0.01238429,0.02561571,-1.0,-1.0,-0.01961571,-0.01238429,-0.01961571,0.999,0.02561571
1581248885.4076726,000000000401,e78f135624ce,-66,13.607903323,8.50083128,1.750759238,0.018746921,0.025746921,-0.99908436,-1.0,-0.01991564,-0.019746921,-0.01991564,0.99908436,0.025746921
1581248885.8616838,000000000401,e78f135624ce,-81,13.576955147,8.511134559,1.759363235,0.010273529,0.022318382,-1.0,-1.0,-0.019,-0.010273529,-0.019318382,1.0,0.022318382
1581248886.3186636,000000000401,e78f135624ce,-81,13.532675807,8.519162097,1.753128428,0.008418952,0.024290524,-1.0,-1.0,-0.019,-0.009418952,-0.019290524,0.999,0.024
1581248886.7736669,000000000401,e78f135624ce,-72,13.478676456,8.520906864,1.761813727,0.005093136,0.020093136,-1.0,-1.0,-0.017093136,-0.005093136,-0.017093136,1.0,0.020093136
1581248887.67966,000000000401,e78f135624ce,-77,13.398704581,8.546706161,1.754235387,0.002,0.021764613,-1.0,-1.0,-0.019,-0.002235387,-0.019,1.0,0.021764613
1581248888.1346486,000000000401,e78f135624ce,-66,13.339192239,8.540657672,1.752328836,0.01245194,0.020890388,-1.0,-1.0,-0.019,-0.013342328,-0.019,1.0,0.020890388
1581248888.589658,000000000401,e78f135624ce,-65,13.288593086,8.539406914,1.744037235,0.019518617,0.022,-0.999,-0.999481383,-0.019,-0.019518617,-0.02,1.0,0.021481383
1581248889.0466537,000000000401,e78f135624ce,-65,13.227424934,8.518336814,1.745668407,0.032331593,0.021082898,-0.999,-0.999,-0.016917102,-0.032331593,-0.017,1.0,0.020082898
1581248889.9536076,000000000401,e78f135624ce,-65,13.119556872,8.490639218,1.752886256,0.035,0.018278436,-0.999,-0.999,-0.011,-0.035,-0.011360782,1.0,0.017278436
1581248890.405589,000000000401,e78f135624ce,-66,13.085139594,8.505,1.756027919,0.032990694,0.017990694,-0.999,-0.999,-0.013990694,-0.032990694,-0.014990694,1.0,0.017981387
1581248890.865611,000000000401,e78f135624ce,-68,13.044794396,8.515,1.756712284,0.028657543,0.018315086,-0.999,-0.999,-0.017657543,-0.028657543,-0.018657543,1.0,0.01797263
1581248891.3166225,000000000401,e78f135624ce,-68,13.007,8.520490265,1.746002782,0.022504172,0.022249305,-0.999,-0.999,-0.018249305,-0.022753477,-0.019249305,1.0,0.022249305
1581248891.7766397,000000000401,e78f135624ce,-58,12.965161492,8.531922567,1.735309731,0.022845134,0.024,-0.999,-0.999,-0.018922567,-0.022922567,-0.019922567,0.999077433,0.023922567
1581248892.2326403,000000000401,e78f135624ce,-57,12.897981352,8.512911228,1.731831779,0.029752331,0.02458411,-0.999,-0.999,-0.01758411,-0.029752331,-0.01858411,0.99941589,0.024
1581248893.1345968,000000000401,e78f135624ce,-64,12.821395147,8.541447274,1.772631516,0.018447274,0.014184242,-0.999,-0.746786695,-0.012815758,-0.025815758,-0.013631516,0.746970937,0.011815758
1581248893.5896065,000000000401,e78f135624ce,-65,12.812763353,8.556526707,1.77564503,0.00635497,0.012236647,-0.999,-0.208672087,-0.006677485,-0.025,-0.007236647,0.208672087,0.011118323
1581248894.0476263,000000000401,e78f135624ce,-68,12.849637017,8.54527198,1.827365037,-0.001,0.011091002,-1.0,0.594192277,0.009273007,-0.011726993,0.009273007,-0.594192277,-0.00336401
1581248894.49761,000000000401,e78f135624ce,-68,12.838511059,8.549789678,1.866797051,-0.009594102,0.013300737,-0.999300737,0.78104618,0.012699263,-0.015195576,0.012699263,-0.78104618,-0.011
1581248894.9536195,000000000401,e78f135624ce,-63,12.798721747,8.556226021,1.882969611,-0.012834758,0.013082621,-0.999360874,0.859156696,0.015360874,-0.016473884,0.015360874,-0.859156696,-0.012082621
1581248894.956604,000000000401,e78f135624ce,-59,12.798767663,8.555858695,1.883222147,-0.012697011,0.013151495,-0.999383832,0.860120926,0.015383832,-0.016313179,0.015383832,-0.860120926,-0.012151495
1581248895.406647,000000000401,e78f135624ce,-61,12.755001963,8.559003435,1.895996074,-0.013001472,0.015999019,-0.999999509,0.897981352,0.015000491,-0.015001963,0.015,-0.897981352,-0.014998528
1581248896.3146093,000000000401,e78f135624ce,-82,12.721233119,8.509953092,1.947674485,0.007186212,0.026511727,-0.999,0.988488273,0.020162758,0.008023454,0.021,-0.988488273,-0.026511727
1581248896.7706144,000000000401,e78f135624ce,-63,12.666540997,8.513813632,1.932677314,0.002372737,0.018559105,-1.0,0.996627263,0.017372737,0.002372737,0.017372737,-0.995813632,-0.018559105
1581248897.227609,000000000401,e78f135624ce,-63,12.603364549,8.52949355,1.911429049,-0.003,0.0139742,-1.0,0.999,0.013,-0.003,0.013,-0.99850645,-0.01348065
1581248897.6865757,000000000401,e78f135624ce,-59,12.538372956,8.541426711,1.8760798,-0.007,0.004786644,-1.0,0.999213356,0.012573289,-0.006213356,0.012573289,-0.999213356,-0.005573289
1581248898.1435983,000000000401,e78f135624ce,-58,12.485549074,8.533357479,1.842072436,-0.005,-0.00088084,-1.0,1.0,0.012,-0.005,0.012,-1.0,0.000761681
1581248898.5965977,000000000401,e78f135624ce,-63,12.433103701,8.536907123,1.824732193,-0.009453561,-0.002,-1.0,1.0,0.011546439,-0.009453561,0.011546439,-1.0,0.002
1581248899.0566087,000000000401,e78f135624ce,-62,12.37509225,8.528990273,1.824587386,-0.010247568,0.000917477,-1.0,1.0,0.011082523,-0.010247568,0.011082523,-1.0,-0.000917477
1581248899.5155709,000000000401,e78f135624ce,-59,12.325592506,8.529718501,1.826,-0.01,0.003,-1.0,1.0,0.012,-0.01,0.012,-1.0,-0.003
1581248899.9676077,000000000401,e78f135624ce,-61,12.27112671,8.537566211,1.815825342,-0.013783105,0.001608447,-1.0,1.0,0.01,-0.013783105,0.01,-1.0,-0.001608447
1581248900.4175913,000000000401,e78f135624ce,-68,12.211870583,8.53,1.817034057,-0.012006811,0.003013623,-1.0,1.0,0.010006811,-0.012,0.010006811,-1.0,-0.003013623
1581248900.8696108,000000000401,e78f135624ce,-62,12.149671807,8.521392459,1.818215082,-0.01,0.003607541,-1.0,1.0,0.011607541,-0.01,0.011607541,-1.0,-0.003607541
1581248902.2259805,000000000401,e78f135624ce,-73,12.001160621,8.523,1.824632124,-0.004544041,0.006544041,-1.0,1.0,0.010544041,-0.004,0.01,-1.0,-0.006544041
1581248902.6766052,000000000401,e78f135624ce,-74,11.94823851,8.524076149,1.814456894,-0.002923851,0.002152298,-1.0,1.0,0.012076149,-0.002923851,0.012076149,-1.0,-0.002152298
1581248903.1365714,000000000401,e78f135624ce,-62,11.891017929,8.541995518,1.818502241,-0.006,0.004251121,-1.0,1.0,0.011251121,-0.006,0.011251121,-1.0,-0.004251121
1581248903.59661,000000000401,e78f135624ce,-83,11.826346113,8.549247604,1.817,-0.006,0.004,-1.0,1.0,0.011584132,-0.006,0.011584132,-1.0,-0.004
1581248904.048563,000000000401,e78f135624ce,-70,11.77579882,8.554891672,1.801030951,-0.005953574,-0.000984525,-1.0,1.0,0.009,-0.005953574,0.009984525,-1.0,0.000984525
1581248904.506786,000000000401,e78f135624ce,-70,11.728299057,8.554,1.807385849,-0.006,0.002,-1.0,1.0,0.008,-0.006,0.008,-1.0,-0.002
1581248904.9555979,000000000401,e78f135624ce,-67,11.680512462,8.566,1.810094184,-0.01,0.000598338,-1.0,1.0,0.011,-0.01,0.011,-1.0,-0.000598338
1581248905.410555,000000000401,e78f135624ce,-68,11.631615097,8.569102516,1.821948742,-0.011051258,0.003,-1.0,1.0,0.011,-0.011051258,0.011,-1.0,-0.003051258
1581248905.8665743,000000000401,e78f135624ce,-70,11.587380386,8.563734451,1.813,-0.011455742,-0.001,-1.0,1.0,0.008,-0.011455742,0.008455742,-1.0,0.001
1581248906.3255475,000000000401,e78f135624ce,-70,11.538601988,8.550828713,1.817657427,-0.011342573,-0.001171287,-1.0,1.0,0.011,-0.011342573,0.011,-1.0,0.001171287
1581248907.2395432,000000000401,e78f135624ce,-67,11.442675737,8.552520266,1.827,-0.019520266,-0.001520266,-1.0,1.0,0.012479734,-0.019520266,0.012479734,-1.0,0.001
1581248907.6965714,000000000401,e78f135624ce,-65,11.388013452,8.552360025,1.82557335,-0.01957335,-0.003213325,-1.0,1.0,0.012786675,-0.01957335,0.012786675,-1.0,0.003
1581248908.14658,000000000401,e78f135624ce,-68,11.340561476,8.550817037,1.820365925,-0.016,-0.004817037,-1.0,1.0,0.011,-0.016,0.011,-1.0,0.004817037
1581248908.5975654,000000000401,e78f135624ce,-62,11.28068535,8.54588565,1.82011435,-0.00888565,-0.0042571,-1.0,1.0,0.01,-0.00888565,0.01,-1.0,0.0042571
1581248909.050554,000000000401,e78f135624ce,-63,11.218703075,8.551043942,1.818043942,-0.006087884,-0.005,-1.0,1.0,0.01,-0.006087884,0.01,-1.0,0.005
1581248909.5055861,000000000401,e78f135624ce,-59,11.152078121,8.562786458,1.808393229,-0.005179687,-0.007393229,-1.0,1.0,0.009,-0.005179687,0.009,-1.0,0.007
1581248909.9585474,000000000401,e78f135624ce,-59,11.093325982,8.560755065,1.814265196,-0.000755065,-0.003489869,-1.0,1.0,0.010244935,-0.000755065,0.010244935,-1.0,0.003489869
1581248910.4125912,000000000401,e78f135624ce,-58,11.040529085,8.556117622,1.815,0.001882378,-0.003,-1.0,1.0,0.011,0.001882378,0.011,-1.0,0.003
1581248911.3165107,000000000401,e78f135624ce,-76,10.931856114,8.541163412,1.828,0.001918294,0.001,-1.0,1.0,0.012918294,0.001918294,0.012918294,-1.0,-0.001
1581248911.7695453,000000000401,e78f135624ce,-77,10.880430209,8.535856597,1.826143403,0.001571702,-0.000428298,-1.0,1.0,0.011,0.001571702,0.011,-1.0,0.000428298
1581248912.2295456,000000000401,e78f135624ce,-62,10.825090192,8.539,1.820812919,-0.003406459,-0.001593541,-1.0,1.0,0.009,-0.003406459,0.009,-1.0,0.001593541
1581248912.6855164,000000000401,e78f135624ce,-61,10.765915629,8.53479668,1.824067773,-0.004932227,-0.001,-1.0,1.0,0.009,-0.004932227,0.009,-1.0,0.001
1581248913.1385376,000000000401,e78f135624ce,-63,10.711771029,8.536409657,1.825318069,-0.006045794,-0.002681931,-1.0,1.0,0.011,-0.006045794,0.011,-1.0,0.002681931
1581248913.5915558,000000000401,e78f135624ce,-65,10.654643761,8.546161664,1.819709584,-0.006,-0.005290416,-1.0,1.0,0.010290416,-0.006290416,0.010290416,-1.0,0.005290416
1581248914.4954991,000000000401,e78f135624ce,-65,10.553062319,8.545941643,1.82,-0.000470821,-0.005,-1.0,1.0,0.01,-0.000470821,0.01,-1.0,0.005
1581248914.9465303,000000000401,e78f135624ce,-70,10.500712559,8.545457488,1.817847504,0.000695008,-0.003847504,-1.0,1.0,0.01,0.000695008,0.01,-1.0,0.003847504
1581248915.397521,000000000401,e78f135624ce,-69,10.442891313,8.544756793,1.816756793,-0.000513586,-0.001243207,-1.0,1.0,0.009486414,-0.000513586,0.009486414,-1.0,0.001243207
1581248915.858587,000000000401,e78f135624ce,-67,10.3839082,8.549,1.815619263,-0.004380737,0.0,-1.0,1.0,0.011,-0.004380737,0.011,-1.0,0.0
1581248916.3155377,000000000401,e78f135624ce,-62,10.32512517,8.555,1.816008345,-0.009,0.002008345,-1.0,1.0,0.011,-0.009,0.011,-1.0,-0.002008345
1581248916.7695668,000000000401,e78f135624ce,-60,10.272713913,8.551663292,1.818,-0.010663292,0.004,-1.0,1.0,0.012663292,-0.010663292,0.012663292,-1.0,-0.004
1581248917.2225204,000000000401,e78f135624ce,-62,10.226290724,8.543818843,1.826235941,-0.008436813,0.00861797,-0.999672754,0.999672754,0.013636231,-0.008436813,0.013636231,-1.0,-0.009290724
1581248917.6785212,000000000401,e78f135624ce,-64,10.232025933,8.463688803,1.863064833,0.034129666,0.022025933,-0.998987033,0.998987033,0.021,0.034142632,0.022,-0.999,-0.021012967
1581248918.1395154,000000000401,e78f135624ce,-63,10.197128571,8.477519049,1.865352381,0.019071428,0.02267619,-0.998,0.197209512,0.009690476,0.048028571,0.010690476,-0.198209512,-0.007366666
1581248918.5965204,000000000401,e78f135624ce,-64,10.108223975,8.564607697,1.853457918,-0.011813123,0.017728959,-0.999,-0.616356592,-0.001271041,0.033186877,-0.000271041,0.616356592,0.008271041
1581248919.0495002,000000000401,e78f135624ce,-66,10.027457957,8.566245796,1.840491591,-0.011,0.009245796,-1.0,0.310012919,0.006754204,0.006737387,0.007754204,-0.310012919,0.002122898
1581248919.5005815,000000000401,e78f135624ce,-62,9.961138385,8.57,1.829,-0.011491351,0.005,-1.0,0.683643741,0.009491351,-0.004982702,0.009491351,-0.683643741,1.7298e-05
1581248919.95153,000000000401,e78f135624ce,-65,9.897947427,8.563114032,1.822657904,-0.011228064,0.003885968,-1.0,0.899192891,0.010885968,-0.009228064,0.010885968,-0.899192891,-0.002
1581248920.4085133,000000000401,e78f135624ce,-66,9.829228882,8.564469876,1.818234938,-0.012,0.005,-1.0,0.780379658,0.009,-0.012765062,0.009,-0.780379658,-0.001530124
1581248920.861531,000000000401,e78f135624ce,-72,9.770023317,8.573373543,1.814626457,-0.019373543,0.004,-1.0,0.928844396,0.01,-0.019373543,0.01,-0.929217939,-0.003
1581248921.3115296,000000000401,e78f135624ce,-66,9.692955625,8.576039818,1.819880547,-0.003318542,0.009880547,-1.0,0.058369633,0.004079635,-0.019,0.004079635,-0.058369633,0.005840729
1581248921.7665098,000000000401,e78f135624ce,-69,9.607494729,8.568613876,1.828613876,0.014227752,0.015227752,-1.0,-0.661526354,-0.000386124,-0.021386124,-0.001,0.661526354,0.013841628
1581248922.2205033,000000000401,e78f135624ce,-73,9.530060369,8.560480039,1.834,0.022259981,0.018259981,-0.999740019,-0.893059397,-0.000519961,-0.025,-0.001259981,0.893059397,0.018
1581248922.6804988,000000000401,e78f135624ce,-63,9.460931049,8.560051725,1.83510345,0.022948275,0.018948275,-1.0,-0.9663793,-0.002948275,-0.023948275,-0.002948275,0.9663793,0.018948275
1581248923.5894763,000000000401,e78f135624ce,-67,9.327635668,8.580415564,1.818671725,-0.01722581,0.011430739,-0.998810246,-0.007730483,-0.002,-0.047518028,-0.002,0.00754073,0.008430739
1581248924.0414999,000000000401,e78f135624ce,-71,9.236235106,8.647703822,1.792551143,-0.067867179,0.004387786,-0.997,0.67367179,-0.005612214,-0.077448857,-0.006418322,-0.677284004,0.002193893
1581248924.4955087,000000000401,e78f135624ce,-66,9.116691771,8.46571615,1.783547671,0.065594254,0.018904658,-0.992547671,-0.415062262,-0.017452329,-0.116356987,-0.019904658,0.41996692,0.015904658
1581248924.9554827,000000000401,e78f135624ce,-62,9.070855562,8.422599875,1.787011063,0.070122312,0.020855562,-0.995144438,-0.815510751,-0.01642225,-0.086544562,-0.018277812,0.819366313,0.019
1581248925.4134974,000000000401,e78f135624ce,-65,9.056773613,8.468452773,1.807226387,0.041773613,0.017193403,-0.998,-0.941131933,-0.008,-0.046353823,-0.009,0.943131933,0.016193403
1581248926.78149,000000000401,e78f135624ce,-82,8.949229701,8.51135406,1.82932297,0.03632297,0.01267703,-0.999,-0.99767703,-0.00667703,-0.03632297,-0.007,0.998,0.01267703
1581248927.2415032,000000000401,e78f135624ce,-66,8.907303083,8.509825771,1.83378282,0.03939141,0.01160859,-0.999,-0.999,-0.005,-0.03939141,-0.00539141,0.999,0.01121718
1581248927.6994631,000000000401,e78f135624ce,-71,8.863906518,8.511908876,1.834,0.039091124,0.011091124,-0.999,-0.999,-0.005908876,-0.039091124,-0.006908876,1.0,0.011091124
1581248928.1554742,000000000401,e78f135624ce,-68,8.820123167,8.502283924,1.827567849,0.043716076,0.014,-0.999,-0.999,-0.007432151,-0.043716076,-0.007716076,1.0,0.013
1581248928.6164768,000000000401,e78f135624ce,-66,8.770215145,8.503,1.83591534,0.042,0.009723107,-0.999,-0.999,-0.004361553,-0.042361553,-0.005,1.0,0.009723107
1581248929.0724795,000000000401,e78f135624ce,-65,8.714422644,8.503849056,1.835,0.041090567,0.010969811,-0.999,-0.999,-0.004030189,-0.041090567,-0.004060378,1.0,0.010969811
1581248929.5254135,000000000401,e78f135624ce,-69,8.663523794,8.513027216,1.836789113,0.034789113,0.009,-0.999,-0.999,-0.004605443,-0.034789113,-0.004605443,1.0,0.009
1581248929.979463,000000000401,e78f135624ce,-68,8.613724275,8.516511873,1.832,0.033496042,0.01,-0.999,-0.999,-0.005748021,-0.033496042,-0.006,1.0,0.01
1581248930.4404829,000000000401,e78f135624ce,-65,8.561726013,8.527896284,1.835948142,0.031051858,0.009,-0.999,-0.999,-0.005051858,-0.031051858,-0.006051858,1.0,0.009
1581248930.8954928,000000000401,e78f135624ce,-61,8.514121307,8.527426776,1.829280327,0.032,0.013146449,-0.999,-0.999,-0.006,-0.032,-0.006,1.0,0.012573224
1581248931.347487,000000000401,e78f135624ce,-63,8.468575543,8.523173176,1.832,0.035,0.011173176,-0.999,-0.999,-0.006,-0.035,-0.006173176,1.0,0.011
1581248931.8014708,000000000401,e78f135624ce,-64,8.416523515,8.522194117,1.831776466,0.036805883,0.013611767,-0.999,-0.999,-0.005,-0.036805883,-0.006,1.0,0.013611767
1581248932.708445,000000000401,e78f135624ce,-75,8.308826076,8.529638793,1.843,0.036270906,0.011,-0.999,-0.999,-0.005090302,-0.036270906,-0.005180604,1.0,0.011
1581248933.1604161,000000000401,e78f135624ce,-77,8.25883863,8.512814486,1.841,0.043395171,0.014,-0.999,-0.999,-0.005697586,-0.043395171,-0.006697586,1.0,0.013302414
1581248933.6171207,000000000401,e78f135624ce,-70,8.203937773,8.504,1.83466321,0.045,0.016,-0.999,-0.999,-0.00566321,-0.045,-0.00666321,1.0,0.01533679
1581248934.069451,000000000401,e78f135624ce,-77,8.148837096,8.493390645,1.831111613,0.049832581,0.016,-0.999,-0.999,-0.006,-0.049832581,-0.007,1.0,0.015944194
1581248934.522463,000000000401,e78f135624ce,-76,8.09642428,8.494,1.825920766,0.050582748,0.016165495,-0.999,-0.999,-0.007582748,-0.050582748,-0.008582748,1.0,0.015748243
1581248934.981455,000000000401,e78f135624ce,-70,8.045990472,8.503930793,1.826534604,0.050801906,0.014465396,-0.998732698,-0.998732698,-0.007267302,-0.050801906,-0.008,1.0,0.013732698
1581248935.4344387,000000000401,e78f135624ce,-65,7.986737843,8.494204452,1.834795548,0.060795548,0.012,-0.998,-0.998,-0.005102226,-0.060795548,-0.005204452,1.0,0.012
1581248935.88542,000000000401,e78f135624ce,-68,7.926471441,8.494657139,1.825557144,0.066114287,0.014442856,-0.998,-0.998,-0.008114287,-0.066557144,-0.009114287,1.0,0.014
1581248936.338451,000000000401,e78f135624ce,-72,7.87173032,8.511968273,1.830079318,0.062031727,0.012984136,-0.998,-0.998,-0.005968273,-0.062031727,-0.006968273,1.0,0.011984136
1581248936.7904537,000000000401,e78f135624ce,-68,7.814285968,8.504991119,1.838339254,0.065,0.010669627,-0.998,-0.998,-0.005660746,-0.065,-0.006330373,1.0,0.01
1581248937.247426,000000000401,e78f135624ce,-63,7.759203408,8.505275426,1.845724574,0.058275426,0.008637713,-0.998,-0.998,-0.006362287,-0.058275426,-0.007,1.0,0.008
1581248937.7064917,000000000401,e78f135624ce,-68,7.707811714,8.501930101,1.847580605,0.049930101,0.009139798,-0.999,-0.999,-0.006,-0.049930101,-0.006069899,1.0,0.009139798
1581248938.1614277,000000000401,e78f135624ce,-67,7.648489942,8.494,1.848,0.044282841,0.008,-0.999,-0.999,-0.007,-0.044282841,-0.008,1.0,0.008
1581248938.6184154,000000000401,e78f135624ce,-65,7.596099447,8.491441339,1.844017875,0.033846929,0.008846929,-0.999,-0.999,-0.007,-0.034558661,-0.008,1.0,0.008846929
1581248939.077439,000000000401,e78f135624ce,-67,7.533992876,8.497132384,1.842330959,0.026,0.008867616,-1.0,-1.0,-0.007,-0.026,-0.007933808,1.0,0.008867616
1581248939.5384247,000000000401,e78f135624ce,-74,7.470313689,8.507771639,1.841742787,0.01811418,0.007628607,-1.0,-1.0,-0.009371393,-0.01811418,-0.009371393,1.0,0.007257213
1581248939.9904392,000000000401,e78f135624ce,-82,7.404848205,8.499,1.844778462,0.02,0.005740513,-1.0,-1.0,-0.007,-0.02,-0.007,1.0,0.005740513
1581248940.4464471,000000000401,e78f135624ce,-65,7.337196847,8.497085489,1.851,0.022914511,0.003914511,-1.0,-1.0,-0.009085489,-0.022914511,-0.009085489,1.0,0.003
1581248940.9044378,000000000401,e78f135624ce,-64,7.275840212,8.498,1.845613404,0.025128865,0.008128865,-1.0,-1.0,-0.006,-0.025128865,-0.006,1.0,0.007693298
1581248941.365426,000000000401,e78f135624ce,-79,7.222888648,8.507760665,1.841281996,0.027718004,0.008478669,-0.999760665,-0.999760665,-0.006760665,-0.027718004,-0.007760665,1.0,0.008239335
1581248941.8174112,000000000401,e78f135624ce,-74,7.168374735,8.506593684,1.845406316,0.036554737,0.006296842,-0.999,-0.999,-0.008703158,-0.036554737,-0.008703158,1.0,0.006296842
1581248942.268419,000000000401,e78f135624ce,-79,7.107980384,8.515474717,1.839949433,0.04242415,0.009525283,-0.999,-0.999,-0.008050567,-0.04242415,-0.008525283,1.0,0.009
1581248942.7184029,000000000401,e78f135624ce,-80,7.041200455,8.513820045,1.834899773,0.049179955,0.010640091,-0.999,-0.999,-0.011910023,-0.050089977,-0.012,1.0,0.009640091
1581248943.1754034,000000000401,e78f135624ce,-68,6.976477934,8.509260854,1.83769573,0.051,0.009521708,-0.999,-0.999,-0.010260854,-0.051,-0.011,1.0,0.008521708
1581248943.631427,000000000401,e78f135624ce,-69,6.903919148,8.500372676,1.845018589,0.046509294,0.006118029,-0.999,-0.999,-0.009627324,-0.046509294,-0.010627324,1.0,0.006118029
1581248944.0864005,000000000401,e78f135624ce,-66,6.83903524,8.492995301,1.828025843,0.037009397,0.011992952,-0.999,-0.999,-0.008004699,-0.037009397,-0.009002349,1.0,0.011990603
1581248944.5384295,000000000401,e78f135624ce,-63,6.780941709,8.509143216,1.838,0.02611407,0.007,-0.999628643,-0.999628643,-0.009371357,-0.02611407,-0.009742714,1.0,0.006628643
1581248944.997543,000000000401,e78f135624ce,-72,6.725916275,8.494371735,1.844198929,0.026685867,0.006371735,-1.0,-1.0,-0.008314133,-0.026685867,-0.008314133,1.0,0.006057602
1581248945.4524083,000000000401,e78f135624ce,-68,6.676358125,8.507892563,1.845214875,0.020035812,0.005964188,-1.0,-1.0,-0.011928375,-0.020035812,-0.011928375,1.0,0.005928375
1581248946.8148456,000000000401,e78f135624ce,-68,6.614310656,8.585593016,1.86417941,-0.006137869,0.008544852,-0.999,0.293154722,0.009089705,-0.018275738,0.009089705,-0.293154722,-0.004317279
1581248947.2654085,000000000401,e78f135624ce,-69,6.602645562,8.659482618,1.871387648,-0.025515828,0.013161391,-0.999,0.582096524,0.011161391,-0.026677219,0.010580695,-0.583096524,-0.006742086
1581248947.7263644,000000000401,e78f135624ce,-76,6.584876654,8.691561673,1.881297909,-0.026561673,0.012719164,-0.999,0.532394787,0.011280836,-0.024702091,0.011140418,-0.533394787,-0.008859582
1581248949.087342,000000000401,e78f135624ce,-68,6.455070158,8.694665576,1.850401309,-0.042531806,0.005066885,-0.998066885,0.739712822,0.01,-0.048665576,0.009933115,-0.740712822,-0.004
1581248949.5473952,000000000401,e78f135624ce,-76,6.414586252,8.688689623,1.847103437,-0.051965499,0.007620687,-0.998,0.850792994,0.012241375,-0.055344812,0.011241375,-0.852172307,-0.005241375
1581248949.997379,000000000401,e78f135624ce,-74,6.374516988,8.677235948,1.857707844,-0.052764052,0.01,-0.998,0.850145763,0.011471896,-0.053764052,0.011235948,-0.851145763,-0.008235948
1581248950.458382,000000000401,e78f135624ce,-68,6.312011613,8.666375706,1.865277464,-0.042069366,0.011,-0.999,0.852312303,0.013069366,-0.043,0.013069366,-0.853312303,-0.009138732
1581248950.9123807,000000000401,e78f135624ce,-75,6.262716258,8.638885225,1.885472904,-0.030905419,0.016641871,-0.999,0.948756646,0.014905419,-0.030905419,0.01445271,-0.948756646,-0.015641871
1581248951.3633912,000000000401,e78f135624ce,-88,6.221662947,8.620390439,1.901443825,-0.031417132,0.018721912,-0.999,0.982695219,0.017139044,-0.030417132,0.017139044,-0.983556175,-0.018860956
1581248951.8163452,000000000401,e78f135624ce,-68,6.160700631,8.616736698,1.895131651,-0.031700631,0.017299369,-0.999,0.993766456,0.015233544,-0.031700631,0.015233544,-0.994532913,-0.017299369
1581248952.2703779,000000000401,e78f135624ce,-67,6.126568488,8.592064309,1.860587138,-0.026651447,0.011,-0.999,0.946605788,0.013825724,-0.027651447,0.013825724,-0.946605788,-0.009412862
1581248952.7263634,000000000401,e78f135624ce,-67,6.04977132,8.608040051,1.875257107,-0.034371447,0.015702843,-0.999,0.982371447,0.017,-0.034371447,0.016074289,-0.983297157,-0.015702843
1581248953.187379,000000000401,e78f135624ce,-66,5.958887824,8.628244391,1.856733174,-0.041755609,0.01,-0.999,0.993511218,0.015244391,-0.041755609,0.014244391,-0.994511218,-0.010244391
1581248954.0932934,000000000401,e78f135624ce,-65,5.824629997,8.635763751,1.844104999,-0.03992125,0.0080525,-0.999,0.998,0.01597375,-0.03992125,0.01597375,-0.999,-0.00902625
1581248954.5463395,000000000401,e78f135624ce,-63,5.771811503,8.618,1.859675399,-0.034387434,0.012612566,-0.999,0.999,0.016225133,-0.034,0.015612566,-1.0,-0.013
1581248954.9963741,000000000401,e78f135624ce,-68,5.676609904,8.649282177,1.855456435,-0.044912871,0.009,-0.999,0.999,0.016,-0.044912871,0.015228218,-1.0,-0.009228218
1581248955.4573908,000000000401,e78f135624ce,-68,5.613853877,8.650465751,1.862689499,-0.043232876,0.01084475,-0.999,0.999,0.016,-0.042310501,0.015,-1.0,-0.010922375
1581248955.9073534,000000000401,e78f135624ce,-68,5.559791355,8.647381297,1.856158271,-0.040460432,0.007079136,-0.999,0.999,0.015,-0.040460432,0.014,-1.0,-0.008079136
1581248956.360378,000000000401,e78f135624ce,-67,5.502399107,8.649066766,1.853966617,-0.040033383,0.005966617,-0.999,0.999,0.016033383,-0.040033383,0.016,-1.0,-0.006
1581248956.818455,000000000401,e78f135624ce,-67,5.446917972,8.650726779,1.867912545,-0.039,0.009819662,-0.999,0.999,0.018819662,-0.039,0.018546441,-1.0,-0.010546441
1581248957.2733474,000000000401,e78f135624ce,-67,5.385671693,8.653641242,1.864167923,-0.03861833,0.007786253,-0.999,0.999,0.018595418,-0.038213747,0.017595418,-1.0,-0.008786253
1581248957.728339,000000000401,e78f135624ce,-65,5.308005746,8.672747845,1.862418343,-0.040166188,0.006750718,-0.999,0.999,0.018,-0.040166188,0.018,-1.0,-0.007750718
1581248958.1863506,000000000401,e78f135624ce,-64,5.239139351,8.687,1.857344259,-0.03782787,0.00617213,-0.999,0.999,0.018724043,-0.03782787,0.018,-1.0,-0.00617213
1581248958.6373289,000000000401,e78f135624ce,-64,5.180153793,8.684835172,1.855443218,-0.028,0.005721609,-0.999,0.999,0.018,-0.028,0.018,-1.0,-0.005721609
1581248959.0903332,000000000401,e78f135624ce,-73,5.130520319,8.675233895,1.856,-0.019233895,0.007,-1.0,1.0,0.018,-0.019233895,0.017883052,-1.0,-0.007116948
1581248959.549638,000000000401,e78f135624ce,-70,5.064462715,8.674877966,1.85631695,-0.020438983,0.007877966,-1.0,1.0,0.017,-0.020438983,0.017,-1.0,-0.008438983
1581248959.9983366,000000000401,e78f135624ce,-66,5.000003316,8.678500829,1.858334439,-0.022667219,0.009667219,-1.0,1.0,0.01783361,-0.022667219,0.017,-1.0,-0.009667219
