1581248844.0228639,000000000402,e78f135624ce,-82,18.001,8.381,1.872,0.021,0.006,-1.002,0.997,0.024,0.021,0.024,-1.002,-0.01
1581248844.9308987,000000000402,e78f135624ce,-67,17.981292869,8.410858574,1.859858574,0.020282852,0.007570713,-1.0,0.306776066,0.010575722,-0.005994991,0.010146435,-0.307776066,0.000141426
1581248845.3868375,000000000402,e78f135624ce,-81,17.937450407,8.420549593,1.868781374,0.021377532,-0.002086031,-1.0,-0.565972646,-0.006695344,-0.016609313,-0.006695344,0.565972646,-0.004854249
1581248845.8428516,000000000402,e78f135624ce,-83,17.902881636,8.447251896,1.90237026,0.011496208,-0.019874052,-1.0,-0.861954497,-0.013748104,-0.010244312,-0.013748104,0.861954497,-0.020874052
1581248846.3009202,000000000402,e78f135624ce,-79,17.883042857,8.457942858,1.906942858,0.011028571,-0.016464286,-1.0,-0.955900001,-0.015492857,-0.010028571,-0.015492857,0.955407143,-0.016971429
1581248846.7538664,000000000402,e78f135624ce,-77,17.867804715,8.479260379,1.929260379,0.001934905,-0.027065095,-1.0,-0.985260379,-0.016,-0.001934905,-0.016,0.985260379,-0.027065095
1581248847.2088122,000000000402,e78f135624ce,-68,17.85972933,8.48927067,1.936353348,0.002187991,-0.026353348,-1.0,-0.995458661,-0.01527067,-0.001187991,-0.01527067,0.99472933,-0.026353348
1581248847.6619565,000000000402,e78f135624ce,-68,17.859394647,8.479842823,1.918842823,0.011367883,-0.011026764,-0.999,-0.998,-0.014,-0.011367883,-0.014,0.998,-0.011026764
1581248848.1158407,000000000402,e78f135624ce,-68,17.866065248,8.454934752,1.884478014,0.024934752,0.006195745,-0.999,-0.999,-0.013,-0.024934752,-0.014,0.999,0.005195745
1581248848.1188123,000000000402,e78f135624ce,-80,17.866086474,8.454913526,1.884308205,0.024913526,0.006259423,-0.999,-0.999,-0.013,-0.024913526,-0.014,0.999,0.005259423
1581248848.5717964,000000000402,e78f135624ce,-77,17.872682641,8.432586796,1.860904156,0.033682641,0.012682641,-0.999,-0.999,-0.013,-0.034365281,-0.014,1.0,0.012365281
1581248849.0279393,000000000402,e78f135624ce,-73,17.877260278,8.415479444,1.848958889,0.039,0.014260278,-0.999,-0.999,-0.013,-0.039,-0.014,1.0,0.013260278
1581248849.4848163,000000000402,e78f135624ce,-92,17.879,8.408182918,1.838182918,0.038,0.016,-0.999,-0.999,-0.013091459,-0.039,-0.014,1.0,0.015908541
1581248849.940858,000000000402,e78f135624ce,-75,17.865577603,8.423140799,1.841866405,0.023859201,0.011422397,-0.999,-0.999,-0.013429601,-0.024429601,-0.013429601,1.0,0.010992796
1581248850.391813,000000000402,e78f135624ce,-76,17.830068683,8.411489288,1.842351922,0.03215879,0.009034341,-0.999,-0.999,-0.013193132,-0.032965659,-0.013193132,1.0,0.008227473
1581248850.8478196,000000000402,e78f135624ce,-80,17.782360793,8.393,1.842527841,0.031472159,0.009314772,-0.999,-0.999,-0.014,-0.032314772,-0.014842614,1.0,0.009314772
1581248851.2978315,000000000402,e78f135624ce,-74,17.709905117,8.403591628,1.850869768,0.021982325,0.005704186,-0.999,-0.999,-0.015,-0.021982325,-0.015,1.0,0.005130232
1581248851.7488143,000000000402,e78f135624ce,-72,17.631595902,8.404017569,1.830789166,0.028052708,0.019105417,-0.999,-0.999,-0.014982431,-0.028052708,-0.015,0.999982431,0.018122986
1581248852.2018318,000000000402,e78f135624ce,-74,17.546939273,8.40855853,1.832725929,0.039477027,0.016619257,-0.998345186,-0.868502197,-0.013654814,-0.042822213,-0.014654814,0.869502197,0.014619257
1581248852.6608348,000000000402,e78f135624ce,-70,17.443174229,8.420210945,1.816055075,0.039752338,0.026963284,-0.998,-0.95773398,-0.013678905,-0.041091791,-0.014339453,0.958412886,0.025963284
1581248854.0228822,000000000402,e78f135624ce,-75,17.12101967,8.459600511,1.858691188,0.024963218,0.007872541,-0.998,-0.527448269,-0.006436271,-0.046654406,-0.007436271,0.527448269,0.000308812
1581248854.474798,000000000402,e78f135624ce,-80,17.018887175,8.446483291,1.851325907,0.021853756,0.01050557,-0.998,-0.500694944,-0.007168523,-0.042842616,-0.007337047,0.501694944,0.005674093
1581248854.9317727,000000000402,e78f135624ce,-72,16.903488189,8.407009243,1.870998973,0.031495378,0.002,-0.998500514,-0.662861351,-0.011997946,-0.038994865,-0.012497432,0.663861351,-0.001500514
1581248855.3908682,000000000402,e78f135624ce,-72,16.816167546,8.403884818,1.860212046,0.026185864,0.012301045,-0.999,-0.510835044,-0.008371727,-0.032814136,-0.009371727,0.51164918,0.004672773
1581248855.8427777,000000000402,e78f135624ce,-69,16.738308341,8.429564942,1.864431891,0.014435058,0.006392819,-0.999,-0.461974667,-0.007912355,-0.016435058,-0.008129884,0.461974667,-4.2239e-05
1581248857.206781,000000000402,e78f135624ce,-70,16.560845365,8.417775543,1.849349113,0.023503747,0.014503747,-0.999,-0.388678498,-0.006930177,-0.016790532,-0.007930177,0.388678498,0.005790532
1581248857.667796,000000000402,e78f135624ce,-90,16.515,8.382838853,1.852,0.035175358,0.011,-0.999,-0.170910162,-0.003175358,-0.023891004,-0.003175358,0.171910162,0.000905215
1581248858.120858,000000000402,e78f135624ce,-75,16.495733082,8.43623726,1.849,0.019970342,0.01,-0.999029658,0.633965755,0.008059315,0.00211863,0.008059315,-0.633965755,-0.006029658
1581248858.5717778,000000000402,e78f135624ce,-74,16.456901249,8.459732501,1.849183125,0.01163375,0.011,-1.0,0.879479378,0.012183125,0.005816875,0.012183125,-0.87907094,-0.009591563
1581248859.0228157,000000000402,e78f135624ce,-78,16.41725478,8.480402743,1.844,-0.000402743,0.009,-1.0,0.960476724,0.013,-0.002268495,0.013,-0.960476724,-0.008134248
1581248859.4747713,000000000402,e78f135624ce,-78,16.369193471,8.502034787,1.84,-0.015771742,0.009,-1.0,0.987017394,0.013,-0.016017394,0.012754348,-0.987017394,-0.009
1581248859.929755,000000000402,e78f135624ce,-75,16.322103165,8.51640807,1.836816139,-0.02340807,0.00840807,-1.0,0.99540807,0.013,-0.02340807,0.013,-0.995816139,-0.008816139
1581248860.3877861,000000000402,e78f135624ce,-83,16.275977207,8.519829535,1.840255698,-0.024829535,0.01,-1.0,0.998085233,0.015085233,-0.024829535,0.015085233,-0.999,-0.010085233
1581248860.8387702,000000000402,e78f135624ce,-72,16.229109708,8.515367737,1.843,-0.022683869,0.010683869,-1.0,0.999,0.016316131,-0.022,0.016,-0.999,-0.011
1581248861.291773,000000000402,e78f135624ce,-79,16.182493289,8.52,1.846,-0.020123322,0.012,-1.0,1.0,0.016,-0.019415548,0.015292226,-1.0,-0.012707774
1581248861.7427697,000000000402,e78f135624ce,-75,16.136393627,8.524892798,1.844,-0.015107202,0.011,-1.0,1.0,0.015,-0.015107202,0.015,-1.0,-0.011
1581248862.2033925,000000000402,e78f135624ce,-74,16.095921241,8.530179793,1.842410103,-0.012,0.01,-1.0,1.0,0.015589897,-0.012,0.015589897,-1.0,-0.01
1581248862.65275,000000000402,e78f135624ce,-90,16.052395589,8.529,1.839,-0.008799661,0.009,-1.0,1.0,0.015,-0.008799661,0.015,-1.0,-0.009
1581248863.1047645,000000000402,e78f135624ce,-82,15.999205443,8.510205443,1.839634309,0.003171546,0.008,-1.0,0.7352419,0.010097072,-0.011537237,0.010097072,-0.7352419,-0.006365691
1581248864.0078113,000000000402,e78f135624ce,-80,15.867861836,8.394990789,1.869880258,0.029981578,0.001055265,-0.998,-0.211972367,-0.008,-0.027981578,-0.008,0.212963156,-0.003944735
1581248864.463745,000000000402,e78f135624ce,-79,15.814617957,8.404390639,1.845008596,0.023313276,0.008991404,-0.999,-0.066081187,-0.004660936,-0.016974212,-0.004660936,0.067081187,0.003991404
1581248864.9157398,000000000402,e78f135624ce,-75,15.755396875,8.39809401,1.840302865,0.026302865,0.008798958,-0.99869974,-0.121605729,-0.007,-0.021603125,-0.007,0.12190599,0.002498698
1581248864.918732,000000000402,e78f135624ce,-72,15.755120676,8.39756463,1.840556047,0.026556047,0.008706892,-0.998676723,-0.122112093,-0.007,-0.021879324,-0.007,0.12243537,0.002383615
1581248865.3717566,000000000402,e78f135624ce,-75,15.689783645,8.436927644,1.861793778,0.0123712,0.003041244,-0.999,-0.1746288,-0.006041244,-0.014329956,-0.006041244,0.1756288,-0.003958756
1581248865.8338244,000000000402,e78f135624ce,-69,15.62635597,8.521372855,1.851491511,-0.009610168,0.007169496,-0.999,-0.119186194,-0.005220336,-0.000779664,-0.005220336,0.119186194,0.001169496
1581248866.7397618,000000000402,e78f135624ce,-83,15.506656705,8.397996088,1.828618995,0.027271788,0.013652793,-0.997,-0.298102801,-0.010192458,-0.047539665,-0.010192458,0.299295259,0.009652793
1581248867.1918344,000000000402,e78f135624ce,-79,15.434230723,8.379234481,1.853347963,0.021417556,0.003395611,-0.997465204,-0.239732299,-0.012534796,-0.050139185,-0.012534796,0.240732299,-6.9593e-05
1581248867.651785,000000000402,e78f135624ce,-73,15.34362593,8.405090613,1.865,0.001671236,-0.002179136,-0.997179136,-0.221925186,-0.013,-0.05074605,-0.013,0.22274605,-0.004
1581248868.103803,000000000402,e78f135624ce,-76,15.257041045,8.441782837,1.886920895,-0.003495523,-0.011126119,-0.996208209,-0.292821637,-0.015583582,-0.057085074,-0.014583582,0.293405219,-0.01091791
1581248868.561747,000000000402,e78f135624ce,-70,15.243448563,8.409905352,1.897866254,0.016866254,0.001771606,-0.996409465,-0.260310649,-0.010637859,-0.04818107,-0.010228394,0.260720114,-0.007409465
1581248869.0177925,000000000402,e78f135624ce,-67,15.191945676,8.488384331,1.843809867,0.001271619,0.013063378,-0.996990946,-0.65682391,-0.014009054,-0.012253511,-0.013027162,0.655842018,0.010063378
1581248869.4727538,000000000402,e78f135624ce,-74,15.176028563,8.594138156,1.949490531,-0.02429525,-0.01529525,-0.993,-0.525176032,-0.008014281,0.007309531,-0.012014281,0.526514125,-0.026619062
1581248869.933882,000000000402,e78f135624ce,-81,15.168193713,8.532467927,1.976443394,0.006903143,-0.003903143,-0.996,-0.417596218,-0.006088679,-0.007266036,-0.006725786,0.419233325,-0.021451572
1581248870.38974,000000000402,e78f135624ce,-71,15.14564991,8.49127289,1.971093357,0.016630162,0.007836625,-0.996976661,-0.445477559,-0.007070018,-0.010653501,-0.007046679,0.446500899,-0.012046679
1581248872.2097032,000000000402,e78f135624ce,-76,14.944545797,8.289271017,1.933807587,0.040722488,-0.007123035,-0.995876965,-0.709223855,-0.014,-0.037107314,-0.014,0.711785372,-0.009561517
1581248872.671684,000000000402,e78f135624ce,-70,14.919,8.219838748,1.98707625,0.054233125,-0.013730938,-0.996,-0.654003446,-0.01392375,-0.050578438,-0.012654688,0.656734384,-0.022269062
1581248873.1238544,000000000402,e78f135624ce,-75,14.883927723,8.337793724,1.979535479,0.013211553,-0.007428383,-0.992321287,-0.445959904,-0.010214191,-0.028247691,-0.009107096,0.452638617,-0.016214191
1581248873.5798206,000000000402,e78f135624ce,-77,14.807903015,8.471557352,1.938383898,-0.01594125,0.007259559,-0.995,-0.551633821,-0.012577868,0.001045073,-0.010525956,0.554107865,-0.002636618
1581248874.0338624,000000000402,e78f135624ce,-74,14.800427332,8.362135082,1.921718004,0.034002366,0.011855453,-0.994,-0.515157956,-0.011428909,-0.028288306,-0.01028594,0.519157956,-0.001715638
1581248874.493738,000000000402,e78f135624ce,-69,14.754180189,8.340992976,1.876176677,0.032296803,0.011883386,-0.995646646,-0.522787844,-0.012176677,-0.029473481,-0.011,0.523964522,0.006706709
1581248874.9467113,000000000402,e78f135624ce,-66,14.682922622,8.454308974,1.918000537,0.000768941,-0.001153681,-0.99746158,-0.491457818,-0.00907684,-0.012615261,-0.00907684,0.491457818,-0.007384739
1581248875.4027948,000000000402,e78f135624ce,-67,14.643247522,8.554306987,1.976816774,-0.022401016,-0.013504955,-0.991123761,-0.646529857,-0.008876239,0.011772299,-0.011628717,0.650406096,-0.021485134
1581248875.8547,000000000402,e78f135624ce,-68,14.621418076,8.608347517,1.924381342,-0.022528278,0.016872886,-0.992418076,-0.518132931,-0.006581924,0.01790962,-0.007581924,0.519132931,0.002745772
1581248876.3107884,000000000402,e78f135624ce,-74,14.511367022,8.50163564,1.887831117,0.032942819,0.01030984,-0.993070479,-0.713477392,-0.013929521,-0.037323138,-0.014929521,0.718716754,0.007
1581248877.2136872,000000000402,e78f135624ce,-79,14.333051205,8.17995951,1.898299196,0.115646919,0.006900268,-0.987900268,-0.959849062,-0.019,-0.116646919,-0.020450134,0.969948795,0.003900268
1581248877.6646905,000000000402,e78f135624ce,-77,14.32940308,7.9990033,1.93540198,0.14319879,-0.00540088,-0.98680011,-0.97819989,-0.01980011,-0.14319879,-0.01980011,0.98959967,-0.00840088
1581248878.120674,000000000402,e78f135624ce,-68,14.180809599,7.984542546,1.867914908,0.167145745,0.017271273,-0.984,-0.981854255,-0.017854255,-0.168,-0.021708509,0.995854255,0.014271273
1581248878.578703,000000000402,e78f135624ce,-68,14.094491401,8.072851896,1.8206365,0.132528802,0.0285273,-0.9878908,-0.9874181,-0.0160546,-0.133528802,-0.0201092,0.9984727,0.026
1581248879.0319903,000000000402,e78f135624ce,-65,14.042823856,8.324805474,1.807088072,0.021603676,0.025911928,-0.995088072,-0.995088072,-0.010044036,-0.022603676,-0.011044036,0.999,0.024911928
1581248879.4847054,000000000402,e78f135624ce,-68,14.015907727,8.45095374,1.802323081,-3.0758e-05,0.023323081,-0.998,-0.998676919,-0.008646161,3.0758e-05,-0.008646161,0.999676919,0.022646161
1581248879.9357133,000000000402,e78f135624ce,-66,13.998599545,8.508300625,1.801300057,0.006900171,0.022,-0.999,-0.999,-0.009300057,-0.007600114,-0.01,1.0,0.022
1581248880.393694,000000000402,e78f135624ce,-67,13.974225896,8.527899602,1.812949801,0.0159749,0.019,-0.999,-1.0,-0.012,-0.016949801,-0.0129749,1.0,0.019
1581248880.8446977,000000000402,e78f135624ce,-74,13.956566598,8.526033812,1.816699795,0.02739959,0.018433402,-0.999,-0.999,-0.012566598,-0.027832992,-0.012566598,1.0,0.018
1581248880.8476336,000000000402,e78f135624ce,-71,13.956591064,8.525862552,1.816773192,0.027546384,0.018408936,-0.999,-0.999,-0.012591064,-0.02795532,-0.012591064,1.0,0.018
1581248881.3037536,000000000402,e78f135624ce,-73,13.904619043,8.535914277,1.819520631,0.01773334,0.016901589,-0.999549206,-0.999774603,-0.012676191,-0.01773334,-0.012901589,1.0,0.016676191
1581248881.7547264,000000000402,e78f135624ce,-71,13.87450722,8.48750722,1.792845367,0.046169073,0.024830927,-0.998,-0.998,-0.017,-0.047169073,-0.018,1.0,0.023830927
1581248881.757846,000000000402,e78f135624ce,-68,13.874435227,8.487435227,1.792725379,0.046145076,0.024854924,-0.998,-0.998,-0.017,-0.047145076,-0.018,1.0,0.023854924
1581248882.671701,000000000402,e78f135624ce,-67,13.818269572,8.476769079,1.766769079,0.029038651,0.028423191,-0.999,-0.999,-0.01880773,-0.029230921,-0.01980773,0.999,0.027615461
1581248883.1228678,000000000402,e78f135624ce,-69,13.789185156,8.486,1.764794602,0.015198651,0.026,-0.999,-1.0,-0.019602699,-0.015397301,-0.020602699,0.999,0.026
1581248883.574783,000000000402,e78f135624ce,-72,13.757195499,8.492602572,1.766201929,0.010198714,0.026198714,-1.0,-1.0,-0.017,-0.010198714,-0.017,0.999400643,0.025599357
1581248883.577904,000000000402,e78f135624ce,-70,13.757013447,8.492706602,1.766279951,0.010146699,0.026146699,-1.0,-1.0,-0.017,-0.010146699,-0.017,0.99942665,0.02557335
1581248884.031803,000000000402,e78f135624ce,-71,13.726872577,8.49629732,1.757,0.009872577,0.028,-1.0,-1.0,-0.019957526,-0.010830103,-0.019957526,0.999,0.028
1581248884.490666,000000000402,e78f135624ce,-78,13.69977231,8.508445538,1.756168307,0.008722769,0.026554462,-1.0,-1.0,-0.019,-0.009,-0.019,0.999,0.026554462
1581248884.949213,000000000402,e78f135624ce,-66,13.659153189,8.510403901,1.754403901,0.012403901,0.025596099,-1.0,-1.0,-0.019596099,-0.012403901,-0.019596099,0.999,0.025596099
1581248885.4076767,000000000402,e78f135624ce,-72,13.607902918,8.500831218,1.750759518,0.018746827,0.025746827,-0.999084391,-1.0,-0.019915609,-0.019746827,-0.019915609,0.999084391,0.025746827
1581248885.8616936,000000000402,e78f135624ce,-73,13.57695488,8.511135359,1.759363413,0.010273174,0.022318293,-1.0,-1.0,-0.019,-0.010273174,-0.019318293,1.0,0.022318293
1581248886.3186378,000000000402,e78f135624ce,-74,13.532677679,8.51916116,1.75312913,0.00841942,0.02429029,-1.0,-1.0,-0.019,-0.00941942,-0.01929029,0.999,0.024
1581248886.773672,000000000402,e78f135624ce,-73,13.478675782,8.520906901,1.761813802,0.005093099,0.020093099,-1.0,-1.0,-0.017093099,-0.005093099,-0.017093099,1.0,0.020093099
1581248887.224695,000000000402,e78f135624ce,-72,13.444100548,8.537785323,1.767328806,-0.000114129,0.018557065,-1.0,-1.0,-0.016,0.000114129,-0.016,1.0,0.018557065
1581248887.679621,000000000402,e78f135624ce,-70,13.398708491,8.546705323,1.754235108,0.002,0.021764892,-1.0,-1.0,-0.019,-0.002235108,-0.019,1.0,0.021764892
1581248888.1337545,000000000402,e78f135624ce,-76,13.339354798,8.540706439,1.75235322,0.012411301,0.02088226,-1.0,-1.0,-0.019,-0.013293561,-0.019,1.0,0.02088226
1581248888.5896623,000000000402,e78f135624ce,-84,13.288592891,8.539407109,1.744037156,0.019518578,0.022,-0.999,-0.999481422,-0.019,-0.019518578,-0.02,1.0,0.021481422
1581248889.0466514,000000000402,e78f135624ce,-78,13.227425311,8.518336973,1.745668487,0.032331513,0.021082878,-0.999,-0.999,-0.016917122,-0.032331513,-0.017,1.0,0.020082878
1581248889.5047605,000000000402,e78f135624ce,-79,13.171668949,8.496474405,1.742245734,0.034262798,0.021754266,-0.999,-0.999,-0.011754266,-0.035262798,-0.012,1.0,0.021754266
1581248890.8647013,000000000402,e78f135624ce,-79,13.04490054,8.515,1.756750193,0.028649961,0.018299923,-0.999,-0.999,-0.017649961,-0.028649961,-0.018649961,1.0,0.017949884
1581248891.3156178,000000000402,e78f135624ce,-82,13.007,8.52037305,1.746036271,0.022554407,0.022240932,-0.999,-0.999,-0.018240932,-0.022795339,-0.019240932,1.0,0.022240932
1581248891.318621,000000000402,e78f135624ce,-72,13.007,8.520723414,1.745936167,0.022404251,0.022265958,-0.999,-0.999,-0.018265958,-0.022670209,-0.019265958,1.0,0.022265958
1581248891.7746835,000000000402,e78f135624ce,-73,12.96538721,8.531907519,1.735369923,0.022815039,0.024,-0.999,-0.999,-0.018907519,-0.022907519,-0.019907519,0.999092481,0.023907519
1581248892.2326677,000000000402,e78f135624ce,-84,12.89797629,8.512909751,1.731831358,0.029752964,0.024584321,-0.999,-0.999,-0.017584321,-0.029752964,-0.018584321,0.999415679,0.024
1581248892.6856158,000000000402,e78f135624ce,-76,12.85132994,8.520888081,1.749444768,0.025444768,0.02,-0.999,-0.999,-0.015222384,-0.025444768,-0.016222384,1.0,0.019
1581248893.5896127,000000000402,e78f135624ce,-77,12.81276356,8.55652712,1.77564534,0.00635466,0.01223644,-0.999,-0.208659276,-0.00667733,-0.025,-0.00723644,0.208659276,0.01111822
1581248894.047634,000000000402,e78f135624ce,-73,12.849637462,8.545271472,1.827365991,-0.001,0.011091066,-1.0,0.594199398,0.009273198,-0.011726802,0.009273198,-0.594199398,-0.003364264
1581248894.4976568,000000000402,e78f135624ce,-78,12.838505667,8.549794711,1.866798489,-0.009596978,0.013300378,-0.999300378,0.78107242,0.012699622,-0.015197733,0.012699622,-0.78107242,-0.011
1581248894.9536119,000000000402,e78f135624ce,-77,12.79872163,8.55622696,1.882968965,-0.01283511,0.013082445,-0.999360815,0.859154231,0.015360815,-0.016474295,0.015360815,-0.859154231,-0.012082445
1581248895.4046113,000000000402,e78f135624ce,-80,12.755069817,8.55912218,1.895860366,-0.013052363,0.015965092,-0.999982546,0.897336739,0.015017454,-0.015069817,0.015,-0.897336739,-0.014947637
1581248895.407557,000000000402,e78f135624ce,-81,12.754960716,8.558973811,1.895914885,-0.012980358,0.015967263,-1.0,0.898176778,0.014993453,-0.014980358,0.014993453,-0.898183325,-0.014967263
1581248895.8635926,000000000402,e78f135624ce,-80,12.728959694,8.542743572,1.903296734,-0.005175817,0.015824183,-1.0,0.966688673,0.016608061,-0.005567755,0.016608061,-0.966688673,-0.015824183
1581248896.7707016,000000000402,e78f135624ce,-69,12.666529154,8.513814255,1.932671705,0.00237149,0.018557235,-1.0,0.99662851,0.01737149,0.00237149,0.01737149,-0.995814255,-0.018557235
1581248897.227614,000000000402,e78f135624ce,-81,12.603363798,8.529493514,1.911428656,-0.003,0.013974057,-1.0,0.999,0.013,-0.003,0.013,-0.998506486,-0.013480543
1581248898.142673,000000000402,e78f135624ce,-78,12.485658428,8.533382714,1.842148143,-0.005,-0.000872429,-1.0,1.0,0.012,-0.005,0.012,-1.0,0.000744857
1581248898.5965998,000000000402,e78f135624ce,-77,12.433103448,8.536907162,1.824732095,-0.009453581,-0.002,-1.0,1.0,0.011546419,-0.009453581,0.011546419,-1.0,0.002
1581248899.0565941,000000000402,e78f135624ce,-72,12.375093583,8.528988818,1.824587992,-0.010247205,0.000917598,-1.0,1.0,0.011082402,-0.010247205,0.011082402,-1.0,-0.000917598
1581248899.5145915,000000000402,e78f135624ce,-71,12.325705517,8.529741103,1.826,-0.01,0.003,-1.0,1.0,0.012,-0.01,0.012,-1.0,-0.003
1581248899.9675999,000000000402,e78f135624ce,-69,12.271127618,8.537565969,1.815825524,-0.013782984,0.001608508,-1.0,1.0,0.01,-0.013782984,0.01,-1.0,-0.001608508
1581248900.4176004,000000000402,e78f135624ce,-69,12.211869259,8.53,1.817034406,-0.012006881,0.003013762,-1.0,1.0,0.010006881,-0.012,0.010006881,-1.0,-0.003013762
1581248900.869592,000000000402,e78f135624ce,-75,12.149674475,8.521392616,1.818214768,-0.01,0.003607384,-1.0,1.0,0.011607384,-0.01,0.011607384,-1.0,-0.003607384
1581248901.3226037,000000000402,e78f135624ce,-78,12.097626038,8.524079074,1.823215815,-0.011,0.006215815,-1.0,1.0,0.011784185,-0.011,0.011784185,-1.0,-0.006215815
1581248901.7745838,000000000402,e78f135624ce,-77,12.049382383,8.524510511,1.828,-0.00734034,0.008,-1.0,1.0,0.01017017,-0.00734034,0.01017017,-1.0,-0.008
1581248902.6765652,000000000402,e78f135624ce,-76,11.948241591,8.524075841,1.814455045,-0.002924159,0.002151682,-1.0,1.0,0.012075841,-0.002924159,0.012075841,-1.0,-0.002151682
1581248903.1355817,000000000402,e78f135624ce,-79,11.891149886,8.541962529,1.818518736,-0.006,0.004259368,-1.0,1.0,0.011259368,-0.006,0.011259368,-1.0,-0.004259368
1581248903.5945938,000000000402,e78f135624ce,-69,11.826614954,8.549197196,1.817,-0.006,0.004,-1.0,1.0,0.011600935,-0.006,0.011600935,-1.0,-0.004
1581248903.597515,000000000402,e78f135624ce,-67,11.826225441,8.54927023,1.817,-0.006,0.004,-1.0,1.0,0.01157659,-0.006,0.01157659,-1.0,-0.004
1581248904.0485947,000000000402,e78f135624ce,-68,11.775795385,8.554889823,1.801031479,-0.005952781,-0.00098426,-1.0,1.0,0.009,-0.005952781,0.00998426,-1.0,0.00098426
1581248904.9582589,000000000402,e78f135624ce,-79,11.680205425,8.566,1.810237468,-0.01,0.000639277,-1.0,1.0,0.011,-0.01,0.011,-1.0,-0.000639277
1581248905.4106061,000000000402,e78f135624ce,-79,11.631609971,8.569101662,1.821949169,-0.011050831,0.003,-1.0,1.0,0.011,-0.011050831,0.011,-1.0,-0.003050831
1581248905.866559,000000000402,e78f135624ce,-75,11.587382328,8.563735284,1.813,-0.011455881,-0.001,-1.0,1.0,0.008,-0.011455881,0.008455881,-1.0,0.001
1581248906.3245711,000000000402,e78f135624ce,-79,11.538726248,8.550837589,1.817675178,-0.011324822,-0.001162411,-1.0,1.0,0.011,-0.011324822,0.011,-1.0,0.001162411
1581248906.7825716,000000000402,e78f135624ce,-68,11.491896273,8.549689554,1.820517165,-0.015172388,-0.001827612,-1.0,1.0,0.011172388,-0.015172388,0.011172388,-1.0,0.001827612
1581248907.2395496,000000000402,e78f135624ce,-75,11.442675002,8.552520312,1.827,-0.019520312,-0.001520312,-1.0,1.0,0.012479688,-0.019520312,0.012479688,-1.0,0.001
1581248907.6955838,000000000402,e78f135624ce,-67,11.388112205,8.552381187,1.825587458,-0.019587458,-0.003206271,-1.0,1.0,0.012793729,-0.019587458,0.012793729,-1.0,0.003
1581248907.6985483,000000000402,e78f135624ce,-63,11.387815755,8.552317662,1.825545108,-0.019545108,-0.003227446,-1.0,1.0,0.012772554,-0.019545108,0.012772554,-1.0,0.003
1581248908.1465793,000000000402,e78f135624ce,-67,11.340561567,8.550817031,1.820365938,-0.016,-0.004817031,-1.0,1.0,0.011,-0.016,0.011,-1.0,0.004817031
1581248908.5975485,000000000402,e78f135624ce,-70,11.280687966,8.545886112,1.820113888,-0.008886112,-0.004257408,-1.0,1.0,0.01,-0.008886112,0.01,-1.0,0.004257408
1581248909.0505674,000000000402,e78f135624ce,-71,11.21870155,8.551043847,1.818043847,-0.006087694,-0.005,-1.0,1.0,0.01,-0.006087694,0.01,-1.0,0.005
1581248909.5055695,000000000402,e78f135624ce,-72,11.152080431,8.562786715,1.808393357,-0.005180072,-0.007393357,-1.0,1.0,0.009,-0.005180072,0.009,-1.0,0.007
1581248909.9585419,000000000402,e78f135624ce,-79,11.093326615,8.560755108,1.814265323,-0.000755108,-0.003489785,-1.0,1.0,0.010244892,-0.000755108,0.010244892,-1.0,0.003489785
1581248910.4146597,000000000402,e78f135624ce,-69,11.040304995,8.556100384,1.815,0.001899616,-0.003,-1.0,1.0,0.011,0.001899616,0.011,-1.0,0.003
1581248910.8625433,000000000402,e78f135624ce,-70,10.988485631,8.547930624,1.823,0.002534688,0.0,-1.0,1.0,0.011,0.002534688,0.011,-1.0,-0.0
1581248911.3165305,000000000402,e78f135624ce,-73,10.931853806,8.541163742,1.828,0.001918129,0.001,-1.0,1.0,0.012918129,0.001918129,0.012918129,-1.0,-0.001
1581248911.7695458,000000000402,e78f135624ce,-66,10.880430165,8.535856612,1.826143388,0.001571694,-0.000428306,-1.0,1.0,0.011,0.001571694,0.011,-1.0,0.000428306
1581248912.2295372,000000000402,e78f135624ce,-66,10.825091283,8.539,1.82081279,-0.003406395,-0.001593605,-1.0,1.0,0.009,-0.003406395,0.009,-1.0,0.001593605
1581248912.6846867,000000000402,e78f135624ce,-68,10.766017746,8.534815827,1.824061391,-0.004938609,-0.001,-1.0,1.0,0.009,-0.004938609,0.009,-1.0,0.001
1581248913.1385467,000000000402,e78f135624ce,-76,10.711769896,8.536410035,1.825317993,-0.006046021,-0.002682007,-1.0,1.0,0.011,-0.006046021,0.011,-1.0,0.002682007
1581248913.591564,000000000402,e78f135624ce,-81,10.654642747,8.546161934,1.819709516,-0.006,-0.005290484,-1.0,1.0,0.010290484,-0.006290484,0.010290484,-1.0,0.005290484
1581248914.0445824,000000000402,e78f135624ce,-75,10.601212357,8.543720225,1.818186517,-0.001,-0.006906742,-1.0,1.0,0.010906742,-0.001,0.010906742,-1.0,0.006906742
1581248914.948861,000000000402,e78f135624ce,-71,10.500443651,8.54551127,1.817829577,0.000659153,-0.003829577,-1.0,1.0,0.01,0.000659153,0.01,-1.0,0.003829577
1581248915.397521,000000000402,e78f135624ce,-71,10.442891313,8.544756793,1.816756793,-0.000513586,-0.001243207,-1.0,1.0,0.009486414,-0.000513586,0.009486414,-1.0,0.001243207
1581248915.8565443,000000000402,e78f135624ce,-75,10.384205331,8.549,1.815637833,-0.004362167,0.0,-1.0,1.0,0.011,-0.004362167,0.011,-1.0,0.0
1581248916.3135393,000000000402,e78f135624ce,-74,10.325339286,8.555,1.816022619,-0.009,0.002022619,-1.0,1.0,0.011,-0.009,0.011,-1.0,-0.002022619
1581248916.7695515,000000000402,e78f135624ce,-69,10.272715439,8.551663183,1.818,-0.010663183,0.004,-1.0,1.0,0.012663183,-0.010663183,0.012663183,-1.0,-0.004
1581248917.222535,000000000402,e78f135624ce,-67,10.226291451,8.543816246,1.826237603,-0.008435047,0.008618801,-0.99967265,0.99967265,0.013636751,-0.008435047,0.013636751,-1.0,-0.009291451
1581248917.6785462,000000000402,e78f135624ce,-76,10.232026291,8.463684511,1.863065727,0.034131454,0.022026291,-0.998986855,0.998986855,0.021,0.034144599,0.022,-0.999,-0.021013145
1581248918.139533,000000000402,e78f135624ce,-73,10.19712424,8.477524021,1.865351739,0.019069022,0.02267587,-0.998,0.197146318,0.009689674,0.048027609,0.010689674,-0.198146318,-0.007365544
1581248918.5946116,000000000402,e78f135624ce,-73,10.108657789,8.564312704,1.853492623,-0.011761065,0.017746312,-0.999,-0.614413106,-0.001253688,0.033238935,-0.000253688,0.614413106,0.008253688
1581248918.5975232,000000000402,e78f135624ce,-78,10.107996068,8.564762674,1.853439685,-0.011840472,0.017719843,-0.999,-0.617377614,-0.001280157,0.033159528,-0.000280157,0.617377614,0.008280157
1581248919.0495212,000000000402,e78f135624ce,-72,10.02745496,8.566245496,1.840490992,-0.011,0.009245496,-1.0,0.310049485,0.006754504,0.006736488,0.007754504,-0.310049485,0.002122748
1581248919.5006309,000000000402,e78f135624ce,-68,9.961132311,8.57,1.829,-0.011491731,0.005,-1.0,0.683681325,0.009491731,-0.004983461,0.009491731,-0.683681325,1.6539e-05
1581248919.9516346,000000000402,e78f135624ce,-85,9.897932935,8.563114837,1.822655489,-0.011229674,0.003885163,-1.0,0.899215435,0.010885163,-0.009229674,0.010885163,-0.899215435,-0.002
1581248920.4085138,000000000402,e78f135624ce,-75,9.829228811,8.564469868,1.818234934,-0.012,0.005,-1.0,0.780379956,0.009,-0.012765066,0.009,-0.780379956,-0.001530132
1581248920.8616478,000000000402,e78f135624ce,-74,9.770007741,8.573374516,1.814625484,-0.019374516,0.004,-1.0,0.92886484,0.01,-0.019374516,0.01,-0.929239357,-0.003
1581248921.31153,000000000402,e78f135624ce,-85,9.692955537,8.576039814,1.819880558,-0.003318512,0.009880558,-1.0,0.058368217,0.004079628,-0.019,0.004079628,-0.058368217,0.005840744
1581248921.7665212,000000000402,e78f135624ce,-76,9.607492792,8.568613964,1.828613964,0.014227928,0.015227928,-1.0,-0.661536038,-0.000386036,-0.021386036,-0.001,0.661536038,0.013841892
1581248922.2204833,000000000402,e78f135624ce,-76,9.530063296,8.560480347,1.834,0.022259827,0.018259827,-0.999740173,-0.893054622,-0.000519653,-0.025,-0.001259827,0.893054622,0.018
1581248922.6804924,000000000402,e78f135624ce,-71,9.460932015,8.560051779,1.835103557,0.022948221,0.018948221,-1.0,-0.966378657,-0.002948221,-0.023948221,-0.002948221,0.966378657,0.018948221
1581248923.1334853,000000000402,e78f135624ce,-88,9.39553958,8.547774019,1.833,0.028556495,0.021443505,-0.999,-0.988669486,-0.002556495,-0.028556495,-0.003112991,0.988669486,0.021
1581248923.589489,000000000402,e78f135624ce,-73,9.327633246,8.580417459,1.818670988,-0.017227601,0.011430423,-0.998810141,-0.007700367,-0.002,-0.047518871,-0.002,0.007510508,0.008430423
1581248924.0415144,000000000402,e78f135624ce,-86,9.236232086,8.647705724,1.792550248,-0.06786841,0.004387562,-0.997,0.673684096,-0.005612438,-0.077449752,-0.006418657,-0.677296534,0.002193781
1581248924.4944735,000000000402,e78f135624ce,-81,9.11689085,8.466002824,1.783555634,0.065442954,0.018888732,-0.992555634,-0.41365278,-0.017444366,-0.116333098,-0.019888732,0.418541512,0.015888732
1581248924.4974911,000000000402,e78f135624ce,-76,9.116310531,8.465167164,1.783532421,0.065883997,0.018935158,-0.992532421,-0.417761442,-0.017467579,-0.116402736,-0.019935158,0.4226966,0.015935158
1581248924.9534924,000000000402,e78f135624ce,-71,9.070870873,8.422324293,1.786903892,0.070321344,0.020870873,-0.995129127,-0.814714624,-0.01648349,-0.086804834,-0.018354363,0.818585497,0.019
1581248925.4135065,000000000402,e78f135624ce,-87,9.056773311,8.468453377,1.807226689,0.041773311,0.017193328,-0.998,-0.941133443,-0.008,-0.046353295,-0.009,0.943133443,0.016193328
1581248926.3224657,000000000402,e78f135624ce,-81,8.990363452,8.510848562,1.824939425,0.033030288,0.014030288,-0.999,-0.992939425,-0.006969712,-0.033060575,-0.007,0.993939425,0.013060575
1581248926.7814949,000000000402,e78f135624ce,-71,8.94922936,8.511354128,1.829322936,0.036322936,0.012677064,-0.999,-0.997677064,-0.006677064,-0.036322936,-0.007,0.998,0.012677064
1581248927.2414896,000000000402,e78f135624ce,-80,8.907304247,8.509826062,1.833782625,0.039391313,0.011608687,-0.999,-0.999,-0.005,-0.039391313,-0.005391313,0.999,0.011217375
1581248927.6994717,000000000402,e78f135624ce,-69,8.863905782,8.511908815,1.834,0.039091185,0.011091185,-0.999,-0.999,-0.005908815,-0.039091185,-0.006908815,1.0,0.011091185
1581248928.1544614,000000000402,e78f135624ce,-71,8.820224447,8.502293132,1.827586263,0.043706868,0.014,-0.999,-0.999,-0.007413737,-0.043706868,-0.007706868,1.0,0.013
1581248928.6154869,000000000402,e78f135624ce,-80,8.770359132,8.503,1.835942337,0.042,0.009705108,-0.999,-0.999,-0.004352554,-0.042352554,-0.005,1.0,0.009705108
1581248928.6184554,000000000402,e78f135624ce,-84,8.769927343,8.503,1.835861377,0.042,0.009759082,-0.999,-0.999,-0.004379541,-0.042379541,-0.005,1.0,0.009759082
1581248929.0724585,000000000402,e78f135624ce,-80,8.714424742,8.503848306,1.835,0.041091016,0.010969661,-0.999,-0.999,-0.004030339,-0.041091016,-0.004060677,1.0,0.010969661
1581248929.979464,000000000402,e78f135624ce,-70,8.613724179,8.516511917,1.832,0.033496028,0.01,-0.999,-0.999,-0.005748014,-0.033496028,-0.006,1.0,0.01
1581248930.4404628,000000000402,e78f135624ce,-71,8.56172835,8.52789595,1.835947975,0.031052025,0.009,-0.999,-0.999,-0.005052025,-0.031052025,-0.006052025,1.0,0.009
1581248930.8934567,000000000402,e78f135624ce,-74,8.514324917,8.527443743,1.829331229,0.032,0.013112514,-0.999,-0.999,-0.006,-0.032,-0.006,1.0,0.012556257
1581248931.3474638,000000000402,e78f135624ce,-85,8.468578241,8.523172983,1.832,0.035,0.011172983,-0.999,-0.999,-0.006,-0.035,-0.006172983,1.0,0.011
1581248931.8014538,000000000402,e78f135624ce,-71,8.416525208,8.522194247,1.831776987,0.036805753,0.013611506,-0.999,-0.999,-0.005,-0.036805753,-0.006,1.0,0.013611506
1581248932.2544396,000000000402,e78f135624ce,-76,8.360894311,8.523,1.836776422,0.038,0.012111789,-0.999,-0.999,-0.005,-0.038,-0.005,1.0,0.012111789
1581248932.7084506,000000000402,e78f135624ce,-71,8.308825527,8.529638624,1.843,0.036271032,0.011,-0.999,-0.999,-0.005090344,-0.036271032,-0.005180688,1.0,0.011
1581248933.1604562,000000000402,e78f135624ce,-73,8.25883329,8.512812484,1.841,0.043395839,0.014,-0.999,-0.999,-0.005697919,-0.043395839,-0.006697919,1.0,0.013302081
1581248933.616566,000000000402,e78f135624ce,-72,8.204020993,8.504,1.834667833,0.045,0.016,-0.999,-0.999,-0.005667833,-0.045,-0.006667833,1.0,0.015332167
1581248934.0694666,000000000402,e78f135624ce,-71,8.148835308,8.49338981,1.831111374,0.049832938,0.016,-0.999,-0.999,-0.006,-0.049832938,-0.007,1.0,0.015944313
1581248934.5228155,000000000402,e78f135624ce,-73,8.096389042,8.494,1.825901792,0.050585458,0.016170917,-0.999,-0.999,-0.007585458,-0.050585458,-0.008585458,1.0,0.015756375
1581248934.981468,000000000402,e78f135624ce,-75,8.045988987,8.503930397,1.826534802,0.050802203,0.014465198,-0.998732599,-0.998732599,-0.007267401,-0.050802203,-0.008,1.0,0.013732599
1581248936.3405452,000000000402,e78f135624ce,-69,7.87140666,8.511930195,1.830174512,0.062069805,0.012965098,-0.998,-0.998,-0.005930195,-0.062069805,-0.006930195,1.0,0.011965098
1581248936.7904432,000000000402,e78f135624ce,-71,7.814287166,8.504991344,1.838339104,0.065,0.010669552,-0.998,-0.998,-0.005660896,-0.065,-0.006330448,1.0,0.01
1581248937.2474377,000000000402,e78f135624ce,-69,7.759202073,8.505275259,1.845724741,0.058275259,0.00863763,-0.998,-0.998,-0.00636237,-0.058275259,-0.007,1.0,0.008
1581248937.7065308,000000000402,e78f135624ce,-70,7.707806966,8.501929822,1.847578929,0.049929822,0.009140357,-0.999,-0.999,-0.006,-0.049929822,-0.006070178,1.0,0.009140357
1581248938.1614432,000000000402,e78f135624ce,-74,7.64848797,8.494,1.848,0.044282277,0.008,-0.999,-0.999,-0.007,-0.044282277,-0.008,1.0,0.008
1581248938.6184204,000000000402,e78f135624ce,-82,7.596098673,8.491441567,1.844018194,0.033846747,0.008846747,-0.999,-0.999,-0.007,-0.034558433,-0.008,1.0,0.008846747
1581248939.077446,000000000402,e78f135624ce,-71,7.533992136,8.497132285,1.842330712,0.026,0.008867715,-1.0,-1.0,-0.007,-0.026,-0.007933858,1.0,0.008867715
1581248939.53844,000000000402,e78f135624ce,-74,7.470311694,8.507772343,1.841742552,0.018113828,0.007628724,-1.0,-1.0,-0.009371276,-0.018113828,-0.009371276,1.0,0.007257448
1581248939.9904535,000000000402,e78f135624ce,-72,7.404846444,8.499,1.844778792,0.02,0.005740403,-1.0,-1.0,-0.007,-0.02,-0.007,1.0,0.005740403
1581248940.446435,000000000402,e78f135624ce,-76,7.337198265,8.49708559,1.851,0.02291441,0.00391441,-1.0,-1.0,-0.00908559,-0.02291441,-0.00908559,1.0,0.003
1581248940.903423,000000000402,e78f135624ce,-77,7.275992418,8.498,1.845664139,0.025111954,0.008111954,-1.0,-1.0,-0.006,-0.025111954,-0.006,1.0,0.00766793
1581248941.3644705,000000000402,e78f135624ce,-71,7.22299217,8.507768628,1.841305885,0.027694115,0.008462743,-0.999768628,-0.999768628,-0.006768628,-0.027694115,-0.007768628,1.0,0.008231372
1581248941.8174417,000000000402,e78f135624ce,-74,7.168370979,8.506592745,1.845407255,0.036555441,0.006296372,-0.999,-0.999,-0.008703628,-0.036555441,-0.008703628,1.0,0.006296372
1581248942.2689376,000000000402,e78f135624ce,-80,7.107904594,8.515478706,1.839957411,0.042436117,0.009521294,-0.999,-0.999,-0.008042589,-0.042436117,-0.008521294,1.0,0.009
1581248942.7184057,000000000402,e78f135624ce,-80,7.041200015,8.513820001,1.834899993,0.049179999,0.010640003,-0.999,-0.999,-0.011910001,-0.050089999,-0.012,1.0,0.009640003
1581248943.1754057,000000000402,e78f135624ce,-71,6.976477517,8.509260834,1.837695829,0.051,0.009521668,-0.999,-0.999,-0.010260834,-0.051,-0.011,1.0,0.008521668
1581248943.6314316,000000000402,e78f135624ce,-73,6.903918431,8.500372714,1.845018287,0.046509143,0.006118142,-0.999,-0.999,-0.009627286,-0.046509143,-0.010627286,1.0,0.006118142
1581248944.0864215,000000000402,e78f135624ce,-75,6.839032819,8.492995624,1.828024067,0.037008752,0.011993436,-0.999,-0.999,-0.008004376,-0.037008752,-0.009002188,1.0,0.011991248
1581248944.5384104,000000000402,e78f135624ce,-72,6.780944056,8.509142482,1.838,0.026114511,0.007,-0.999628496,-0.999628496,-0.009371504,-0.026114511,-0.009743007,1.0,0.006628496
1581248944.9975307,000000000402,e78f135624ce,-80,6.725917515,8.494371925,1.844198261,0.026685963,0.006371925,-1.0,-1.0,-0.008314037,-0.026685963,-0.008314037,1.0,0.006057888
1581248945.4514606,000000000402,e78f135624ce,-87,6.676437101,8.50786887,1.845262261,0.02004371,0.00595629,-1.0,-1.0,-0.01191258,-0.02004371,-0.01191258,1.0,0.00591258
1581248945.9033928,000000000402,e78f135624ce,-80,6.625754628,8.504969329,1.847546007,0.019515336,0.006484664,-1.0,-1.0,-0.009,-0.02,-0.009484664,1.0,0.006
1581248946.3615086,000000000402,e78f135624ce,-72,6.578345701,8.506825972,1.853058009,0.017923439,0.00586543,-1.0,-0.956399295,-0.00859629,-0.01873086,-0.00859629,0.956399295,0.006
1581248946.8134031,000000000402,e78f135624ce,-74,6.614053079,8.585665138,1.864096985,-0.006189384,0.008524246,-0.999,0.290671679,0.009048493,-0.018378769,0.009048493,-0.290671679,-0.004286369
1581248947.2643936,000000000402,e78f135624ce,-75,6.602703559,8.659301378,1.871467394,-0.025472331,0.01317589,-0.999,0.582060276,0.01117589,-0.02664822,0.010587945,-0.583060276,-0.006763835
1581248948.1824317,000000000402,e78f135624ce,-83,6.552634153,8.695455282,1.872779326,-0.030117304,0.012337978,-0.999,0.618544718,0.011220674,-0.03089663,0.010441348,-0.619324044,-0.006779326
1581248948.6343668,000000000402,e78f135624ce,-80,6.499657628,8.70554917,1.855054229,-0.039342372,0.005684743,-0.999,0.694155813,0.009684743,-0.041342372,0.009684743,-0.695155813,-0.004027115
1581248949.0873504,000000000402,e78f135624ce,-77,6.455069204,8.694665874,1.850400952,-0.042532223,0.005066825,-0.998066825,0.739718424,0.01,-0.048665874,0.009933175,-0.740718424,-0.004
1581248949.5473769,000000000402,e78f135624ce,-77,6.414589077,8.688687646,1.847102731,-0.051964369,0.007620546,-0.998,0.850786216,0.012241092,-0.055343823,0.011241092,-0.85216567,-0.005241092
1581248949.9973817,000000000402,e78f135624ce,-76,6.374516605,8.677235968,1.857707904,-0.052764032,0.01,-0.998,0.850146631,0.011471936,-0.053764032,0.011235968,-0.851146631,-0.008235968
1581248950.4583728,000000000402,e78f135624ce,-76,6.312013802,8.666375027,1.865277766,-0.042069441,0.011,-0.999,0.852319173,0.013069441,-0.043,0.013069441,-0.853319173,-0.009138883
1581248950.912376,000000000402,e78f135624ce,-74,6.262716496,8.638885742,1.885472506,-0.030905499,0.016641752,-0.999,0.94875601,0.014905499,-0.030905499,0.014452749,-0.94875601,-0.015641752
1581248951.3623598,000000000402,e78f135624ce,-77,6.221869227,8.620304489,1.901478205,-0.031391347,0.018739102,-0.999,0.982652244,0.017130449,-0.030391347,0.017130449,-0.983521795,-0.018869551
1581248951.816492,000000000402,e78f135624ce,-70,6.160697242,8.616718622,1.895140689,-0.031697242,0.017302758,-0.999,0.993767586,0.015232414,-0.031697242,0.015232414,-0.994535172,-0.017302758
1581248952.2703664,000000000402,e78f135624ce,-74,6.126570073,8.592063869,1.860587226,-0.026651095,0.011,-0.999,0.94660438,0.013825547,-0.027651095,0.013825547,-0.94660438,-0.009412774
1581248952.7263947,000000000402,e78f135624ce,-73,6.049764113,8.608043414,1.875254704,-0.034372648,0.015701882,-0.999,0.982372648,0.017,-0.034372648,0.01607453,-0.983298118,-0.015701882
1581248953.187364,000000000402,e78f135624ce,-74,5.958890288,8.628244514,1.856733543,-0.041755486,0.01,-0.999,0.993510971,0.015244514,-0.041755486,0.014244514,-0.994510971,-0.010244514
1581248954.996374,000000000402,e78f135624ce,-74,5.676609955,8.649282159,1.855456432,-0.044912864,0.009,-0.999,0.999,0.016,-0.044912864,0.015228216,-1.0,-0.009228216
1581248955.4573784,000000000402,e78f135624ce,-77,5.613855014,8.650466371,1.862689086,-0.043233186,0.010844543,-0.999,0.999,0.016,-0.042310914,0.015,-1.0,-0.010922271
