1581248844.015187,b827eb4521b4,e78f135624ce,-74,18.001,8.381,1.872,0.021,0.006,-1.002,0.997,0.024,0.021,0.024,-1.002,-0.01
1581248844.4708242,b827eb4521b4,e78f135624ce,-80,17.999,8.395022661,1.869244335,0.015366502,0.006122167,-1.001,0.998,0.023,0.015366502,0.023877833,-1.001,-0.008244335
1581248844.928275,b827eb4521b4,e78f135624ce,-74,17.981494681,8.410898936,1.859898936,0.020202127,0.007550532,-1.0,0.312547889,0.010696809,-0.005853723,0.010247341,-0.313547889,0.000101064
1581248845.3839679,b827eb4521b4,e78f135624ce,-74,17.93769322,8.42030678,1.868516488,0.021532049,-0.001887366,-1.0,-0.563213412,-0.006629122,-0.016741756,-0.006629122,0.563213412,-0.004677658
1581248846.2940843,b827eb4521b4,e78f135624ce,-75,17.883415727,8.457445698,1.906445698,0.011277151,-0.016153561,-1.0,-0.955029971,-0.015430712,-0.010277151,-0.015430712,0.954599259,-0.016722849
1581248846.748192,b827eb4521b4,e78f135624ce,-82,17.867959471,8.479054039,1.929054039,0.00198649,-0.02701351,-1.0,-0.985054039,-0.016,-0.00198649,-0.016,0.985054039,-0.02701351
1581248847.2045646,b827eb4521b4,e78f135624ce,-82,17.85969899,8.48930101,1.93650505,0.00209697,-0.02650505,-1.0,-0.99539798,-0.01530101,-0.00109697,-0.01530101,0.99469899,-0.02650505
1581248847.6598358,b827eb4521b4,e78f135624ce,-74,17.859379499,8.479964007,1.918964007,0.011276994,-0.011102505,-0.999,-0.998,-0.014,-0.011276994,-0.014,0.998,-0.011102505
1581248848.1131556,b827eb4521b4,e78f135624ce,-73,17.866046069,8.454953931,1.884631446,0.024953931,0.006138208,-0.999,-0.999,-0.013,-0.024953931,-0.014,0.999,0.005138208
1581248849.0205941,b827eb4521b4,e78f135624ce,-80,17.877199068,8.415601864,1.849203729,0.039,0.014199068,-0.999,-0.999,-0.013,-0.039,-0.014,1.0,0.013199068
1581248849.4783535,b827eb4521b4,e78f135624ce,-77,17.879,8.408282346,1.838282346,0.038,0.016,-0.999,-0.999,-0.013141173,-0.039,-0.014,1.0,0.015858827
1581248849.9395187,b827eb4521b4,e78f135624ce,-71,17.865639412,8.423120196,1.841959119,0.023879804,0.011360588,-0.999,-0.999,-0.013439902,-0.024439902,-0.013439902,1.0,0.010920686
1581248850.3894188,b827eb4521b4,e78f135624ce,-71,17.830252852,8.411728707,1.842223004,0.032048289,0.009126426,-0.999,-0.999,-0.013174715,-0.032873574,-0.013174715,1.0,0.008301141
1581248850.8443139,b827eb4521b4,e78f135624ce,-71,17.782799007,8.393,1.842440199,0.031559801,0.009373201,-0.999,-0.999,-0.014,-0.032373201,-0.0148134,1.0,0.009373201
1581248851.2946022,b827eb4521b4,e78f135624ce,-69,17.710416436,8.403806921,1.851004325,0.021793945,0.00559654,-0.999,-0.999,-0.015,-0.021793945,-0.015,1.0,0.004995675
1581248851.7451038,b827eb4521b4,e78f135624ce,-71,17.632295785,8.403963027,1.831049298,0.027987676,0.018975351,-0.999,-0.999,-0.015,-0.027987676,-0.015,1.0,0.017975351
1581248852.6539667,b827eb4521b4,e78f135624ce,-77,17.444547852,8.421267579,1.81557959,0.039012695,0.027280274,-0.998,-0.957152832,-0.013573242,-0.040299316,-0.014286621,0.957726074,0.026280274
1581248853.1100757,b827eb4521b4,e78f135624ce,-75,17.327602296,8.436055252,1.825386761,0.037723742,0.020723742,-0.998,-0.985723742,-0.014,-0.037778994,-0.015,0.986723742,0.020723742
1581248853.5617943,b827eb4521b4,e78f135624ce,-73,17.235270319,8.433220847,1.829220847,0.038033569,0.018033569,-0.997542403,-0.600114846,-0.008457597,-0.051915194,-0.009915194,0.601114846,0.012491167
1581248854.0213492,b827eb4521b4,e78f135624ce,-69,17.121428478,8.459741039,1.85876784,0.02484824,0.00782144,-0.998,-0.525723607,-0.00641072,-0.04661608,-0.00741072,0.525723607,0.00023216
1581248854.4720945,b827eb4521b4,e78f135624ce,-68,17.019490247,8.44629613,1.851242725,0.022082507,0.010567957,-0.998,-0.50287848,-0.007189319,-0.042946594,-0.007378638,0.50387848,0.005757275
1581248855.383199,b827eb4521b4,e78f135624ce,-78,16.817701386,8.404238781,1.861096954,0.02612687,0.011888088,-0.999,-0.502634895,-0.00825374,-0.03287313,-0.00925374,0.503508026,0.004141828
1581248855.8359377,b827eb4521b4,e78f135624ce,-77,16.740111613,8.429440578,1.863126074,0.014559422,0.007076819,-0.999,-0.450533217,-0.007601446,-0.016559422,-0.007881157,0.450533217,0.000517397
1581248856.2919502,b827eb4521b4,e78f135624ce,-84,16.673951148,8.452630746,1.863514367,0.010524426,0.006563219,-0.999,-0.225051739,-0.003281609,-0.011524426,-0.004281609,0.225372141,0.000204024
1581248856.7416058,b827eb4521b4,e78f135624ce,-81,16.623970729,8.412568565,1.856892141,0.030215718,0.011,-0.999,-0.280443852,-0.006215718,-0.025539294,-0.006323576,0.280443852,0.002215718
1581248857.2036314,b827eb4521b4,e78f135624ce,-73,16.561340288,8.418202976,1.84968656,0.023346272,0.014346272,-0.999,-0.384179202,-0.006862688,-0.016588064,-0.007862688,0.384179202,0.005588064
1581248857.6604614,b827eb4521b4,e78f135624ce,-80,16.515,8.382000628,1.852,0.035437304,0.011,-0.999,-0.189298714,-0.003437304,-0.02462445,-0.003437304,0.190298714,0.001062382
1581248858.1131117,b827eb4521b4,e78f135624ce,-82,16.496294068,8.435607909,1.849,0.020130697,0.01,-0.999,0.626556307,0.007934652,0.001869303,0.007934652,-0.626523633,-0.005967326
1581248858.5644717,b827eb4521b4,e78f135624ce,-75,16.457698279,8.459201147,1.849050287,0.011899426,0.011,-1.0,0.87695545,0.012050287,0.005949713,0.012050287,-0.876480594,-0.009525143
1581248859.0155294,b827eb4521b4,e78f135624ce,-79,16.418044131,8.480220585,1.844,-0.000220585,0.009,-1.0,0.959808812,0.013,-0.002147057,0.013,-0.959808812,-0.008073528
1581248859.4694655,b827eb4521b4,e78f135624ce,-79,16.369724047,8.501708279,1.84,-0.015567674,0.009,-1.0,0.986854139,0.013,-0.015854139,0.012713535,-0.986854139,-0.009
1581248859.9261363,b827eb4521b4,e78f135624ce,-78,16.322437201,8.516380233,1.836760467,-0.023380233,0.008380233,-1.0,0.995380233,0.013,-0.023380233,0.013,-0.995760467,-0.008760467
1581248860.3844488,b827eb4521b4,e78f135624ce,-73,16.276285273,8.519880879,1.840178682,-0.024880879,0.01,-1.0,0.998059561,0.015059561,-0.024880879,0.015059561,-0.999,-0.010059561
1581248860.83567,b827eb4521b4,e78f135624ce,-69,16.229445559,8.515316068,1.843,-0.022658034,0.010658034,-1.0,0.999,0.016341966,-0.022,0.016,-0.999,-0.011
1581248862.1947281,b827eb4521b4,e78f135624ce,-88,16.096721029,8.530046495,1.842476752,-0.012,0.01,-1.0,1.0,0.015523248,-0.012,0.015523248,-1.0,-0.01
1581248862.6450381,b827eb4521b4,e78f135624ce,-83,16.053166777,8.529,1.839,-0.008858983,0.009,-1.0,1.0,0.015,-0.008858983,0.015,-1.0,-0.009
1581248863.0988467,b827eb4521b4,e78f135624ce,-77,16.000339687,8.511339687,1.839535679,0.002678397,0.008,-1.0,0.751219941,0.010392962,-0.011142717,0.010392962,-0.751219941,-0.006464321
1581248863.5520587,b827eb4521b4,e78f135624ce,-77,15.93744121,8.431725085,1.848739641,0.029047032,0.006330907,-0.99762206,0.032838753,-0.000645577,-0.030047032,-0.001267637,-0.031838753,-0.002913214
1581248864.004073,b827eb4521b4,e78f135624ce,-78,15.868283564,8.394858218,1.870283564,0.030101273,0.000878473,-0.998,-0.215098947,-0.008040509,-0.028162036,-0.008020255,0.216098947,-0.004121527
1581248864.4619102,b827eb4521b4,e78f135624ce,-76,15.814857901,8.404108352,1.844966253,0.023412077,0.009033747,-0.999,-0.067323251,-0.004689165,-0.017101242,-0.004689165,0.068323251,0.004033747
1581248864.912588,b827eb4521b4,e78f135624ce,-77,15.755687819,8.398651652,1.840036166,0.026036166,0.00889594,-0.998723985,-0.121072332,-0.007,-0.021312181,-0.007,0.121348348,0.002619924
1581248865.8261065,b827eb4521b4,e78f135624ce,-80,15.628039866,8.520180095,1.85086005,-0.009540006,0.007379983,-0.999,-0.108240872,-0.005080011,-0.000919989,-0.005080011,0.108240872,0.001379983
1581248866.2853398,b827eb4521b4,e78f135624ce,-79,15.572120222,8.451699462,1.84064481,0.021049177,0.012677595,-0.997,-0.274557341,-0.008508196,-0.033540981,-0.008677595,0.27572674,0.006846994
1581248866.7362542,b827eb4521b4,e78f135624ce,-71,15.507132738,8.397344675,1.8292203,0.027697713,0.013477412,-0.997,-0.302412152,-0.010217513,-0.0477401,-0.010217513,0.303629665,0.009477412
1581248867.189487,b827eb4521b4,e78f135624ce,-70,15.434582843,8.378865593,1.853515639,0.021618767,0.003345308,-0.997448436,-0.242012696,-0.012551564,-0.050206256,-0.012551564,0.243012696,-0.000103128
1581248868.0976555,b827eb4521b4,e78f135624ce,-76,15.257320472,8.445750698,1.885020792,-0.005507396,-0.010623151,-0.996264094,-0.279353263,-0.015471811,-0.056302679,-0.014471811,0.279825074,-0.010359057
1581248868.5545063,b827eb4521b4,e78f135624ce,-74,15.244501768,8.410563605,1.897405477,0.016405477,0.001969081,-0.99634364,-0.245631615,-0.010374558,-0.048312721,-0.010030919,0.245975254,-0.00734364
1581248869.0144422,b827eb4521b4,e78f135624ce,-79,15.192129359,8.488595753,1.843854471,0.00106468,0.013097019,-0.997,-0.656323398,-0.01403234,-0.012113189,-0.01303234,0.655323398,0.010080849
1581248869.4698598,b827eb4521b4,e78f135624ce,-81,15.176162128,8.593225458,1.948666876,-0.024117162,-0.015117162,-0.993,-0.527557952,-0.008081064,0.007198227,-0.012081064,0.528918307,-0.026396453
1581248869.927651,b827eb4521b4,e78f135624ce,-71,15.168960613,8.53333069,1.975724425,0.006519693,-0.003519693,-0.996,-0.41500793,-0.005944885,-0.006834655,-0.006629923,0.416692968,-0.021259847
1581248870.3832026,b827eb4521b4,e78f135624ce,-72,15.14646711,8.492503695,1.97193422,0.016233555,0.007824834,-0.997,-0.440277531,-0.006970806,-0.010087583,-0.006941611,0.441306726,-0.012350333
1581248870.8393202,b827eb4521b4,e78f135624ce,-69,15.091661791,8.348625229,1.934840951,0.051082266,0.007394881,-0.995605119,-0.659502742,-0.012394881,-0.053107861,-0.012394881,0.662292504,-0.003420475
1581248871.2922525,b827eb4521b4,e78f135624ce,-80,15.010658231,8.414929817,1.914128881,0.015831986,-6.4441e-05,-0.997787112,-0.817857294,-0.015212888,-0.015831986,-0.015212888,0.818857294,-0.001851553
1581248871.7522423,b827eb4521b4,e78f135624ce,-72,15.001111259,8.339333777,1.920997341,0.033111259,-0.000888741,-0.997,-0.525017285,-0.011222518,-0.025222518,-0.010333777,0.526906026,-0.008221188
1581248872.6609921,b827eb4521b4,e78f135624ce,-71,14.919,8.216219961,1.986747269,0.055384558,-0.013813183,-0.996,-0.674482493,-0.014252731,-0.051318644,-0.013065914,0.677295675,-0.022186817
1581248873.117447,b827eb4521b4,e78f135624ce,-72,14.884888849,8.328716425,1.979802458,0.016308514,-0.007641966,-0.992481475,-0.450925721,-0.010320983,-0.030864089,-0.009160492,0.457444246,-0.016320983
1581248873.5780876,b827eb4521b4,e78f135624ce,-75,14.808235186,8.470690818,1.939004913,-0.015695732,0.007115136,-0.995,-0.54961191,-0.012534541,0.000741786,-0.010511514,0.552100396,-0.002838809
1581248874.0306807,b827eb4521b4,e78f135624ce,-76,14.800718988,8.363964559,1.920843037,0.033445569,0.012253165,-0.994,-0.511605059,-0.011349367,-0.02767848,-0.010232911,0.515605059,-0.001397468
1581248874.9397027,b827eb4521b4,e78f135624ce,-73,14.683515653,8.452637705,1.917299683,0.001146325,-0.001369328,-0.997407668,-0.496309889,-0.009184664,-0.012776996,-0.009184664,0.496309889,-0.007223004
1581248875.3964157,b827eb4521b4,e78f135624ce,-71,14.643149382,8.556564215,1.974510476,-0.02343149,-0.013701236,-0.991074691,-0.652663628,-0.008925309,0.012655562,-0.011775927,0.656588937,-0.020896292
1581248875.8486316,b827eb4521b4,e78f135624ce,-72,14.62130774,8.610499067,1.923884831,-0.023576468,0.01703839,-0.99230774,-0.524035902,-0.00669226,0.018461299,-0.00769226,0.525035902,0.00307678
1581248876.3078816,b827eb4521b4,e78f135624ce,-70,14.512529743,8.504225336,1.888016095,0.031753672,0.010283415,-0.993149755,-0.71138978,-0.013850245,-0.036186842,-0.014850245,0.71652344,0.007
1581248876.7605097,b827eb4521b4,e78f135624ce,-71,14.412776498,8.256817685,1.945182315,0.111421563,-0.008843126,-0.988,-0.899182315,-0.019,-0.113421563,-0.019115687,0.908298003,-0.011958813
1581248877.2107143,b827eb4521b4,e78f135624ce,-66,14.333242317,8.181467164,1.898171789,0.115158524,0.006942737,-0.987942737,-0.95970042,-0.019,-0.116158524,-0.020471369,0.969757683,0.003942737
1581248877.6623952,b827eb4521b4,e78f135624ce,-67,14.329862131,7.999495141,1.935697084,0.143018448,-0.005532037,-0.986816505,-0.978183495,-0.019816505,-0.143018448,-0.019816505,0.989550486,-0.008532037
1581248878.571132,b827eb4521b4,e78f135624ce,-71,14.09573029,8.06617566,1.820980636,0.136383124,0.028596127,-0.987615491,-0.987211618,-0.016192254,-0.137383124,-0.020384509,0.998403873,0.026
1581248879.0233612,b827eb4521b4,e78f135624ce,-73,14.043047782,8.32182933,1.807047782,0.022310586,0.026,-0.994976109,-0.994976109,-0.010023891,-0.023286695,-0.011023891,0.999,0.025
1581248879.4782856,b827eb4521b4,e78f135624ce,-73,14.016352181,8.449570994,1.802372465,0.000117394,0.023372465,-0.998,-0.998627535,-0.008744929,-0.000117394,-0.008744929,0.999627535,0.022744929
1581248879.9327729,b827eb4521b4,e78f135624ce,-77,13.998780494,8.508051821,1.801277438,0.006832315,0.022,-0.999,-0.999,-0.009277438,-0.007554877,-0.01,1.0,0.022
1581248880.391655,b827eb4521b4,e78f135624ce,-67,13.974378818,8.527831637,1.812915818,0.015957909,0.019,-0.999,-1.0,-0.012,-0.016915818,-0.012957909,1.0,0.019
1581248880.8430552,b827eb4521b4,e78f135624ce,-67,13.956552911,8.526129622,1.816658733,0.027317467,0.018447089,-0.999,-0.999,-0.012552911,-0.027764555,-0.012552911,1.0,0.018
1581248881.2981508,b827eb4521b4,e78f135624ce,-80,13.905319398,8.537174916,1.820034225,0.016752843,0.016714827,-0.999642586,-0.999821293,-0.01253612,-0.016752843,-0.012714827,1.0,0.01653612
1581248881.749139,b827eb4521b4,e78f135624ce,-70,13.874636159,8.487636159,1.793060265,0.046212053,0.024787947,-0.998,-0.998,-0.017,-0.047212053,-0.018,1.0,0.023787947
1581248882.2106736,b827eb4521b4,e78f135624ce,-71,13.853111176,8.480063529,1.778539706,0.039492059,0.026492059,-0.999,-0.999,-0.019,-0.039492059,-0.02,0.999,0.025492059
1581248882.669291,b827eb4521b4,e78f135624ce,-67,13.818436414,8.476694927,1.766694927,0.029131341,0.028478805,-0.999,-0.999,-0.018826268,-0.029305073,-0.019826268,0.999,0.027652536
1581248883.1210566,b827eb4521b4,e78f135624ce,-67,13.789351189,8.486,1.764854978,0.015213744,0.026,-0.999,-1.0,-0.019572511,-0.015427489,-0.020572511,0.999,0.026
1581248883.572256,b827eb4521b4,e78f135624ce,-66,13.757342908,8.492518338,1.766138754,0.010240831,0.026240831,-1.0,-1.0,-0.017,-0.010240831,-0.017,0.999379585,0.025620415
1581248884.4833596,b827eb4521b4,e78f135624ce,-71,13.700334336,8.508333133,1.755999699,0.008666566,0.026666867,-1.0,-1.0,-0.019,-0.009,-0.019,0.999,0.026666867
1581248884.9430609,b827eb4521b4,e78f135624ce,-68,13.65972108,8.510356577,1.754356577,0.012356577,0.025643423,-1.0,-1.0,-0.019643423,-0.012356577,-0.019643423,0.999,0.025643423
1581248885.404221,b827eb4521b4,e78f135624ce,-70,13.608248481,8.500884382,1.750520282,0.018826573,0.025826573,-0.999057809,-1.0,-0.019942191,-0.019826573,-0.019942191,0.999057809,0.025826573
1581248886.3109188,b827eb4521b4,e78f135624ce,-69,13.533239065,8.518880468,1.753339649,0.008559766,0.024220117,-1.0,-1.0,-0.019,-0.009559766,-0.019220117,0.999,0.024
1581248886.765815,b827eb4521b4,e78f135624ce,-66,13.479685977,8.520850779,1.761701558,0.005149221,0.020149221,-1.0,-1.0,-0.017149221,-0.005149221,-0.017149221,1.0,0.020149221
1581248887.2185254,b827eb4521b4,e78f135624ce,-73,13.444409025,8.537564982,1.767461011,-2.5993e-05,0.018512996,-1.0,-1.0,-0.016,2.5993e-05,-0.016,1.0,0.018512996
1581248887.6757777,b827eb4521b4,e78f135624ce,-78,13.399092821,8.546622967,1.754207656,0.002,0.021792344,-1.0,-1.0,-0.019,-0.002207656,-0.019,1.0,0.021792344
1581248888.1313612,b827eb4521b4,e78f135624ce,-71,13.339789934,8.54083698,1.75241849,0.012302517,0.020860503,-1.0,-1.0,-0.019,-0.01316302,-0.019,1.0,0.020860503
1581248889.0388014,b827eb4521b4,e78f135624ce,-69,13.228668218,8.518860302,1.745930151,0.032069849,0.021017462,-0.999,-0.999,-0.016982538,-0.032069849,-0.017,1.0,0.020017462
1581248889.4984307,b827eb4521b4,e78f135624ce,-73,13.172594069,8.496766548,1.742294425,0.034116726,0.021705575,-0.999,-0.999,-0.011705575,-0.035116726,-0.012,1.0,0.021705575
1581248889.9507673,b827eb4521b4,e78f135624ce,-72,13.119644265,8.490661066,1.75271147,0.035,0.018322133,-0.999,-0.999,-0.011,-0.035,-0.011338934,1.0,0.017322133
1581248890.4017742,b827eb4521b4,e78f135624ce,-76,13.085616462,8.505,1.756123292,0.032958903,0.017958903,-0.999,-0.999,-0.013958903,-0.032958903,-0.014958903,1.0,0.017917805
1581248890.8621464,b827eb4521b4,e78f135624ce,-72,13.045198611,8.515,1.756856647,0.028628671,0.018257341,-0.999,-0.999,-0.017628671,-0.028628671,-0.018628671,1.0,0.017886012
1581248891.3125446,b827eb4521b4,e78f135624ce,-79,13.007,8.520014508,1.746138712,0.022708068,0.022215322,-0.999,-0.999,-0.018215322,-0.02292339,-0.019215322,1.0,0.022215322
1581248891.769268,b827eb4521b4,e78f135624ce,-71,12.966012068,8.531865862,1.735536551,0.022731724,0.024,-0.999,-0.999,-0.018865862,-0.022865862,-0.019865862,0.999134138,0.023865862
1581248892.2253053,b827eb4521b4,e78f135624ce,-83,12.899335495,8.513306186,1.731944625,0.029583063,0.024527688,-0.999,-0.999,-0.017527688,-0.029583063,-0.018527688,0.999472312,0.024
1581248892.679102,b827eb4521b4,e78f135624ce,-70,12.852382174,8.521138613,1.749344555,0.025344555,0.02,-0.999,-0.999,-0.015172277,-0.025344555,-0.016172277,1.0,0.019
1581248893.131977,b827eb4521b4,e78f135624ce,-73,12.821678953,8.54138178,1.772587853,0.01838178,0.014206073,-0.999,-0.744865548,-0.012793927,-0.025793927,-0.013587853,0.745071621,0.011793927
1581248893.5858438,b827eb4521b4,e78f135624ce,-78,12.812637929,8.556275859,1.775456894,0.006543106,0.012362071,-0.999,-0.216448386,-0.006771553,-0.025,-0.007362071,0.216448386,0.011181035
1581248894.0449142,b827eb4521b4,e78f135624ce,-71,12.849478816,8.545452781,1.827026035,-0.001,0.011068402,-1.0,0.591661064,0.009205207,-0.011794793,0.009205207,-0.591661064,-0.003273609
1581248894.4947786,b827eb4521b4,e78f135624ce,-68,12.838837765,8.549484752,1.866709929,-0.009419858,0.013322518,-0.999322518,0.779456208,0.012677482,-0.015064894,0.012677482,-0.779456208,-0.011
1581248894.9476,b827eb4521b4,e78f135624ce,-73,12.798629138,8.556966893,1.882460261,-0.013112585,0.012943708,-0.999314569,0.857211906,0.015314569,-0.016798016,0.015314569,-0.857211906,-0.011943708
1581248895.3983696,b827eb4521b4,e78f135624ce,-72,12.755277877,8.559486285,1.895444246,-0.013208408,0.015861061,-0.999930531,0.895360167,0.015069469,-0.015277877,0.015,-0.895360167,-0.014791592
1581248895.8561802,b827eb4521b4,e78f135624ce,-72,12.729296623,8.543215273,1.902488104,-0.005377974,0.015622026,-1.0,0.965947429,0.016540675,-0.005837299,0.016540675,-0.965947429,-0.015622026
1581248896.3113914,b827eb4521b4,e78f135624ce,-67,12.721730437,8.509602044,1.947732993,0.007332482,0.026599489,-0.999,0.988400511,0.020133504,0.008198978,0.021,-0.988400511,-0.026599489
1581248896.7687397,b827eb4521b4,e78f135624ce,-72,12.666795418,8.513800241,1.93279783,0.002399518,0.018599277,-1.0,0.996600482,0.017399518,0.002399518,0.017399518,-0.995800241,-0.018599277
1581248897.2241864,b827eb4521b4,e78f135624ce,-68,12.603877923,8.529517996,1.91169796,-0.003,0.014071985,-1.0,0.999,0.013,-0.003,0.013,-0.998482004,-0.013553989
1581248897.6784682,b827eb4521b4,e78f135624ce,-67,12.539357428,8.541310891,1.876600991,-0.007,0.004844555,-1.0,0.999155445,0.012689109,-0.006155445,0.012689109,-0.999155445,-0.005689109
1581248898.1360307,b827eb4521b4,e78f135624ce,-71,12.486443433,8.533563869,1.842691607,-0.005,-0.000812044,-1.0,1.0,0.012,-0.005,0.012,-1.0,0.000624087
1581248898.5938299,b827eb4521b4,e78f135624ce,-75,12.433430805,8.536856799,1.824858002,-0.0094284,-0.002,-1.0,1.0,0.0115716,-0.0094284,0.0115716,-1.0,0.002
1581248899.0532665,b827eb4521b4,e78f135624ce,-68,12.375398614,8.528656057,1.824726643,-0.010164014,0.000945329,-1.0,1.0,0.011054671,-0.010164014,0.011054671,-1.0,-0.000945329
1581248899.508364,b827eb4521b4,e78f135624ce,-70,12.326424073,8.529884815,1.826,-0.01,0.003,-1.0,1.0,0.012,-0.01,0.012,-1.0,-0.003
1581248899.9603598,b827eb4521b4,e78f135624ce,-72,12.271963008,8.537343198,1.815992602,-0.013671599,0.001664201,-1.0,1.0,0.01,-0.013671599,0.01,-1.0,-0.001664201
1581248900.4123297,b827eb4521b4,e78f135624ce,-70,12.212547022,8.530109404,1.817,-0.012036468,0.003,-1.0,1.0,0.01,-0.012036468,0.01,-1.0,-0.003
1581248900.8625085,b827eb4521b4,e78f135624ce,-70,12.15067796,8.521451645,1.818096711,-0.01,0.003548355,-1.0,1.0,0.011548355,-0.01,0.011548355,-1.0,-0.003548355
1581248901.3163865,b827eb4521b4,e78f135624ce,-70,12.098195952,8.523820022,1.823164004,-0.011,0.006164004,-1.0,1.0,0.011835996,-0.011,0.011835996,-1.0,-0.006164004
1581248901.7686117,b827eb4521b4,e78f135624ce,-67,12.050025536,8.524648329,1.828,-0.007432219,0.008,-1.0,1.0,0.01021611,-0.007432219,0.01021611,-1.0,-0.008
1581248902.2221518,b827eb4521b4,e78f135624ce,-67,12.001602401,8.523,1.82472048,-0.004573493,0.006573493,-1.0,1.0,0.010573493,-0.004,0.01,-1.0,-0.006573493
1581248902.6732695,b827eb4521b4,e78f135624ce,-67,11.948495103,8.52405049,1.814302938,-0.00294951,0.002100979,-1.0,1.0,0.01205049,-0.00294951,0.01205049,-1.0,-0.002100979
1581248903.1324012,b827eb4521b4,e78f135624ce,-67,11.891573954,8.541856512,1.818571744,-0.006,0.004285872,-1.0,1.0,0.011285872,-0.006,0.011285872,-1.0,-0.004285872
1581248903.5884912,b827eb4521b4,e78f135624ce,-67,11.827428629,8.549044632,1.817,-0.006,0.004,-1.0,1.0,0.011651789,-0.006,0.011651789,-1.0,-0.004
1581248904.0408213,b827eb4521b4,e78f135624ce,-68,11.776588464,8.555,1.801362132,-0.006,-0.000864201,-1.0,1.0,0.009,-0.006,0.009954734,-1.0,0.000864201
1581248904.5009108,b827eb4521b4,e78f135624ce,-68,11.728931787,8.554,1.807295459,-0.006,0.002,-1.0,1.0,0.008,-0.006,0.008,-1.0,-0.002
1581248904.9526067,b827eb4521b4,e78f135624ce,-74,11.6808576,8.566,1.80993312,-0.01,0.00055232,-1.0,1.0,0.011,-0.01,0.011,-1.0,-0.00055232
1581248905.4063451,b827eb4521b4,e78f135624ce,-72,11.632036073,8.569172679,1.821913661,-0.011086339,0.003,-1.0,1.0,0.011,-0.011086339,0.011,-1.0,-0.003086339
1581248905.8631568,b827eb4521b4,e78f135624ce,-62,11.58781534,8.56392086,1.813,-0.01148681,-0.001,-1.0,1.0,0.008,-0.01148681,0.00848681,-1.0,0.001
1581248906.3177686,b827eb4521b4,e78f135624ce,-70,11.539592029,8.550899431,1.817798861,-0.011201139,-0.001100569,-1.0,1.0,0.011,-0.011201139,0.011,-1.0,0.001100569
1581248906.7762496,b827eb4521b4,e78f135624ce,-79,11.492392994,8.549870179,1.820652635,-0.015217545,-0.001782455,-1.0,1.0,0.011217545,-0.015217545,0.011217545,-1.0,0.001782455
1581248907.235672,b827eb4521b4,e78f135624ce,-65,11.44311816,8.552492615,1.827,-0.019492615,-0.001492615,-1.0,1.0,0.012507385,-0.019492615,0.012507385,-1.0,0.001
1581248907.6924016,b827eb4521b4,e78f135624ce,-64,11.388430422,8.552449376,1.825632917,-0.019632917,-0.003183541,-1.0,1.0,0.012816459,-0.019632917,0.012816459,-1.0,0.003
1581248908.1433754,b827eb4521b4,e78f135624ce,-67,11.340969333,8.550787905,1.82042419,-0.016,-0.004787905,-1.0,1.0,0.011,-0.016,0.011,-1.0,0.004787905
1581248908.593431,b827eb4521b4,e78f135624ce,-63,11.281324306,8.545998407,1.820001593,-0.008998407,-0.004332271,-1.0,1.0,0.01,-0.008998407,0.01,-1.0,0.004332271
1581248909.4985247,b827eb4521b4,e78f135624ce,-69,11.153055863,8.562895096,1.808447548,-0.005342644,-0.007447548,-1.0,1.0,0.009,-0.005342644,0.009,-1.0,0.007
1581248909.9504552,b827eb4521b4,e78f135624ce,-74,11.094259693,8.560817313,1.814451939,-0.000817313,-0.003365374,-1.0,1.0,0.010182687,-0.000817313,0.010182687,-1.0,0.003365374
1581248910.4052901,b827eb4521b4,e78f135624ce,-66,11.041320038,8.556178464,1.815,0.001821536,-0.003,-1.0,1.0,0.011,0.001821536,0.011,-1.0,0.003
1581248910.8562174,b827eb4521b4,e78f135624ce,-74,10.989223661,8.547825191,1.823,0.002587404,0.0,-1.0,1.0,0.011,0.002587404,0.011,-1.0,-0.0
1581248911.313045,b827eb4521b4,e78f135624ce,-66,10.932260441,8.541105651,1.828,0.001947174,0.001,-1.0,1.0,0.012947174,0.001947174,0.012947174,-1.0,-0.001
1581248911.7662241,b827eb4521b4,e78f135624ce,-67,10.880736779,8.535754407,1.826245593,0.001622796,-0.000377204,-1.0,1.0,0.011,0.001622796,0.011,-1.0,0.000377204
1581248912.6779652,b827eb4521b4,e78f135624ce,-69,10.766845006,8.534970939,1.824009687,-0.004990313,-0.001,-1.0,1.0,0.009,-0.004990313,0.009,-1.0,0.001
1581248913.1313798,b827eb4521b4,e78f135624ce,-67,10.712665755,8.536111415,1.825377717,-0.005866849,-0.002622283,-1.0,1.0,0.011,-0.005866849,0.011,-1.0,0.002622283
1581248913.5845127,b827eb4521b4,e78f135624ce,-64,10.655524152,8.545926893,1.819768277,-0.006,-0.005231723,-1.0,1.0,0.010231723,-0.006231723,0.010231723,-1.0,0.005231723
1581248914.0384262,b827eb4521b4,e78f135624ce,-72,10.601827977,8.543578159,1.818281227,-0.001,-0.006859386,-1.0,1.0,0.010859386,-0.001,0.010859386,-1.0,0.006859386
1581248914.9425778,b827eb4521b4,e78f135624ce,-63,10.501168617,8.545366277,1.817877908,0.000755816,-0.003877908,-1.0,1.0,0.01,0.000755816,0.01,-1.0,0.003877908
1581248915.3943522,b827eb4521b4,e78f135624ce,-63,10.443313823,8.544730386,1.816730386,-0.000460772,-0.001269614,-1.0,1.0,0.009539228,-0.000460772,0.009539228,-1.0,0.001269614
1581248915.852821,b827eb4521b4,e78f135624ce,-65,10.384746879,8.549,1.81567168,-0.00432832,0.0,-1.0,1.0,0.011,-0.00432832,0.011,-1.0,0.0
1581248916.762285,b827eb4521b4,e78f135624ce,-67,10.273442091,8.551611279,1.818,-0.010611279,0.004,-1.0,1.0,0.012611279,-0.010611279,0.012611279,-1.0,-0.004
1581248917.2155743,b827eb4521b4,e78f135624ce,-65,10.22594342,8.545059215,1.825442103,-0.009280266,0.008221051,-0.999722369,0.999722369,0.013388157,-0.009280266,0.013388157,-1.0,-0.00894342
1581248917.6756098,b827eb4521b4,e78f135624ce,-65,10.232019927,8.464199275,1.86292029,0.033910326,0.021980073,-0.999,0.999,0.020990036,0.03392029,0.021990036,-0.999,-0.020980073
1581248918.5883474,b827eb4521b4,e78f135624ce,-62,10.110081474,8.563344598,1.853606518,-0.011590223,0.017803259,-0.999,-0.608034996,-0.001196741,0.033409777,-0.000196741,0.608034996,0.008196741
1581248919.042526,b827eb4521b4,e78f135624ce,-64,10.028454274,8.566345427,1.840690855,-0.011,0.009345427,-1.0,0.297857858,0.006654573,0.007036282,0.007654573,-0.297857858,0.002172714
1581248919.4934754,b827eb4521b4,e78f135624ce,-62,9.962012977,8.57,1.829,-0.011436689,0.005,-1.0,0.678232203,0.009436689,-0.004873378,0.009436689,-0.678232203,0.000126622
1581248919.9437366,b827eb4521b4,e78f135624ce,-61,9.899026516,8.563054082,1.822837753,-0.011108165,0.003945918,-1.0,0.897514309,0.010945918,-0.009108165,0.010945918,-0.897514309,-0.002
1581248920.4046254,b827eb4521b4,e78f135624ce,-70,9.829812066,8.564534674,1.818267337,-0.012,0.005,-1.0,0.777949723,0.009,-0.012732663,0.009,-0.777949723,-0.001465326
1581248920.8594925,b827eb4521b4,e78f135624ce,-62,9.770295115,8.573356555,1.814643445,-0.019356555,0.004,-1.0,0.928487662,0.01,-0.019356555,0.01,-0.928844217,-0.003
1581248921.3089776,b827eb4521b4,e78f135624ce,-59,9.693426769,8.576059449,1.819821654,-0.00347559,0.009821654,-1.0,0.0659472,0.004118897,-0.019,0.004118897,-0.0659472,0.005762205
1581248921.7634857,b827eb4521b4,e78f135624ce,-63,9.6080065,8.568590614,1.828590614,0.014181227,0.015181227,-1.0,-0.658967502,-0.000409386,-0.021409386,-0.001,0.658967502,0.013771841
1581248922.6742978,b827eb4521b4,e78f135624ce,-63,9.461861204,8.5601034,1.8352068,0.0228966,0.0188966,-1.0,-0.965759197,-0.0028966,-0.0238966,-0.0028966,0.965759197,0.0188966
1581248923.126192,b827eb4521b4,e78f135624ce,-64,9.396572787,8.548017126,1.833,0.028495718,0.021504282,-0.999,-0.988487155,-0.002495718,-0.028495718,-0.002991437,0.988487155,0.021
1581248923.5859017,b827eb4521b4,e78f135624ce,-63,9.328320802,8.579879372,1.818880244,-0.016719407,0.011520105,-0.998840035,-0.016249978,-0.002,-0.047279721,-0.002,0.016090013,0.008520105
1581248924.0397594,b827eb4521b4,e78f135624ce,-60,9.236596585,8.647476224,1.792658247,-0.06771991,0.004414562,-0.997,0.672199098,-0.005585438,-0.077341753,-0.006378157,-0.675784536,0.002207281
1581248924.491974,b827eb4521b4,e78f135624ce,-61,9.117371492,8.466694949,1.78357486,0.065077666,0.018850281,-0.99257486,-0.410249833,-0.01742514,-0.116275421,-0.019850281,0.415100114,0.015850281
1581248924.948031,b827eb4521b4,e78f135624ce,-63,9.070912884,8.421568092,1.786609814,0.070867489,0.020912884,-0.995087116,-0.812530044,-0.016651535,-0.087519024,-0.018564419,0.816442928,0.019
1581248925.405604,b827eb4521b4,e78f135624ce,-65,9.057036732,8.467926535,1.806963268,0.042036732,0.017259183,-0.998,-0.939816338,-0.008,-0.046814282,-0.009,0.941816338,0.016259183
1581248925.8600674,b827eb4521b4,e78f135624ce,-64,9.030270425,8.502606572,1.818909858,0.030303286,0.015,-0.999,-0.98051643,-0.005303286,-0.032303286,-0.006,0.980819716,0.014696714
1581248926.320993,b827eb4521b4,e78f135624ce,-59,8.990489684,8.510795965,1.824918386,0.033040807,0.014040807,-0.999,-0.992918386,-0.006959193,-0.033081614,-0.007,0.993918386,0.013081614
1581248927.6967313,b827eb4521b4,e78f135624ce,-59,8.864140672,8.511928389,1.834,0.039071611,0.011071611,-0.999,-0.999,-0.005928389,-0.039071611,-0.006928389,1.0,0.011071611
1581248928.1512315,b827eb4521b4,e78f135624ce,-60,8.820547433,8.502322494,1.827644988,0.043677506,0.014,-0.999,-0.999,-0.007355012,-0.043677506,-0.007677506,1.0,0.013
1581248928.6091774,b827eb4521b4,e78f135624ce,-62,8.77127688,8.503,1.836114415,0.042,0.00959039,-0.999,-0.999,-0.004295195,-0.042295195,-0.005,1.0,0.00959039
1581248929.0649605,b827eb4521b4,e78f135624ce,-58,8.715174544,8.50358052,1.835,0.041251688,0.010916104,-0.999,-0.999,-0.004083896,-0.041251688,-0.004167792,1.0,0.010916104
1581248929.522025,b827eb4521b4,e78f135624ce,-64,8.663888699,8.512896893,1.836841243,0.034841243,0.009,-0.999,-0.999,-0.004579379,-0.034841243,-0.004579379,1.0,0.009
1581248929.9767325,b827eb4521b4,e78f135624ce,-68,8.613997335,8.516385845,1.832,0.033538052,0.01,-0.999,-0.999,-0.005769026,-0.033538052,-0.006,1.0,0.01
1581248931.340416,b827eb4521b4,e78f135624ce,-86,8.469400496,8.52311425,1.832,0.035,0.01111425,-0.999,-0.999,-0.006,-0.035,-0.00611425,1.0,0.011
1581248931.7945366,b827eb4521b4,e78f135624ce,-65,8.417216931,8.522247456,1.831989825,0.036752544,0.013505087,-0.999,-0.999,-0.005,-0.036752544,-0.006,1.0,0.013505087
1581248932.2484524,b827eb4521b4,e78f135624ce,-62,8.361631192,8.523,1.836592202,0.038,0.012203899,-0.999,-0.999,-0.005,-0.038,-0.005,1.0,0.012203899
1581248932.7049658,b827eb4521b4,e78f135624ce,-62,8.309174,8.529745846,1.843,0.036190615,0.011,-0.999,-0.999,-0.005063538,-0.036190615,-0.005127077,1.0,0.011
1581248933.1565368,b827eb4521b4,e78f135624ce,-65,8.259355872,8.513008452,1.841,0.043330516,0.014,-0.999,-0.999,-0.005665258,-0.043330516,-0.006665258,1.0,0.013334742
1581248933.6129012,b827eb4521b4,e78f135624ce,-64,8.204570703,8.504,1.834698372,0.045,0.016,-0.999,-0.999,-0.005698372,-0.045,-0.006698372,1.0,0.015301628
1581248934.0660565,b827eb4521b4,e78f135624ce,-64,8.149228781,8.493573431,1.831163837,0.049754244,0.016,-0.999,-0.999,-0.006,-0.049754244,-0.007,1.0,0.015918081
1581248934.9747841,b827eb4521b4,e78f135624ce,-66,8.046760197,8.504136053,1.826431974,0.050647961,0.014568026,-0.998784013,-0.998784013,-0.007215987,-0.050647961,-0.008,1.0,0.013784013
1581248935.4316926,b827eb4521b4,e78f135624ce,-71,7.987126875,8.494250221,1.834749779,0.060749779,0.012,-0.998,-0.998,-0.00512511,-0.060749779,-0.005250221,1.0,0.012
1581248935.8813941,b827eb4521b4,e78f135624ce,-73,7.927093631,8.494437542,1.825593743,0.066187486,0.014406257,-0.998,-0.998,-0.008187486,-0.066593743,-0.009187486,1.0,0.014
1581248936.3345203,b827eb4521b4,e78f135624ce,-66,7.872249781,8.511890721,1.829937555,0.062031223,0.013015611,-0.998,-0.998,-0.006015611,-0.062031223,-0.007015611,1.0,0.012031223
1581248936.7883465,b827eb4521b4,e78f135624ce,-64,7.814526784,8.505036272,1.838309152,0.065,0.010654576,-0.998,-0.998,-0.005690848,-0.065,-0.006345424,1.0,0.01
1581248937.2438004,b827eb4521b4,e78f135624ce,-62,7.759617766,8.505327221,1.845672779,0.058327221,0.00866361,-0.998,-0.998,-0.00633639,-0.058327221,-0.007,1.0,0.008
1581248937.699381,b827eb4521b4,e78f135624ce,-67,7.708675143,8.501980891,1.847885345,0.049980891,0.009038218,-0.999,-0.999,-0.006,-0.049980891,-0.006019109,1.0,0.009038218
1581248938.1535332,b827eb4521b4,e78f135624ce,-62,7.6494947,8.494,1.848,0.044569914,0.008,-0.999,-0.999,-0.007,-0.044569914,-0.008,1.0,0.008
1581248938.6148653,b827eb4521b4,e78f135624ce,-61,7.596648092,8.491279973,1.843791962,0.033976022,0.008976022,-0.999,-0.999,-0.007,-0.034720027,-0.008,1.0,0.008976022
1581248939.0733252,b827eb4521b4,e78f135624ce,-65,7.534433652,8.497191154,1.842477884,0.026,0.008808846,-1.0,-1.0,-0.007,-0.026,-0.007904423,1.0,0.008808846
1581248939.5306818,b827eb4521b4,e78f135624ce,-60,7.471326219,8.507414276,1.841861908,0.018292862,0.007569046,-1.0,-1.0,-0.009430954,-0.018292862,-0.009430954,1.0,0.007138092
1581248939.9825218,b827eb4521b4,e78f135624ce,-62,7.405822653,8.499,1.844595752,0.02,0.005801416,-1.0,-1.0,-0.007,-0.02,-0.007,1.0,0.005801416
1581248940.4431279,b827eb4521b4,e78f135624ce,-61,7.337584094,8.49711315,1.851,0.02288685,0.00388685,-1.0,-1.0,-0.00911315,-0.02288685,-0.00911315,1.0,0.003
1581248940.9011965,b827eb4521b4,e78f135624ce,-69,7.276326407,8.498,1.845775469,0.025074844,0.008074844,-1.0,-1.0,-0.006,-0.025074844,-0.006,1.0,0.007612265
1581248941.3580666,b827eb4521b4,e78f135624ce,-66,7.223685929,8.507821995,1.841465984,0.027534016,0.008356011,-0.999821995,-0.999821995,-0.006821995,-0.027534016,-0.007821995,1.0,0.008178005
1581248941.8102407,b827eb4521b4,e78f135624ce,-69,7.16925725,8.506814312,1.845185688,0.036389266,0.006407156,-0.999,-0.999,-0.008592844,-0.036389266,-0.008592844,1.0,0.006407156
1581248942.2612004,b827eb4521b4,e78f135624ce,-66,7.109035409,8.515419189,1.839838378,0.042257567,0.009580811,-0.999,-0.999,-0.008161622,-0.042257567,-0.008580811,1.0,0.009
1581248942.71136,b827eb4521b4,e78f135624ce,-67,7.042283975,8.513928397,1.834358013,0.049071603,0.010856795,-0.999,-0.999,-0.011964199,-0.050035801,-0.012,1.0,0.009856795
1581248943.1724102,b827eb4521b4,e78f135624ce,-61,6.977001729,8.509285797,1.837571017,0.051,0.009571593,-0.999,-0.999,-0.010285797,-0.051,-0.011,1.0,0.008571593
1581248943.6286697,b827eb4521b4,e78f135624ce,-71,6.904355723,8.500349699,1.84520241,0.046601205,0.006049096,-0.999,-0.999,-0.009650301,-0.046601205,-0.010650301,1.0,0.006049096
1581248944.082833,b827eb4521b4,e78f135624ce,-69,6.839446869,8.492940417,1.828327704,0.037119165,0.011910626,-0.999,-0.999,-0.008059583,-0.037119165,-0.009029791,1.0,0.011880835
1581248944.5345743,b827eb4521b4,e78f135624ce,-69,6.781416198,8.508994938,1.838,0.026203037,0.007,-0.999598988,-0.999598988,-0.009401012,-0.026203037,-0.009802025,1.0,0.006598988
1581248944.99055,b827eb4521b4,e78f135624ce,-57,6.72661558,8.49447932,1.84382238,0.02673966,0.00647932,-1.0,-1.0,-0.00826034,-0.02673966,-0.00826034,1.0,0.00621898
1581248945.4449952,b827eb4521b4,e78f135624ce,-60,6.676975888,8.507707234,1.845585533,0.020097589,0.005902411,-1.0,-1.0,-0.011804822,-0.020097589,-0.011804822,1.0,0.005804822
1581248945.896553,b827eb4521b4,e78f135624ce,-61,6.626749502,8.505093688,1.847359468,0.019453156,0.006546844,-1.0,-1.0,-0.009,-0.02,-0.009546844,1.0,0.006
1581248946.358368,b827eb4521b4,e78f135624ce,-70,6.578060183,8.506226385,1.853257872,0.018151853,0.005893982,-1.0,-0.965650058,-0.008681945,-0.018787963,-0.008681945,0.965650058,0.006
1581248946.8108294,b827eb4521b4,e78f135624ce,-64,6.613593485,8.585793824,1.863949915,-0.006281303,0.008487479,-0.999,0.286241193,0.008974958,-0.018562606,0.008974958,-0.286241193,-0.004231218
1581248947.2625642,b827eb4521b4,e78f135624ce,-62,6.602808095,8.658974702,1.871611131,-0.025393929,0.013202024,-0.999,0.58199494,0.011202024,-0.026595952,0.010601012,-0.58299494,-0.006803036
1581248947.7186234,b827eb4521b4,e78f135624ce,-74,6.585318995,8.691340502,1.881574372,-0.026340502,0.012829749,-0.999,0.525151452,0.011170251,-0.024425628,0.011085126,-0.526151452,-0.008914874
1581248948.176084,b827eb4521b4,e78f135624ce,-72,6.553845979,8.69505134,1.87272162,-0.02988648,0.01216486,-0.999,0.61894866,0.01127838,-0.0306081,0.01055676,-0.61967028,-0.00672162
1581248948.628871,b827eb4521b4,e78f135624ce,-75,6.49970759,8.706198672,1.854754459,-0.03929241,0.00558482,-0.999,0.689609294,0.00958482,-0.04129241,0.00958482,-0.690609294,-0.003877229
1581248949.0834498,b827eb4521b4,e78f135624ce,-65,6.455514979,8.694526569,1.850568117,-0.042337197,0.005094686,-0.998094686,0.737099501,0.01,-0.048526569,0.009905314,-0.738099501,-0.004
1581248949.543342,b827eb4521b4,e78f135624ce,-65,6.415209808,8.688253134,1.846947548,-0.051716077,0.00758951,-0.998,0.84929646,0.012179019,-0.055126567,0.011179019,-0.850706951,-0.005179019
1581248949.993784,b827eb4521b4,e78f135624ce,-66,6.375042427,8.677208293,1.85762488,-0.052791707,0.01,-0.998,0.848956612,0.011416587,-0.053791707,0.011208293,-0.849956612,-0.008208293
1581248950.4513605,b827eb4521b4,e78f135624ce,-61,6.313708459,8.665849099,1.865511512,-0.042127878,0.011,-0.999,0.85763689,0.013127878,-0.043,0.013127878,-0.85863689,-0.009255756
1581248950.9047918,b827eb4521b4,e78f135624ce,-67,6.263095701,8.639707353,1.884840498,-0.0310319,0.016452149,-0.999,0.947744797,0.0150319,-0.0310319,0.01451595,-0.947744797,-0.015452149
1581248951.3558826,b827eb4521b4,e78f135624ce,-83,6.223164652,8.619764728,1.901694109,-0.031229418,0.018847054,-0.999,0.982382364,0.017076473,-0.030229418,0.017076473,-0.983305891,-0.018923527
1581248951.8128147,b827eb4521b4,e78f135624ce,-67,6.160782104,8.617171221,1.894914389,-0.031782104,0.017217896,-0.999,0.993739299,0.015260701,-0.031782104,0.015260701,-0.994478597,-0.017217896
1581248952.2681973,b827eb4521b4,e78f135624ce,-60,6.126870414,8.591980441,1.860603912,-0.026584352,0.011,-0.999,0.94633741,0.013792176,-0.027584352,0.013792176,-0.94633741,-0.009396088
1581248952.7235782,b827eb4521b4,e78f135624ce,-61,6.050414059,8.607740106,1.875471353,-0.034264323,0.015788541,-0.999,0.982264323,0.017,-0.034264323,0.016052865,-0.983211459,-0.015788541
1581248953.1796165,b827eb4521b4,e78f135624ce,-65,5.960181564,8.628309078,1.856927235,-0.041690922,0.01,-0.999,0.993381844,0.015309078,-0.041690922,0.014309078,-0.994381844,-0.010309078
1581248953.639742,b827eb4521b4,e78f135624ce,-68,5.88588236,8.634303603,1.859413665,-0.042434534,0.012924099,-0.999,0.997,0.016282733,-0.041793168,0.015641366,-0.998,-0.013565466
1581248954.090524,b827eb4521b4,e78f135624ce,-64,5.825141283,8.635572019,1.844190214,-0.03985734,0.008095107,-0.999,0.998,0.015952447,-0.03985734,0.015952447,-0.999,-0.009047553
1581248954.5422304,b827eb4521b4,e78f135624ce,-63,5.772285634,8.618,1.859485746,-0.034419042,0.012580958,-0.999,0.999,0.016161915,-0.034,0.015580958,-1.0,-0.013
1581248954.993514,b827eb4521b4,e78f135624ce,-64,5.677225918,8.649062172,1.855412434,-0.044824869,0.009,-0.999,0.999,0.016,-0.044824869,0.015206217,-1.0,-0.009206217
1581248955.4533572,b827eb4521b4,e78f135624ce,-65,5.614223621,8.65066743,1.862555047,-0.043333715,0.010777523,-0.999,0.999,0.016,-0.042444953,0.015,-1.0,-0.010888762
1581248955.9042811,b827eb4521b4,e78f135624ce,-65,5.560349949,8.647297508,1.85626999,-0.040432503,0.007134995,-0.999,0.999,0.015,-0.040432503,0.014,-1.0,-0.008134995
1581248956.8118002,b827eb4521b4,e78f135624ce,-68,5.447773581,8.650679246,1.868245281,-0.039,0.009962263,-0.999,0.999,0.018962263,-0.039,0.018641509,-1.0,-0.010641509
1581248957.2654948,b827eb4521b4,e78f135624ce,-73,5.387242202,8.653136435,1.864560551,-0.038393971,0.007954522,-0.999,0.999,0.018651507,-0.038045478,0.017651507,-1.0,-0.008954522
1581248957.7244833,b827eb4521b4,e78f135624ce,-65,5.308666723,8.672499979,1.862611128,-0.040111106,0.00683334,-0.999,0.999,0.018,-0.040111106,0.018,-1.0,-0.00783334
1581248958.1828892,b827eb4521b4,e78f135624ce,-66,5.239611356,8.687,1.857155458,-0.037922271,0.006077729,-0.999,0.999,0.018692576,-0.037922271,0.018,-1.0,-0.006077729
1581248958.6337335,b827eb4521b4,e78f135624ce,-61,5.180840179,8.684737117,1.855508588,-0.028,0.005754294,-0.999,0.999,0.018,-0.028,0.018,-1.0,-0.005754294
1581248959.5407095,b827eb4521b4,e78f135624ce,-72,5.065630292,8.675015328,1.856522993,-0.020507664,0.008015328,-1.0,1.0,0.017,-0.020507664,0.017,-1.0,-0.008507664
1581248959.9912796,b827eb4521b4,e78f135624ce,-67,5.000654726,8.678663682,1.858551575,-0.022775788,0.009775788,-1.0,1.0,0.017887894,-0.022775788,0.017,-1.0,-0.009775788
1581248960.442348,b827eb4521b4,e78f135624ce,-60,4.953294727,8.67242737,1.855004206,-0.024141055,0.007858945,-1.0,0.999286315,0.018286315,-0.02342737,0.018286315,-1.0,-0.007858945
