1581248844.471296,b827ebf7d096,e78f135624ce,-73,17.999,8.395051696,1.869237076,0.015355614,0.006118538,-1.001,0.998,0.023,0.015355614,0.023881462,-1.001,-0.008237076
1581248844.9281025,b827ebf7d096,e78f135624ce,-75,17.98150796,8.410901592,1.859901592,0.020196816,0.007549204,-1.0,0.312927642,0.010704776,-0.005844428,0.01025398,-0.313927642,9.8408e-05
1581248845.3841352,b827ebf7d096,e78f135624ce,-72,17.937679058,8.420320942,1.868531937,0.021523037,-0.001898953,-1.0,-0.563374344,-0.006632984,-0.016734031,-0.006632984,0.563374344,-0.004687958
1581248845.8409443,b827ebf7d096,e78f135624ce,-82,17.903003013,8.447286575,1.902283562,0.01142685,-0.019856712,-1.0,-0.861122198,-0.013713425,-0.010140275,-0.013713425,0.861122198,-0.020856712
1581248847.2054803,b827ebf7d096,e78f135624ce,-75,17.859705531,8.489294469,1.936472344,0.002116593,-0.026472344,-1.0,-0.995411062,-0.015294469,-0.001116593,-0.015294469,0.994705531,-0.026472344
1581248847.660105,b827ebf7d096,e78f135624ce,-72,17.859381422,8.479948626,1.918948626,0.011288531,-0.011092891,-0.999,-0.998,-0.014,-0.011288531,-0.014,0.998,-0.011092891
1581248848.113428,b827ebf7d096,e78f135624ce,-72,17.866048016,8.454951984,1.884615874,0.024951984,0.006144047,-0.999,-0.999,-0.013,-0.024951984,-0.014,0.999,0.005144047
1581248848.572256,b827ebf7d096,e78f135624ce,-75,17.87268682,8.432565902,1.860879083,0.03368682,0.01268682,-0.999,-0.999,-0.013,-0.034373639,-0.014,1.0,0.012373639
1581248849.025145,b827ebf7d096,e78f135624ce,-73,17.877236992,8.415526015,1.849052031,0.039,0.014236992,-0.999,-0.999,-0.013,-0.039,-0.014,1.0,0.013236992
1581248849.9384098,b827ebf7d096,e78f135624ce,-95,17.865690592,8.423103136,1.842035887,0.023896864,0.011309408,-0.999,-0.999,-0.013448432,-0.024448432,-0.013448432,1.0,0.010860976
1581248850.38974,b827ebf7d096,e78f135624ce,-79,17.830228148,8.411696592,1.842240296,0.032063111,0.009114074,-0.999,-0.999,-0.013177185,-0.032885926,-0.013177185,1.0,0.008291259
1581248850.8451843,b827ebf7d096,e78f135624ce,-72,17.782690199,8.393,1.84246196,0.03153804,0.009358693,-0.999,-0.999,-0.014,-0.032358693,-0.014820653,1.0,0.009358693
1581248851.3995721,b827ebf7d096,e78f135624ce,42,17.694196477,8.395966196,1.848,0.028275353,0.008,-0.999,-0.999,-0.015252817,-0.028275353,-0.015252817,1.0,0.008
1581248851.7454026,b827ebf7d096,e78f135624ce,-70,17.632240634,8.403969921,1.831040106,0.027989974,0.018979947,-0.999,-0.999,-0.015,-0.027989974,-0.015,1.0,0.017979947
1581248852.2002392,b827ebf7d096,e78f135624ce,-70,17.547221047,8.4087913,1.832787184,0.039281011,0.016570253,-0.998357437,-0.867987654,-0.013642563,-0.042638448,-0.014642563,0.868987654,0.014570253
1581248852.6578784,b827ebf7d096,e78f135624ce,-99,17.443765506,8.420665774,1.815850402,0.039433958,0.027099732,-0.998,-0.957483824,-0.013633423,-0.040750669,-0.014316711,0.958117247,0.026099732
1581248853.110275,b827ebf7d096,e78f135624ce,-72,17.327554127,8.436053591,1.825375134,0.037732047,0.020732047,-0.998,-0.985732047,-0.014,-0.037785638,-0.015,0.986732047,0.020732047
1581248853.562714,b827ebf7d096,e78f135624ce,-70,17.235048029,8.433351155,1.829351155,0.037949253,0.017949253,-0.997550068,-0.59914137,-0.008449932,-0.051899864,-0.009899864,0.60014137,0.012399185
1581248854.021617,b827ebf7d096,e78f135624ce,-80,17.12135708,8.459716496,1.858754452,0.024868321,0.007830365,-0.998,-0.526024819,-0.006415183,-0.046622774,-0.007415183,0.526024819,0.000245548
1581248854.4726057,b827ebf7d096,e78f135624ce,-71,17.019376217,8.446331519,1.851258453,0.022039255,0.01055616,-0.998,-0.502465613,-0.007185387,-0.042926934,-0.007370774,0.503465613,0.005741547
1581248854.931229,b827ebf7d096,e78f135624ce,-70,16.903584363,8.406933976,1.871007336,0.031533012,0.002,-0.998496332,-0.663990353,-0.012014672,-0.03903668,-0.01251834,0.664990353,-0.001496332
1581248855.3878274,b827ebf7d096,e78f135624ce,-80,16.816775703,8.404025162,1.860562906,0.026162473,0.012137311,-0.999,-0.50758374,-0.008324946,-0.032837527,-0.009324946,0.508421267,0.004462257
1581248856.2922275,b827ebf7d096,e78f135624ce,-75,16.673895692,8.452572769,1.863479077,0.010552154,0.006583385,-0.999,-0.225626467,-0.003291692,-0.011552154,-0.004291692,0.22594939,0.000229231
1581248856.7425773,b827ebf7d096,e78f135624ce,-76,16.623908272,8.412596324,1.856899081,0.030201838,0.011,-0.999,-0.279257167,-0.006201838,-0.025504596,-0.006302757,0.279257167,0.002201838
1581248857.2038896,b827ebf7d096,e78f135624ce,-71,16.561299712,8.418167933,1.849658895,0.023359182,0.014359182,-0.999,-0.384548069,-0.006868221,-0.016604663,-0.007868221,0.384548069,0.005604663
1581248857.6673777,b827ebf7d096,e78f135624ce,-93,16.515,8.38279106,1.852,0.035190294,0.011,-0.999,-0.171958614,-0.003190294,-0.023932822,-0.003190294,0.172958614,0.000914176
1581248858.1176713,b827ebf7d096,e78f135624ce,-77,16.495937941,8.436055163,1.849,0.019993105,0.01,-0.999006895,0.63168954,0.008013791,0.002027582,0.008013791,-0.63168954,-0.006006895
1581248859.4696994,b827ebf7d096,e78f135624ce,-74,16.369700658,8.501722672,1.84,-0.01557667,0.009,-1.0,0.986861336,0.013,-0.015861336,0.012715334,-0.986861336,-0.009
1581248859.9270737,b827ebf7d096,e78f135624ce,-75,16.322350666,8.516387445,1.836774889,-0.023387445,0.008387445,-1.0,0.995387445,0.013,-0.023387445,0.013,-0.995774889,-0.008774889
1581248860.3844912,b827ebf7d096,e78f135624ce,-82,16.276281356,8.519880226,1.840179661,-0.024880226,0.01,-1.0,0.998059887,0.015059887,-0.024880226,0.015059887,-0.999,-0.010059887
1581248860.8360524,b827ebf7d096,e78f135624ce,-84,16.22940413,8.515322442,1.843,-0.022661221,0.010661221,-1.0,0.999,0.016338779,-0.022,0.016,-0.999,-0.011
1581248861.2920077,b827ebf7d096,e78f135624ce,-75,16.182469828,8.52,1.846,-0.020117457,0.012,-1.0,1.0,0.016,-0.019411638,0.015294181,-1.0,-0.012705819
1581248861.741339,b827ebf7d096,e78f135624ce,-74,16.136536702,8.524881792,1.844,-0.015118208,0.011,-1.0,1.0,0.015,-0.015118208,0.015,-1.0,-0.011
1581248863.0997965,b827ebf7d096,e78f135624ce,-85,16.000157631,8.511157631,1.83955151,0.002757552,0.008,-1.0,0.748655318,0.010345469,-0.011206042,0.010345469,-0.748655318,-0.00644849
1581248863.5526102,b827ebf7d096,e78f135624ce,-79,15.937349299,8.431490714,1.848918866,0.02912056,0.006261975,-0.997617465,0.031414141,-0.000677745,-0.03012056,-0.00129521,-0.030414141,-0.002972955
1581248864.005039,b827ebf7d096,e78f135624ce,-79,15.868179525,8.394910237,1.870179525,0.030064116,0.000923061,-0.998,-0.213961956,-0.008025646,-0.028102586,-0.008012823,0.214961956,-0.004076939
1581248864.462216,b827ebf7d096,e78f135624ce,-76,15.814817931,8.404155375,1.844973306,0.023395619,0.009026694,-0.999,-0.067116348,-0.004684462,-0.017080081,-0.004684462,0.068116348,0.004026694
1581248864.9135985,b827ebf7d096,e78f135624ce,-75,15.755594527,8.398472844,1.840121683,0.026121683,0.008864842,-0.998716211,-0.121243366,-0.007,-0.021405473,-0.007,0.121527156,0.002581053
1581248865.370176,b827ebf7d096,e78f135624ce,-79,15.690033887,8.436585207,1.861727924,0.012489736,0.003054415,-0.999,-0.174510264,-0.006054415,-0.014435321,-0.006054415,0.175510264,-0.003945585
1581248866.286469,b827ebf7d096,e78f135624ce,-83,15.571945716,8.451196477,1.84056269,0.021233947,0.012718655,-0.997,-0.276651404,-0.008538991,-0.033694956,-0.008718655,0.277831067,0.006898319
1581248866.7370498,b827ebf7d096,e78f135624ce,-74,15.507024763,8.397492429,1.829083911,0.027601104,0.013517193,-0.997,-0.301434698,-0.01021183,-0.047694637,-0.01021183,0.302646528,0.009517193
1581248867.1899502,b827ebf7d096,e78f135624ce,-72,15.434513356,8.378938389,1.85348255,0.02157906,0.003355235,-0.997451745,-0.241562684,-0.012548255,-0.05019302,-0.012548255,0.242562684,-9.651e-05
1581248867.6503043,b827ebf7d096,e78f135624ce,-68,15.343943197,8.404731044,1.865,0.001808719,-0.00216856,-0.99716856,-0.221988639,-0.013,-0.050820079,-0.013,0.222820079,-0.004
1581248868.102205,b827ebf7d096,e78f135624ce,-72,15.257113676,8.442814198,1.886427004,-0.004018467,-0.010995383,-0.996222735,-0.289320821,-0.01555453,-0.056881707,-0.01455453,0.28987535,-0.010772648
1581248869.0151367,b827ebf7d096,e78f135624ce,-70,15.192089673,8.488719773,1.843899118,0.001044836,0.013067254,-0.997,-0.656224181,-0.014022418,-0.012078463,-0.013022418,0.655224181,0.010056045
1581248869.470831,b827ebf7d096,e78f135624ce,-72,15.176117309,8.593531721,1.94894326,-0.024176921,-0.015176921,-0.993,-0.52675868,-0.008058655,0.007235576,-0.012058655,0.528111565,-0.026471151
1581248869.932108,b827ebf7d096,e78f135624ce,-75,15.16841206,8.532713568,1.976238693,0.00679397,-0.00379397,-0.996,-0.416859296,-0.006047739,-0.007143216,-0.006698492,0.41851005,-0.021396985
1581248870.3870757,b827ebf7d096,e78f135624ce,-66,15.145957332,8.492789506,1.971011378,0.016076802,0.007980088,-0.996997155,-0.442423833,-0.007008534,-0.010079646,-0.007005689,0.443426677,-0.012005689
1581248870.8401902,b827ebf7d096,e78f135624ce,-71,15.091466043,8.348944226,1.93489895,0.050915518,0.007387631,-0.995612369,-0.659364993,-0.012387631,-0.052977362,-0.012387631,0.662140256,-0.003449475
1581248871.2927237,b827ebf7d096,e78f135624ce,-71,15.010615045,8.414725667,1.914168141,0.015902654,-8.407e-05,-0.997783186,-0.818057519,-0.015216814,-0.015902654,-0.015216814,0.819057519,-0.001867256
1581248871.7526844,b827ebf7d096,e78f135624ce,-79,15.001107859,8.339323576,1.921058545,0.033107859,-0.000892141,-0.997,-0.52461946,-0.011215717,-0.025215717,-0.010323576,0.526511602,-0.00824499
1581248872.2067304,b827ebf7d096,e78f135624ce,-85,14.944157041,8.291214797,1.933693247,0.040082185,-0.007077299,-0.995922701,-0.71006997,-0.014,-0.03669569,-0.014,0.71260862,-0.009538649
1581248872.6655746,b827ebf7d096,e78f135624ce,-70,14.919,8.217770928,1.986888266,0.054891068,-0.013777933,-0.996,-0.665705432,-0.014111734,-0.051001401,-0.012889667,0.668483366,-0.022222067
1581248873.5772488,b827ebf7d096,e78f135624ce,-71,14.808395948,8.47027144,1.939305468,-0.015576908,0.00704524,-0.995,-0.54863336,-0.012513572,0.000595004,-0.010504524,0.551128836,-0.002936664
1581248874.0314322,b827ebf7d096,e78f135624ce,-71,14.800650101,8.363532449,1.921049698,0.033577081,0.012159228,-0.994,-0.51244423,-0.011368154,-0.027822517,-0.010245436,0.51644423,-0.001472618
1581248874.4922342,b827ebf7d096,e78f135624ce,-70,14.754388395,8.340599699,1.876188244,0.032447174,0.011941221,-0.995623512,-0.524083344,-0.012188244,-0.029635418,-0.011,0.525271588,0.006752977
1581248874.9442747,b827ebf7d096,e78f135624ce,-71,14.683128799,8.45372793,1.917756874,0.000900145,-0.001228654,-0.997442836,-0.49314472,-0.009114327,-0.012671491,-0.009114327,0.49314472,-0.007328509
1581248876.3076847,b827ebf7d096,e78f135624ce,-71,14.512608516,8.504400786,1.888028628,0.031673108,0.010281625,-0.993155126,-0.711248346,-0.013844874,-0.036109859,-0.014844874,0.716374844,0.007
1581248876.7606654,b827ebf7d096,e78f135624ce,-71,14.412749809,8.256780987,1.945219013,0.111427123,-0.008854246,-0.988,-0.899219013,-0.019,-0.113427123,-0.019114575,0.908333588,-0.011968822
1581248877.2115824,b827ebf7d096,e78f135624ce,-72,14.333186511,8.181026923,1.898208992,0.115301138,0.006930336,-0.987930336,-0.959743825,-0.019,-0.116301138,-0.020465168,0.969813489,0.003930336
1581248877.6626554,b827ebf7d096,e78f135624ce,-74,14.329810108,7.999439402,1.935663641,0.143038886,-0.005517174,-0.986814647,-0.978185353,-0.019814647,-0.143038886,-0.019814647,0.98955606,-0.008517174
1581248878.118387,b827ebf7d096,e78f135624ce,-73,14.181495673,7.984334645,1.868330711,0.167166536,0.017167322,-0.984,-0.981833464,-0.017833464,-0.168,-0.021666929,0.995833464,0.014167322
1581248878.5757365,b827ebf7d096,e78f135624ce,-76,14.094976813,8.070236065,1.820771337,0.134038973,0.028554267,-0.987782931,-0.987337198,-0.016108535,-0.135038973,-0.020217069,0.998445733,0.026
1581248879.0302505,b827ebf7d096,e78f135624ce,-69,14.042881848,8.324211062,1.807059076,0.021734157,0.025940924,-0.995059076,-0.995059076,-0.010029538,-0.022734157,-0.011029538,0.999,0.024940924
1581248879.9329162,b827ebf7d096,e78f135624ce,-69,13.998771676,8.508063946,1.801278541,0.006835622,0.022,-0.999,-0.999,-0.009278541,-0.007557081,-0.01,1.0,0.022
1581248880.391791,b827ebf7d096,e78f135624ce,-71,13.974368607,8.527836174,1.812918087,0.015959044,0.019,-0.999,-1.0,-0.012,-0.016918087,-0.012959044,1.0,0.019
1581248880.8432221,b827ebf7d096,e78f135624ce,-71,13.956554302,8.526119887,1.816662906,0.027325811,0.018445698,-0.999,-0.999,-0.012554302,-0.027771509,-0.012554302,1.0,0.018
1581248881.302111,b827ebf7d096,e78f135624ce,-68,13.904824381,8.536283885,1.819671213,0.017445867,0.016846832,-0.999576584,-0.999788292,-0.012635124,-0.017445867,-0.012846832,1.0,0.016635124
1581248881.7529473,b827ebf7d096,e78f135624ce,-82,13.874548276,8.487548276,1.792913793,0.046182759,0.024817241,-0.998,-0.998,-0.017,-0.047182759,-0.018,1.0,0.023817241
1581248882.210979,b827ebf7d096,e78f135624ce,-72,13.853078286,8.480044735,1.778527959,0.039494408,0.026494408,-0.999,-0.999,-0.019,-0.039494408,-0.02,0.999,0.025494408
1581248882.6701064,b827ebf7d096,e78f135624ce,-74,13.818379964,8.476720016,1.766720016,0.02909998,0.028459988,-0.999,-0.999,-0.018819996,-0.029279984,-0.019819996,0.999,0.027639992
1581248883.1215343,b827ebf7d096,e78f135624ce,-80,13.789307391,8.486,1.764839051,0.015209763,0.026,-0.999,-1.0,-0.019580474,-0.015419526,-0.020580474,0.999,0.026
1581248883.5732598,b827ebf7d096,e78f135624ce,-73,13.757284356,8.492551796,1.766163847,0.010224102,0.026224102,-1.0,-1.0,-0.017,-0.010224102,-0.017,0.999387949,0.025612051
1581248884.0307248,b827ebf7d096,e78f135624ce,-72,13.72689953,8.496234429,1.757,0.00989953,0.028,-1.0,-1.0,-0.01996651,-0.01086604,-0.01996651,0.999,0.028
1581248884.4877768,b827ebf7d096,e78f135624ce,-73,13.699994553,8.508401089,1.756101634,0.008700545,0.026598911,-1.0,-1.0,-0.019,-0.009,-0.019,0.999,0.026598911
1581248884.943942,b827ebf7d096,e78f135624ce,-73,13.659639739,8.510363355,1.754363355,0.012363355,0.025636645,-1.0,-1.0,-0.019636645,-0.012363355,-0.019636645,0.999,0.025636645
1581248885.4043458,b827ebf7d096,e78f135624ce,-91,13.608236012,8.500882463,1.750528915,0.018823695,0.025823695,-0.999058768,-1.0,-0.019941232,-0.019823695,-0.019941232,0.999058768,0.025823695
1581248885.8596177,b827ebf7d096,e78f135624ce,-71,13.577011496,8.510965512,1.759325669,0.010348661,0.022337165,-1.0,-1.0,-0.019,-0.010348661,-0.019337165,1.0,0.022337165
1581248886.3162398,b827ebf7d096,e78f135624ce,-79,13.532852081,8.51907396,1.75319453,0.00846302,0.02426849,-1.0,-1.0,-0.019,-0.00946302,-0.01926849,0.999,0.024
1581248887.2194843,b827ebf7d096,e78f135624ce,-70,13.44436108,8.537599229,1.767440463,-3.9692e-05,0.018519846,-1.0,-1.0,-0.016,3.9692e-05,-0.016,1.0,0.018519846
1581248887.676552,b827ebf7d096,e78f135624ce,-71,13.399015383,8.546639561,1.754213187,0.002,0.021786813,-1.0,-1.0,-0.019,-0.002213187,-0.019,1.0,0.021786813
1581248888.1322844,b827ebf7d096,e78f135624ce,-77,13.339622087,8.540786626,1.752393313,0.012344478,0.020868896,-1.0,-1.0,-0.019,-0.013213374,-0.019,1.0,0.020868896
1581248888.587246,b827ebf7d096,e78f135624ce,-75,13.288702726,8.539297274,1.744081091,0.019540545,0.022,-0.999,-0.999459455,-0.019,-0.019540545,-0.02,1.0,0.021459455
1581248889.0451806,b827ebf7d096,e78f135624ce,-77,13.227658189,8.518435027,1.745717513,0.032282487,0.021070622,-0.999,-0.999,-0.016929378,-0.032282487,-0.017,1.0,0.020070622
1581248889.9512982,b827ebf7d096,e78f135624ce,-81,13.119627928,8.490656982,1.752744144,0.035,0.018313964,-0.999,-0.999,-0.011,-0.035,-0.011343018,1.0,0.017313964
1581248890.402652,b827ebf7d096,e78f135624ce,-73,13.085506729,8.505,1.756101346,0.032966218,0.017966218,-0.999,-0.999,-0.013966218,-0.032966218,-0.014966218,1.0,0.017932436
1581248890.8625927,b827ebf7d096,e78f135624ce,-78,13.04514654,8.515,1.75683805,0.02863239,0.01826478,-0.999,-0.999,-0.01763239,-0.02863239,-0.01863239,1.0,0.01789717
1581248891.3135421,b827ebf7d096,e78f135624ce,-77,13.007,8.520130888,1.746105461,0.022658191,0.022223635,-0.999,-0.999,-0.018223635,-0.022881826,-0.019223635,1.0,0.022223635
1581248891.7740035,b827ebf7d096,e78f135624ce,-74,12.965465668,8.531902289,1.735390845,0.022804578,0.024,-0.999,-0.999,-0.018902289,-0.022902289,-0.019902289,0.999097711,0.023902289
1581248892.6802728,b827ebf7d096,e78f135624ce,-78,12.852193033,8.521093579,1.749362568,0.025362568,0.02,-0.999,-0.999,-0.015181284,-0.025362568,-0.016181284,1.0,0.019
1581248893.132298,b827ebf7d096,e78f135624ce,-80,12.821644188,8.541389803,1.772593202,0.018389803,0.014203399,-0.999,-0.745100883,-0.012796601,-0.025796601,-0.013593202,0.745304282,0.011796601
1581248893.5867057,b827ebf7d096,e78f135624ce,-77,12.812666659,8.556333317,1.775499988,0.006500012,0.012333341,-0.999,-0.214667159,-0.006750006,-0.025,-0.007333341,0.214667159,0.011166671
1581248894.0452313,b827ebf7d096,e78f135624ce,-73,12.849497314,8.545431641,1.827065672,-0.001,0.011071045,-1.0,0.591957021,0.009213134,-0.011786866,0.009213134,-0.591957021,-0.003284179
1581248894.4952426,b827ebf7d096,e78f135624ce,-83,12.838784231,8.549534717,1.866724205,-0.00944841,0.013318949,-0.999318949,0.779716741,0.012681051,-0.015086307,0.012681051,-0.779716741,-0.011
1581248894.9539237,b827ebf7d096,e78f135624ce,-71,12.798726428,8.556188578,1.882995353,-0.012820717,0.013089642,-0.999363214,0.859254983,0.015363214,-0.016457503,0.015363214,-0.859254983,-0.012089642
1581248895.4035335,b827ebf7d096,e78f135624ce,-75,12.755105747,8.559185057,1.895788507,-0.01307931,0.015947127,-0.999973563,0.896995406,0.015026437,-0.015105747,0.015,-0.896995406,-0.01492069
1581248896.3115702,b827ebf7d096,e78f135624ce,-72,12.721702802,8.509621551,1.947729741,0.007324354,0.026594612,-0.999,0.988405388,0.020135129,0.008189224,0.021,-0.988405388,-0.026594612
1581248896.7680104,b827ebf7d096,e78f135624ce,-83,12.666894398,8.513795032,1.932844715,0.002409937,0.018614905,-1.0,0.996590063,0.017409937,0.002409937,0.017409937,-0.995795032,-0.018614905
1581248897.2243085,b827ebf7d096,e78f135624ce,-72,12.603859612,8.529517124,1.911688368,-0.003,0.014068498,-1.0,0.999,0.013,-0.003,0.013,-0.998482876,-0.013551373
1581248898.59409,b827ebf7d096,e78f135624ce,-76,12.433400065,8.536861529,1.824846179,-0.009430764,-0.002,-1.0,1.0,0.011569236,-0.009430764,0.011569236,-1.0,0.002
1581248899.0540118,b827ebf7d096,e78f135624ce,-80,12.375330295,8.528730587,1.824695589,-0.010182647,0.000939118,-1.0,1.0,0.011060882,-0.010182647,0.011060882,-1.0,-0.000939118
1581248899.512714,b827ebf7d096,e78f135624ce,-75,12.325922156,8.529784431,1.826,-0.01,0.003,-1.0,1.0,0.012,-0.01,0.012,-1.0,-0.003
1581248899.9669082,b827ebf7d096,e78f135624ce,-75,12.271207424,8.537544687,1.815841485,-0.013772343,0.001613828,-1.0,1.0,0.01,-0.013772343,0.01,-1.0,-0.001613828
1581248900.8672342,b827ebf7d096,e78f135624ce,-80,12.150008486,8.521412264,1.818175472,-0.01,0.003587736,-1.0,1.0,0.011587736,-0.01,0.011587736,-1.0,-0.003587736
1581248902.2226956,b827ebf7d096,e78f135624ce,-80,12.001539651,8.523,1.82470793,-0.00456931,0.00656931,-1.0,1.0,0.01056931,-0.004,0.01,-1.0,-0.00656931
1581248902.6733816,b827ebf7d096,e78f135624ce,-82,11.948486484,8.524051352,1.81430811,-0.002948648,0.002102703,-1.0,1.0,0.012051352,-0.002948648,0.012051352,-1.0,-0.002102703
1581248903.1333692,b827ebf7d096,e78f135624ce,-84,11.891444889,8.541888778,1.818555611,-0.006,0.004277806,-1.0,1.0,0.011277806,-0.006,0.011277806,-1.0,-0.004277806
1581248903.593355,b827ebf7d096,e78f135624ce,-76,11.82678013,8.549166226,1.817,-0.006,0.004,-1.0,1.0,0.011611258,-0.006,0.011611258,-1.0,-0.004
1581248904.0453086,b827ebf7d096,e78f135624ce,-76,11.776139737,8.555,1.801085992,-0.006,-0.000967753,-1.0,1.0,0.009,-0.006,0.009989251,-1.0,0.000967753
1581248904.5016313,b827ebf7d096,e78f135624ce,-81,11.728854194,8.554,1.807306544,-0.006,0.002,-1.0,1.0,0.008,-0.006,0.008,-1.0,-0.002
1581248904.952823,b827ebf7d096,e78f135624ce,-79,11.680832649,8.566,1.809944764,-0.01,0.000555647,-1.0,1.0,0.011,-0.01,0.011,-1.0,-0.000555647
1581248905.4075778,b827ebf7d096,e78f135624ce,-79,11.63191281,8.569152135,1.821923932,-0.011076068,0.003,-1.0,1.0,0.011,-0.011076068,0.011,-1.0,-0.003076068
1581248905.8634036,b827ebf7d096,e78f135624ce,-73,11.587783934,8.5639074,1.813,-0.011484567,-0.001,-1.0,1.0,0.008,-0.011484567,0.008484567,-1.0,0.001
1581248906.3224497,b827ebf7d096,e78f135624ce,-77,11.53899625,8.550856875,1.81771375,-0.01128625,-0.001143125,-1.0,1.0,0.011,-0.01128625,0.011,-1.0,0.001143125
1581248907.236464,b827ebf7d096,e78f135624ce,-84,11.443027643,8.552498272,1.827,-0.019498272,-0.001498272,-1.0,1.0,0.012501728,-0.019498272,0.012501728,-1.0,0.001
1581248907.6934044,b827ebf7d096,e78f135624ce,-80,11.388330143,8.552427888,1.825618592,-0.019618592,-0.003190704,-1.0,1.0,0.012809296,-0.019618592,0.012809296,-1.0,0.003
1581248908.594182,b827ebf7d096,e78f135624ce,-80,11.281208239,8.545977925,1.820022075,-0.008977925,-0.004318616,-1.0,1.0,0.01,-0.008977925,0.01,-1.0,0.004318616
1581248909.0473554,b827ebf7d096,e78f135624ce,-79,11.219068632,8.55106679,1.81806679,-0.006133579,-0.005,-1.0,1.0,0.01,-0.006133579,0.01,-1.0,0.005
1581248909.5032427,b827ebf7d096,e78f135624ce,-84,11.152402593,8.56282251,1.808411255,-0.005233766,-0.007411255,-1.0,1.0,0.009,-0.005233766,0.009,-1.0,0.007
1581248909.9554546,b827ebf7d096,e78f135624ce,-86,11.093682839,8.560778856,1.814336568,-0.000778856,-0.003442288,-1.0,1.0,0.010221144,-0.000778856,0.010221144,-1.0,0.003442288
1581248911.3132355,b827ebf7d096,e78f135624ce,-74,10.932238216,8.541108826,1.828,0.001945587,0.001,-1.0,1.0,0.012945587,0.001945587,0.012945587,-1.0,-0.001
1581248911.7671099,b827ebf7d096,e78f135624ce,-72,10.88065502,8.53578166,1.82621834,0.00160917,-0.00039083,-1.0,1.0,0.011,0.00160917,0.011,-1.0,0.00039083
1581248912.6825418,b827ebf7d096,e78f135624ce,-72,10.766281722,8.534865323,1.824044892,-0.004955108,-0.001,-1.0,1.0,0.009,-0.004955108,0.009,-1.0,0.001
1581248913.1365304,b827ebf7d096,e78f135624ce,-73,10.712021935,8.536326022,1.825334796,-0.005995613,-0.002665204,-1.0,1.0,0.011,-0.005995613,0.011,-1.0,0.002665204
1581248914.4923792,b827ebf7d096,e78f135624ce,-72,10.553422312,8.545989642,1.82,-0.000494821,-0.005,-1.0,1.0,0.01,-0.000494821,0.01,-1.0,0.005
1581248914.9436023,b827ebf7d096,e78f135624ce,-73,10.501050407,8.545389919,1.817870027,0.000740054,-0.003870027,-1.0,1.0,0.01,0.000740054,0.01,-1.0,0.003870027
1581248915.3945096,b827ebf7d096,e78f135624ce,-72,10.443292842,8.544731697,1.816731697,-0.000463395,-0.001268303,-1.0,1.0,0.009536605,-0.000463395,0.009536605,-1.0,0.001268303
1581248915.8537703,b827ebf7d096,e78f135624ce,-73,10.384608822,8.549,1.815663051,-0.004336949,0.0,-1.0,1.0,0.011,-0.004336949,0.011,-1.0,0.0
1581248916.3135648,b827ebf7d096,e78f135624ce,-77,10.325336553,8.555,1.816022437,-0.009,0.002022437,-1.0,1.0,0.011,-0.009,0.011,-1.0,-0.002022437
1581248916.7669144,b827ebf7d096,e78f135624ce,-88,10.272979154,8.551644346,1.818,-0.010644346,0.004,-1.0,1.0,0.012644346,-0.010644346,0.012644346,-1.0,-0.004
1581248917.675985,b827ebf7d096,e78f135624ce,-77,10.232013104,8.464131044,1.862947583,0.03394103,0.021986896,-0.999,0.999,0.020993448,0.033947583,0.021993448,-0.999,-0.020986896
1581248918.1364496,b827ebf7d096,e78f135624ce,-73,10.197881092,8.476655043,1.865463865,0.019489495,0.022731933,-0.998,0.208190748,0.009829832,0.048195798,0.010829832,-0.209190748,-0.007561765
1581248918.5934353,b827ebf7d096,e78f135624ce,-86,10.108925143,8.564130903,1.853514011,-0.011728983,0.017757006,-0.999,-0.613215359,-0.001242994,0.033271017,-0.000242994,0.613215359,0.008242994
1581248919.0487947,b827ebf7d096,e78f135624ce,-77,10.02755874,8.566255874,1.840511748,-0.011,0.009255874,-1.0,0.308783368,0.006744126,0.006767622,0.007744126,-0.308783368,0.002127937
1581248919.9497917,b827ebf7d096,e78f135624ce,-79,9.898188116,8.56310066,1.822698019,-0.01120132,0.00389934,-1.0,0.898818487,0.01089934,-0.00920132,0.01089934,-0.898818487,-0.002
1581248920.8596718,b827ebf7d096,e78f135624ce,-79,9.770271209,8.573358049,1.814641951,-0.019358049,0.004,-1.0,0.928519038,0.01,-0.019358049,0.01,-0.928877087,-0.003
1581248921.3099782,b827ebf7d096,e78f135624ce,-73,9.693242035,8.576051751,1.819844746,-0.003414012,0.009844746,-1.0,0.062976063,0.004103503,-0.019,0.004103503,-0.062976063,0.005792994
1581248921.7637634,b827ebf7d096,e78f135624ce,-72,9.607959495,8.56859275,1.82859275,0.0141855,0.0151855,-1.0,-0.659202527,-0.00040725,-0.02140725,-0.001,0.659202527,0.013778251
1581248922.217405,b827ebf7d096,e78f135624ce,-77,9.53051319,8.560527704,1.834,0.022236148,0.018236148,-0.999763852,-0.892320585,-0.000472296,-0.025,-0.001236148,0.892320585,0.018
1581248922.6781936,b827ebf7d096,e78f135624ce,-77,9.46127684,8.560070936,1.835141871,0.022929064,0.018929064,-1.0,-0.966148773,-0.002929064,-0.023929064,-0.002929064,0.966148773,0.018929064
1581248923.5866427,b827ebf7d096,e78f135624ce,-76,9.328178776,8.579990523,1.818837019,-0.016824383,0.01150158,-0.99883386,-0.014483915,-0.002,-0.047329121,-0.002,0.014317775,0.00850158
1581248924.0398507,b827ebf7d096,e78f135624ce,-81,9.23657762,8.647488165,1.792652628,-0.067727636,0.004413157,-0.997,0.672276364,-0.005586843,-0.077347372,-0.006380264,-0.675863207,0.002206579
1581248924.492856,b827ebf7d096,e78f135624ce,-78,9.117201895,8.466450728,1.783568076,0.06520656,0.018863848,-0.992568076,-0.411450587,-0.017431924,-0.116295773,-0.019863848,0.416314435,0.015863848
1581248924.952561,b827ebf7d096,e78f135624ce,-85,9.070878038,8.422195316,1.786853734,0.070414494,0.020878038,-0.995121962,-0.814342024,-0.016512152,-0.086926646,-0.01839019,0.818220062,0.019
1581248925.861147,b827ebf7d096,e78f135624ce,-98,9.030182098,8.5026262,1.818939301,0.0303131,0.015,-0.999,-0.980565501,-0.0053131,-0.0323131,-0.006,0.980878601,0.0146869
1581248926.321228,b827ebf7d096,e78f135624ce,-77,8.990469534,8.510804361,1.824921744,0.033039128,0.014039128,-0.999,-0.992921744,-0.006960872,-0.033078256,-0.007,0.993921744,0.013078256
1581248926.7782965,b827ebf7d096,e78f135624ce,-76,8.949457816,8.511308437,1.829345782,0.036345782,0.012654218,-0.999,-0.997654218,-0.006654218,-0.036345782,-0.007,0.998,0.012654218
1581248927.696795,b827ebf7d096,e78f135624ce,-76,8.864135216,8.511927935,1.834,0.039072065,0.011072065,-0.999,-0.999,-0.005927935,-0.039072065,-0.006927935,1.0,0.011072065
1581248928.1521723,b827ebf7d096,e78f135624ce,-77,8.820453353,8.502313941,1.827627882,0.043686059,0.014,-0.999,-0.999,-0.007372118,-0.043686059,-0.007686059,1.0,0.013
1581248928.6156633,b827ebf7d096,e78f135624ce,-83,8.77033347,8.503,1.835937526,0.042,0.009708316,-0.999,-0.999,-0.004354158,-0.042354158,-0.005,1.0,0.009708316
1581248929.522718,b827ebf7d096,e78f135624ce,-74,8.663814085,8.512923541,1.836830584,0.034830584,0.009,-0.999,-0.999,-0.004584708,-0.034830584,-0.004584708,1.0,0.009
1581248930.0507295,b827ebf7d096,e78f135624ce,29,8.60659764,8.519801089,1.832,0.032399637,0.01,-0.999,-0.999,-0.005199818,-0.032399637,-0.006,1.0,0.01
1581248930.437607,b827ebf7d096,e78f135624ce,-85,8.562061524,8.527848354,1.835924177,0.031075823,0.009,-0.999,-0.999,-0.005075823,-0.031075823,-0.006075823,1.0,0.009
1581248930.8922355,b827ebf7d096,e78f135624ce,-85,8.514447035,8.52745392,1.829361759,0.032,0.013092161,-0.999,-0.999,-0.006,-0.032,-0.006,1.0,0.01254608
1581248931.3451352,b827ebf7d096,e78f135624ce,-92,8.468849915,8.523153577,1.832,0.035,0.011153577,-0.999,-0.999,-0.006,-0.035,-0.006153577,1.0,0.011
1581248931.7984548,b827ebf7d096,e78f135624ce,-81,8.416825115,8.522217317,1.831869266,0.036782683,0.013565367,-0.999,-0.999,-0.005,-0.036782683,-0.006,1.0,0.013565367
1581248932.7059376,b827ebf7d096,e78f135624ce,-78,8.30907682,8.529715945,1.843,0.036213041,0.011,-0.999,-0.999,-0.005071014,-0.036213041,-0.005142028,1.0,0.011
1581248933.15737,b827ebf7d096,e78f135624ce,-78,8.259244769,8.512966788,1.841,0.043344404,0.014,-0.999,-0.999,-0.005672202,-0.043344404,-0.006672202,1.0,0.013327798
1581248933.6140728,b827ebf7d096,e78f135624ce,-77,8.204394965,8.504,1.834688609,0.045,0.016,-0.999,-0.999,-0.005688609,-0.045,-0.006688609,1.0,0.015311391
1581248934.066373,b827ebf7d096,e78f135624ce,-78,8.149192248,8.493556382,1.831158966,0.04976155,0.016,-0.999,-0.999,-0.006,-0.04976155,-0.007,1.0,0.015920517
1581248934.5207608,b827ebf7d096,e78f135624ce,-80,8.096594511,8.494,1.826012429,0.050569653,0.016139306,-0.999,-0.999,-0.007569653,-0.050569653,-0.008569653,1.0,0.015708959
1581248935.4318311,b827ebf7d096,e78f135624ce,-82,7.987107251,8.494247912,1.834752088,0.060752088,0.012,-0.998,-0.998,-0.005123956,-0.060752088,-0.005247912,1.0,0.012
1581248935.8823996,b827ebf7d096,e78f135624ce,-85,7.92693825,8.494492383,1.825584603,0.066169206,0.014415397,-0.998,-0.998,-0.008169206,-0.066584603,-0.009169206,1.0,0.014
1581248936.3352716,b827ebf7d096,e78f135624ce,-83,7.872163923,8.511928284,1.829959019,0.06202049,0.013010245,-0.998,-0.998,-0.006010245,-0.06202049,-0.007010245,1.0,0.01202049
1581248936.7880766,b827ebf7d096,e78f135624ce,-81,7.814557628,8.505042055,1.838305296,0.065,0.010652648,-0.998,-0.998,-0.005694704,-0.065,-0.006347352,1.0,0.01
1581248937.2440667,b827ebf7d096,e78f135624ce,-84,7.75958733,8.505323416,1.845676584,0.058323416,0.008661708,-0.998,-0.998,-0.006338292,-0.058323416,-0.007,1.0,0.008
1581248937.7039094,b827ebf7d096,e78f135624ce,-86,7.70812528,8.501948546,1.847691275,0.049948546,0.009102908,-0.999,-0.999,-0.006,-0.049948546,-0.006051454,1.0,0.009102908
1581248938.1581361,b827ebf7d096,e78f135624ce,-96,7.648908874,8.494,1.848,0.044402535,0.008,-0.999,-0.999,-0.007,-0.044402535,-0.008,1.0,0.008
1581248938.6152894,b827ebf7d096,e78f135624ce,-94,7.596582542,8.491299252,1.843818953,0.033960598,0.008960598,-0.999,-0.999,-0.007,-0.034700748,-0.008,1.0,0.008960598
1581248939.07404,b827ebf7d096,e78f135624ce,-89,7.534357069,8.497180943,1.842452356,0.026,0.008819057,-1.0,-1.0,-0.007,-0.026,-0.007909529,1.0,0.008819057
1581248939.5352178,b827ebf7d096,e78f135624ce,-80,7.470733061,8.507623625,1.841792125,0.018188187,0.007603938,-1.0,-1.0,-0.009396062,-0.018188187,-0.009396062,1.0,0.007207875
1581248939.9871469,b827ebf7d096,e78f135624ce,-77,7.405253413,8.499,1.844702485,0.02,0.005765838,-1.0,-1.0,-0.007,-0.02,-0.007,1.0,0.005765838
1581248940.443967,b827ebf7d096,e78f135624ce,-80,7.337486184,8.497106156,1.851,0.022893844,0.003893844,-1.0,-1.0,-0.009106156,-0.022893844,-0.009106156,1.0,0.003
1581248940.901585,b827ebf7d096,e78f135624ce,-79,7.276268114,8.498,1.845756038,0.025081321,0.008081321,-1.0,-1.0,-0.006,-0.025081321,-0.006,1.0,0.007621981
1581248941.3626409,b827ebf7d096,e78f135624ce,-83,7.223190379,8.507783875,1.841351626,0.027648374,0.008432249,-0.999783875,-0.999783875,-0.006783875,-0.027648374,-0.007783875,1.0,0.008216125
1581248941.8148205,b827ebf7d096,e78f135624ce,-84,7.168693585,8.506673396,1.845326604,0.036494953,0.006336698,-0.999,-0.999,-0.008663302,-0.036494953,-0.008663302,1.0,0.006336698
1581248942.2657385,b827ebf7d096,e78f135624ce,-83,7.108372155,8.515454097,1.839908194,0.042362291,0.009545903,-0.999,-0.999,-0.008091806,-0.042362291,-0.008545903,1.0,0.009
1581248942.7160454,b827ebf7d096,e78f135624ce,-81,7.041563144,8.513856314,1.834718428,0.049143686,0.010712629,-0.999,-0.999,-0.011928157,-0.050071843,-0.012,1.0,0.009712629
1581248943.1728897,b827ebf7d096,e78f135624ce,-81,6.976917823,8.509281801,1.837590995,0.051,0.009563602,-0.999,-0.999,-0.010281801,-0.051,-0.011,1.0,0.008563602
1581248943.6296728,b827ebf7d096,e78f135624ce,-76,6.90419691,8.500358057,1.845135541,0.046567771,0.006074172,-0.999,-0.999,-0.009641943,-0.046567771,-0.010641943,1.0,0.006074172
1581248944.0830395,b827ebf7d096,e78f135624ce,-76,6.839423046,8.492943594,1.828310234,0.037112812,0.011915391,-0.999,-0.999,-0.008056406,-0.037112812,-0.009028203,1.0,0.011887188
1581248944.5352433,b827ebf7d096,e78f135624ce,-76,6.781333859,8.509020669,1.838,0.026187599,0.007,-0.999604134,-0.999604134,-0.009395866,-0.026187599,-0.009791732,1.0,0.006604134
1581248944.9953184,b827ebf7d096,e78f135624ce,-79,6.726138743,8.49440596,1.844079138,0.02670298,0.00640596,-1.0,-1.0,-0.00829702,-0.02670298,-0.00829702,1.0,0.006108941
1581248946.3581047,b827ebf7d096,e78f135624ce,-78,6.578036255,8.506176135,1.853274622,0.018170996,0.005896375,-1.0,-0.966425343,-0.008689124,-0.018792749,-0.008689124,0.966425343,0.006
1581248946.8115065,b827ebf7d096,e78f135624ce,-77,6.613714397,8.585759969,1.863988607,-0.006257121,0.008497152,-0.999,0.287406786,0.008994304,-0.018514241,0.008994304,-0.287406786,-0.004245728
1581248947.26292,b827ebf7d096,e78f135624ce,-82,6.602787768,8.659038224,1.871583182,-0.025409174,0.013196942,-0.999,0.582007645,0.011196942,-0.026606116,0.010598471,-0.583007645,-0.006795413
1581248947.72307,b827ebf7d096,e78f135624ce,-91,6.585064909,8.691467545,1.881415568,-0.026467545,0.012766227,-0.999,0.529312108,0.011233773,-0.024584432,0.011116886,-0.530312108,-0.008883114
1581248949.0841768,b827ebf7d096,e78f135624ce,-85,6.4554319,8.694552531,1.850536963,-0.042373544,0.005089494,-0.998089494,0.737587587,0.01,-0.048552531,0.009910506,-0.738587587,-0.004
1581248949.5440073,b827ebf7d096,e78f135624ce,-83,6.415107472,8.68832477,1.846973132,-0.051757011,0.007594626,-0.998,0.849542068,0.012189253,-0.055162385,0.011189253,-0.850947442,-0.005189253
1581248949.994354,b827ebf7d096,e78f135624ce,-79,6.374959111,8.677212678,1.857638035,-0.052787322,0.01,-0.998,0.849145169,0.011425357,-0.053787322,0.011212678,-0.850145169,-0.008212678
1581248950.4559493,b827ebf7d096,e78f135624ce,-84,6.312599488,8.666193262,1.86535855,-0.042089638,0.011,-0.999,0.854157015,0.013089638,-0.043,0.013089638,-0.855157015,-0.009179275
1581248951.8130445,b827ebf7d096,e78f135624ce,-91,6.1607768,8.617142934,1.894928533,-0.0317768,0.0172232,-0.999,0.993741067,0.015258933,-0.0317768,0.015258933,-0.994482133,-0.0172232
1581248952.2678957,b827ebf7d096,e78f135624ce,-83,6.126912174,8.591968841,1.860606232,-0.026575072,0.011,-0.999,0.94630029,0.013787536,-0.027575072,0.013787536,-0.94630029,-0.009393768
1581248952.7239318,b827ebf7d096,e78f135624ce,-87,6.050332465,8.607778183,1.875444155,-0.034277922,0.015777662,-0.999,0.982277922,0.017,-0.034277922,0.016055584,-0.983222338,-0.015777662
1581248953.1841176,b827ebf7d096,e78f135624ce,-87,5.959431379,8.628271569,1.856814707,-0.041728431,0.01,-0.999,0.993456862,0.015271569,-0.041728431,0.014271569,-0.994456862,-0.010271569
1581248953.6405084,b827ebf7d096,e78f135624ce,-80,5.885684343,8.634380254,1.859349788,-0.042460085,0.012904936,-0.999,0.997,0.016269958,-0.041825106,0.015634979,-0.998,-0.013539915
1581248954.0908506,b827ebf7d096,e78f135624ce,-86,5.825080982,8.635594632,1.844180164,-0.039864877,0.008090082,-0.999,0.998,0.015954959,-0.039864877,0.015954959,-0.999,-0.009045041
1581248954.5430253,b827ebf7d096,e78f135624ce,-81,5.772193917,8.618,1.859522433,-0.034412928,0.012587072,-0.999,0.999,0.016174144,-0.034,0.015587072,-1.0,-0.013
1581248954.9937892,b827ebf7d096,e78f135624ce,-82,5.677166658,8.649083336,1.855416667,-0.044833335,0.009,-0.999,0.999,0.016,-0.044833335,0.015208334,-1.0,-0.009208334
1581248955.4540417,b827ebf7d096,e78f135624ce,-86,5.614160875,8.650633205,1.862577864,-0.043316602,0.010788932,-0.999,0.999,0.016,-0.042422136,0.015,-1.0,-0.010894466
1581248955.90446,b827ebf7d096,e78f135624ce,-91,5.560317437,8.647302384,1.856263487,-0.040434128,0.007131744,-0.999,0.999,0.015,-0.040434128,0.014,-1.0,-0.008131744
1581248956.3578987,b827ebf7d096,e78f135624ce,-89,5.502804813,8.649021687,1.853989156,-0.040010844,0.005989156,-0.999,0.999,0.016010844,-0.040010844,0.016,-1.0,-0.006
1581248956.8156354,b827ebf7d096,e78f135624ce,-92,5.447280484,8.65070664,1.868053522,-0.039,0.009880081,-0.999,0.999,0.018880081,-0.039,0.01858672,-1.0,-0.01058672
1581248957.7252984,b827ebf7d096,e78f135624ce,-86,5.308526983,8.672552381,1.86257037,-0.040122751,0.006815873,-0.999,0.999,0.018,-0.040122751,0.018,-1.0,-0.007815873
1581248958.18311,b827ebf7d096,e78f135624ce,-84,5.23958125,8.687,1.8571675,-0.03791625,0.00608375,-0.999,0.999,0.018694583,-0.03791625,0.018,-1.0,-0.00608375
1581248958.6347365,b827ebf7d096,e78f135624ce,-88,5.180648692,8.684764473,1.855490352,-0.028,0.005745176,-0.999,0.999,0.018,-0.028,0.018,-1.0,-0.005745176
1581248959.0873876,b827ebf7d096,e78f135624ce,-89,5.130793845,8.675275976,1.856,-0.019275976,0.007,-1.0,1.0,0.018,-0.019275976,0.017862012,-1.0,-0.007137988
1581248959.5452406,b827ebf7d096,e78f135624ce,-81,5.065037758,8.674945619,1.856418428,-0.020472809,0.007945619,-1.0,1.0,0.017,-0.020472809,0.017,-1.0,-0.008472809
1581248959.9960043,b827ebf7d096,e78f135624ce,-79,5.000218597,8.678554649,1.858406199,-0.022703099,0.009703099,-1.0,1.0,0.01785155,-0.022703099,0.017,-1.0,-0.009703099
1581248960.4493294,b827ebf7d096,e78f135624ce,-78,4.952422055,8.672543726,1.854596959,-0.024315589,0.007684411,-1.0,0.999228137,0.018228137,-0.023543726,0.018228137,-1.0,-0.007684411
1581248961.3564923,b827ebf7d096,e78f135624ce,-78,4.751014789,8.622018076,1.841980281,-0.001996713,0.00900493,-0.999,0.013886616,-4.93e-06,-0.040993427,-6.573e-06,-0.013886616,0.001006573
1581248961.8107176,b827ebf7d096,e78f135624ce,-80,4.693415024,8.664754928,1.824584976,-0.008523708,0.011707512,-0.999,-0.269478425,-0.006415024,-0.026353756,-0.006415024,0.269478425,0.004707512
1581248962.7153106,b827ebf7d096,e78f135624ce,-86,4.548044562,8.630815915,1.847670557,-0.012145358,0.000474801,-0.999,-0.133720955,-0.005,-0.027664722,-0.005,0.133720955,-0.00281008
1581248963.166006,b827ebf7d096,e78f135624ce,-84,4.469034988,8.598377542,1.800622458,-0.005953349,0.012976675,-0.999,-0.365303229,-0.009494169,-0.017552482,-0.01,0.365303229,0.011482506
1581248963.6228843,b827ebf7d096,e78f135624ce,-74,4.402516981,8.61059554,1.803291938,-0.008460721,0.00859554,-0.999,-0.383124186,-0.00873036,-0.00073036,-0.00873036,0.383124186,0.007325901
1581248964.072966,b827ebf7d096,e78f135624ce,-76,4.356931198,8.615404633,1.846626022,-0.002740463,0.002038147,-1.0,-0.275710496,-0.006480927,-0.001740463,-0.006480927,0.275710496,-0.003480927
1581248964.9831338,b827ebf7d096,e78f135624ce,-79,4.291406646,8.702901108,1.840395569,-0.020098892,0.005851662,-0.999,-0.158154279,-0.004901108,-0.006247231,-0.004901108,0.158154279,0.002901108
1581248965.4439332,b827ebf7d096,e78f135624ce,-85,4.225096572,8.677079962,1.795743505,-0.017088267,0.015268952,-0.999,-0.212627236,-0.006361371,-0.007096572,-0.006361371,0.211900341,0.012722743
1581248965.8942685,b827ebf7d096,e78f135624ce,-86,4.214494305,8.650995444,1.810255125,-0.007498861,0.012250569,-1.0,0.533826882,0.011002278,-0.001749431,0.011002278,-0.534576312,-2.278e-06
1581248966.3453639,b827ebf7d096,e78f135624ce,-85,4.194,8.616134202,1.831932899,0.003932899,0.012695114,-1.0,0.850072963,0.017847557,0.006085342,0.017847557,-0.850072963,-0.009390228
1581248966.7964108,b827ebf7d096,e78f135624ce,-84,4.17501686,8.578523182,1.836502107,0.014493678,0.010502107,-1.0,0.951970496,0.018502107,0.014995785,0.018502107,-0.952468388,-0.009502107
1581248967.255817,b827ebf7d096,e78f135624ce,-78,4.144296824,8.542544444,1.842584127,0.022,0.011584127,-1.0,0.984831746,0.019,0.022,0.019,-0.984831746,-0.010584127
1581248967.7075467,b827ebf7d096,e78f135624ce,-83,4.101090083,8.515219215,1.843477479,0.023,0.010825826,-1.0,0.994651653,0.018,0.023,0.018,-0.994825826,-0.010651653
1581248968.6132772,b827ebf7d096,e78f135624ce,-77,3.920636758,8.571853056,1.839024491,2.4491e-05,0.01,-1.0,-0.695281535,-0.008926528,0.007048981,-0.008926528,0.695257044,0.006975509
1581248969.064788,b827ebf7d096,e78f135624ce,-86,3.822641868,8.579370841,1.837741682,0.004258318,0.010629159,-1.0,-0.902503926,-0.011629159,-0.001887477,-0.011629159,0.902503926,0.009629159
1581248969.5167632,b827ebf7d096,e78f135624ce,-77,3.734913393,8.579075162,1.839537581,0.009462419,0.010231209,-1.0,-0.969080884,-0.010462419,-0.009462419,-0.010462419,0.969080884,0.010231209
1581248969.9719944,b827ebf7d096,e78f135624ce,-81,3.636516851,7.959572492,1.890889392,0.141223479,0.001225967,-0.960516851,-0.950149061,-0.012877403,-0.141223479,-0.008490387,0.98963221,0.000348564
1581248970.4253201,b827ebf7d096,e78f135624ce,-79,3.560161677,8.088003419,1.834627032,0.070650129,0.014488452,-0.983953806,-0.98093071,-0.015023097,-0.071138581,-0.014,0.996488452,0.013976903
1581248970.8868554,b827ebf7d096,e78f135624ce,-77,3.444313407,8.246097142,1.762533626,0.039313407,0.024656703,-0.994335824,-0.993335824,-0.022,-0.039313407,-0.022,0.998167912,0.023656703
