1581248844.0184789,000000000101,e78f135624ce,-83,18.001,8.381,1.872,0.021,0.006,-1.002,0.997,0.024,0.021,0.024,-1.002,-0.01
1581248844.4735112,000000000101,e78f135624ce,-84,17.999,8.395188013,1.869202997,0.015304495,0.006101498,-1.001,0.998,0.023,0.015304495,0.023898502,-1.001,-0.008202997
1581248844.930502,000000000101,e78f135624ce,-75,17.981323387,8.410864677,1.859864677,0.020270645,0.007567661,-1.0,0.307648868,0.010594032,-0.005973629,0.010161694,-0.308648868,0.000135323
1581248845.838477,000000000101,e78f135624ce,-87,17.903160029,8.447331437,1.902171408,0.011337126,-0.019834282,-1.0,-0.860045516,-0.013668563,-0.01000569,-0.013668563,0.860045516,-0.020834282
1581248846.2974913,000000000101,e78f135624ce,-84,17.88322989,8.45769348,1.90669348,0.01115326,-0.016308425,-1.0,-0.95546359,-0.015461685,-0.01015326,-0.015461685,0.955001905,-0.01684674
1581248846.7505214,000000000101,e78f135624ce,-83,17.867895943,8.479138742,1.929138742,0.001965314,-0.027034686,-1.0,-0.985138742,-0.016,-0.001965314,-0.016,0.985138742,-0.027034686
1581248847.2085037,000000000101,e78f135624ce,-74,17.859727127,8.489272873,1.936364366,0.00218138,-0.026364366,-1.0,-0.995454253,-0.015272873,-0.00118138,-0.015272873,0.994727127,-0.026364366
1581248847.6624906,000000000101,e78f135624ce,-75,17.859398462,8.479812305,1.918812305,0.011390771,-0.011007691,-0.999,-0.998,-0.014,-0.011390771,-0.014,0.998,-0.011007691
1581248849.022626,000000000101,e78f135624ce,-85,17.877215999,8.415568001,1.849136002,0.039,0.014215999,-0.999,-0.999,-0.013,-0.039,-0.014,1.0,0.013215999
1581248849.4805121,000000000101,e78f135624ce,-85,17.879,8.408249136,1.838249136,0.038,0.016,-0.999,-0.999,-0.013124568,-0.039,-0.014,1.0,0.015875432
1581248849.9422712,000000000101,e78f135624ce,-72,17.865512372,8.423162543,1.841768558,0.023837457,0.011487628,-0.999,-0.999,-0.013418729,-0.024418729,-0.013418729,1.0,0.011068899
1581248850.3916612,000000000101,e78f135624ce,-74,17.830080365,8.411504475,1.842343744,0.032151781,0.009040183,-0.999,-0.999,-0.013191963,-0.032959817,-0.013191963,1.0,0.008232146
1581248851.7444437,000000000101,e78f135624ce,-83,17.632417665,8.403947792,1.831069611,0.027982597,0.018965195,-0.999,-0.999,-0.015,-0.027982597,-0.015,1.0,0.017965195
1581248852.1984901,000000000101,e78f135624ce,-82,17.547530492,8.409046928,1.832854455,0.039065745,0.016516436,-0.998370891,-0.86742258,-0.013629109,-0.042436636,-0.014629109,0.86842258,0.014516436
1581248852.6574671,000000000101,e78f135624ce,-73,17.443847761,8.420729047,1.815821929,0.039389667,0.027118714,-0.998,-0.957449024,-0.013627095,-0.040703215,-0.014313548,0.95807612,0.026118714
1581248853.1124756,000000000101,e78f135624ce,-79,17.327022314,8.436035252,1.825246765,0.037823739,0.020823739,-0.998,-0.985823739,-0.014,-0.037858991,-0.015,0.986823739,0.020823739
1581248853.5644758,000000000101,e78f135624ce,-81,17.234622291,8.433600726,1.829600726,0.037787766,0.017787766,-0.997564749,-0.597276929,-0.008435251,-0.051870503,-0.009870503,0.598276929,0.012223017
1581248853.5674615,000000000101,e78f135624ce,-73,17.233900742,8.434023703,1.830023703,0.037514075,0.017514075,-0.99758963,-0.594117044,-0.00841037,-0.051820741,-0.009820741,0.595117044,0.011924445
1581248854.0234666,000000000101,e78f135624ce,-82,17.120863839,8.459546945,1.85866197,0.025007045,0.00789202,-0.998,-0.528105679,-0.00644601,-0.046669015,-0.00744601,0.528105679,0.00033803
1581248854.928447,000000000101,e78f135624ce,-84,16.904076582,8.406548762,1.871050138,0.031725619,0.002,-0.998474931,-0.669768569,-0.012100275,-0.039250688,-0.012625344,0.670768569,-0.001474931
1581248855.3874593,000000000101,e78f135624ce,-81,16.816849327,8.404042152,1.860605381,0.026159641,0.012117489,-0.999,-0.507190137,-0.008319283,-0.032840359,-0.009319283,0.508030496,0.004436771
1581248855.8394473,000000000101,e78f135624ce,-81,16.739186374,8.429504388,1.863796074,0.014495612,0.006725866,-0.999,-0.456403695,-0.00776097,-0.016495612,-0.008008776,0.456403695,0.000230254
1581248856.2954628,000000000101,e78f135624ce,-78,16.673248623,8.451896288,1.863067306,0.010875688,0.006818682,-0.999,-0.232332451,-0.003409341,-0.011875688,-0.004409341,0.232684786,0.000523353
1581248856.744459,000000000101,e78f135624ce,-77,16.623787312,8.412650084,1.856912521,0.030174958,0.011,-0.999,-0.276958929,-0.006174958,-0.025437396,-0.006262437,0.276958929,0.002174958
1581248856.7477016,000000000101,e78f135624ce,-82,16.623578851,8.412742733,1.856935683,0.030128634,0.011,-0.999,-0.272998168,-0.006128634,-0.025321584,-0.00619295,0.272998168,0.002128634
1581248858.117462,000000000101,e78f135624ce,-88,16.495951398,8.436043201,1.849,0.0199946,0.01,-0.9990054,0.631540018,0.0080108,0.002021601,0.0080108,-0.631540018,-0.0060054
1581248858.5685277,000000000101,e78f135624ce,-80,16.457255808,8.459496128,1.849124032,0.011751936,0.011,-1.0,0.878356607,0.012124032,0.005875968,0.012124032,-0.877918623,-0.009562016
1581248859.018456,000000000101,e78f135624ce,-78,16.417727084,8.48029375,1.844,-0.00029375,0.009,-1.0,0.960077083,0.013,-0.002195833,0.013,-0.960077083,-0.008097917
1581248859.4716315,000000000101,e78f135624ce,-82,16.369507444,8.501841573,1.84,-0.015650983,0.009,-1.0,0.986920786,0.013,-0.015920786,0.012730197,-0.986920786,-0.009
1581248859.9304645,000000000101,e78f135624ce,-85,16.32203767,8.516413527,1.836827055,-0.023413527,0.008413527,-1.0,0.995413527,0.013,-0.023413527,0.013,-0.995827055,-0.008827055
1581248860.8355398,000000000101,e78f135624ce,-74,16.229459662,8.515313898,1.843,-0.022656949,0.010656949,-1.0,0.999,0.016343051,-0.022,0.016,-0.999,-0.011
1581248861.7394679,000000000101,e78f135624ce,-86,16.136723812,8.524867399,1.844,-0.015132601,0.011,-1.0,1.0,0.015,-0.015132601,0.015,-1.0,-0.011
1581248862.1984322,000000000101,e78f135624ce,-80,16.096379115,8.530103481,1.84244826,-0.012,0.01,-1.0,1.0,0.01555174,-0.012,0.01555174,-1.0,-0.01
1581248862.6494343,000000000101,e78f135624ce,-80,16.052727158,8.529,1.839,-0.008825166,0.009,-1.0,1.0,0.015,-0.008825166,0.015,-1.0,-0.009
1581248863.1014502,000000000101,e78f135624ce,-80,15.999840677,8.510840677,1.839579072,0.002895358,0.008,-1.0,0.744190401,0.010262785,-0.011316286,0.010262785,-0.744190401,-0.006420928
1581248863.5556607,000000000101,e78f135624ce,-76,15.936840871,8.430194222,1.849910301,0.029527303,0.005880654,-0.997592044,0.023533506,-0.000855695,-0.030527303,-0.001447739,-0.022533506,-0.003303434
1581248864.0087957,000000000101,e78f135624ce,-89,15.867738782,8.394982585,1.869773611,0.029965171,0.001104487,-0.998,-0.211947756,-0.008,-0.027965171,-0.008,0.212930342,-0.003895513
1581248864.4644725,000000000101,e78f135624ce,-81,15.814522833,8.404502549,1.845025382,0.023274108,0.008974618,-0.999,-0.065588783,-0.004649745,-0.016923853,-0.004649745,0.066588783,0.003974618
1581248865.3684058,000000000101,e78f135624ce,-73,15.690314178,8.436201651,1.861654164,0.012622506,0.003069167,-0.999,-0.174377494,-0.006069167,-0.014553338,-0.006069167,0.175377494,-0.003930833
1581248865.8304453,000000000101,e78f135624ce,-92,15.62709323,8.520850628,1.851215039,-0.009579449,0.007261654,-0.999,-0.114394002,-0.005158897,-0.000841103,-0.005158897,0.114394002,0.001261654
1581248866.288429,000000000101,e78f135624ce,-81,15.571642801,8.450323367,1.840420142,0.021554681,0.012789929,-0.997,-0.280286389,-0.008592447,-0.033962234,-0.008789929,0.281483871,0.006987411
1581248866.7404246,000000000101,e78f135624ce,-79,15.506566753,8.39811918,1.828505372,0.027191305,0.013685933,-0.997,-0.2972885,-0.010187724,-0.047501791,-0.010187724,0.298476224,0.009685933
1581248867.191452,000000000101,e78f135624ce,-78,15.434288086,8.379174386,1.853375279,0.021450335,0.003387416,-0.997462472,-0.240103795,-0.012537528,-0.050150112,-0.012537528,0.241103795,-7.5056e-05
1581248867.6484268,000000000101,e78f135624ce,-84,15.344345528,8.404275068,1.865,0.001983062,-0.002155149,-0.997155149,-0.222069106,-0.013,-0.050913957,-0.013,0.222913957,-0.004
1581248868.0994098,000000000101,e78f135624ce,-80,15.257240731,8.444618387,1.885563026,-0.004933267,-0.010766683,-0.996248146,-0.283196743,-0.015503707,-0.056525952,-0.014503707,0.283700451,-0.010518537
1581248868.5574176,000000000101,e78f135624ce,-79,15.244078301,8.410298938,1.897590743,0.016590743,0.001889681,-0.996370106,-0.251533679,-0.010480425,-0.048259788,-0.010110319,0.251903785,-0.007370106
1581248869.0174165,000000000101,e78f135624ce,-71,15.191964476,8.48859739,1.843875665,0.001177622,0.013041445,-0.996994079,-0.656538787,-0.014005921,-0.012165781,-0.013017762,0.655550628,0.010041445
1581248869.472404,000000000101,e78f135624ce,-77,15.176044705,8.594027847,1.949390984,-0.024273726,-0.015273726,-0.993,-0.525463911,-0.008022353,0.007296079,-0.012022353,0.526804695,-0.026592158
1581248869.9294257,000000000101,e78f135624ce,-75,15.168742178,8.53308495,1.975929208,0.006628911,-0.003628911,-0.996,-0.415745149,-0.005985842,-0.006957525,-0.006657228,0.417416535,-0.021314455
1581248870.386435,000000000101,e78f135624ce,-78,15.146036113,8.49296163,1.971072225,0.016018056,0.007986458,-0.997,-0.441866835,-0.006997743,-0.010006771,-0.006995486,0.442869092,-0.012027084
1581248870.8414178,000000000101,e78f135624ce,-77,15.091189829,8.349394353,1.934980791,0.050680225,0.007377401,-0.995622599,-0.65917062,-0.012377401,-0.052793219,-0.012377401,0.661925423,-0.003490396
1581248871.2954326,000000000101,e78f135624ce,-83,15.010366728,8.413551804,1.914393884,0.016308991,-0.000196942,-0.997760612,-0.819208807,-0.015239388,-0.016308991,-0.015239388,0.820208807,-0.001957554
1581248872.2053804,000000000101,e78f135624ce,-85,14.943980512,8.29209744,1.933641327,0.039791432,-0.007056531,-0.995943469,-0.71045418,-0.014,-0.036508777,-0.014,0.712982445,-0.009528265
1581248872.6634789,000000000101,e78f135624ce,-75,14.919,8.217061615,1.986823783,0.055116759,-0.013794054,-0.996,-0.669719499,-0.014176217,-0.051146488,-0.012970271,0.672513553,-0.022205946
1581248873.1194549,000000000101,e78f135624ce,-80,14.884587655,8.331561039,1.979718793,0.015337998,-0.007575034,-0.992431276,-0.449369549,-0.010287517,-0.030044171,-0.009143759,0.455938273,-0.016287517
1581248873.5805774,000000000101,e78f135624ce,-87,14.807757973,8.471935722,1.938112732,-0.016048455,0.00732262,-0.995,-0.552516685,-0.012596786,0.001177503,-0.010532262,0.554984423,-0.002548331
1581248874.033417,000000000101,e78f135624ce,-81,14.800468157,8.362391168,1.921595528,0.033924427,0.011911123,-0.994,-0.514660631,-0.011417775,-0.028202944,-0.010278517,0.518660631,-0.001671101
1581248874.489391,000000000101,e78f135624ce,-81,14.75478206,8.339856109,1.876210114,0.032731488,0.012050572,-0.995579771,-0.526532817,-0.012210114,-0.029941602,-0.011,0.527742932,0.006840458
1581248874.9424186,000000000101,e78f135624ce,-74,14.683285853,8.453285324,1.917571265,0.001000088,-0.001285765,-0.997428559,-0.494429703,-0.009142882,-0.012714323,-0.009142882,0.494429703,-0.007285677
1581248875.399397,000000000101,e78f135624ce,-83,14.643195246,8.555509335,1.975588288,-0.022949914,-0.013609507,-0.991097623,-0.649797106,-0.008902377,0.012242783,-0.011707131,0.653699483,-0.021171478
1581248875.8514109,000000000101,e78f135624ce,-84,14.621358272,8.609513697,1.924112224,-0.023096417,0.016962592,-0.992358272,-0.521332451,-0.006641728,0.01820864,-0.007641728,0.522332451,0.002925184
1581248876.3104296,000000000101,e78f135624ce,-75,14.51151055,8.501955316,1.887853951,0.032796028,0.010306578,-0.993080265,-0.713219694,-0.013919735,-0.037182872,-0.014919735,0.718446008,0.007
1581248876.762962,000000000101,e78f135624ce,-77,14.412356092,8.256239626,1.945760374,0.111509148,-0.009018295,-0.988,-0.899760374,-0.019,-0.113509148,-0.01909817,0.908858545,-0.012116466
1581248877.2133994,000000000101,e78f135624ce,-73,14.333069705,8.180105451,1.898286863,0.115599643,0.006904379,-0.987904379,-0.959834674,-0.019,-0.116599643,-0.020452189,0.969930295,0.003904379
1581248878.1173918,000000000101,e78f135624ce,-80,14.181794221,7.984244176,1.868511649,0.167175582,0.017122088,-0.984,-0.981824418,-0.017824418,-0.168,-0.021648835,0.995824418,0.014122088
1581248878.5734048,000000000101,e78f135624ce,-80,14.095358369,8.068179898,1.820877325,0.135226038,0.028575465,-0.98769814,-0.987273605,-0.01615093,-0.136226038,-0.02030186,0.998424535,0.026
1581248879.0274038,000000000101,e78f135624ce,-81,14.042976738,8.323238433,1.807011631,0.021947661,0.025988369,-0.995011631,-0.995011631,-0.010005815,-0.022947661,-0.011005815,0.999,0.024988369
1581248879.480785,000000000101,e78f135624ce,-81,14.016179149,8.450109313,1.802353239,5.9716e-05,0.023353239,-0.998,-0.998646761,-0.008706478,-5.9716e-05,-0.008706478,0.999646761,0.022706478
1581248879.9364123,000000000101,e78f135624ce,-72,13.998556527,8.508359775,1.801305434,0.006916302,0.022,-0.999,-0.999,-0.009305434,-0.007610868,-0.01,1.0,0.022
1581248880.3944683,000000000101,e78f135624ce,-81,13.974167817,8.527925415,1.812962707,0.015981354,0.019,-0.999,-1.0,-0.012,-0.016962707,-0.012981354,1.0,0.019
1581248881.3004181,000000000101,e78f135624ce,-86,13.905035977,8.536664759,1.819826383,0.017149632,0.016790406,-0.999604797,-0.999802398,-0.012592805,-0.017149632,-0.012790406,1.0,0.016592805
1581248881.751423,000000000101,e78f135624ce,-80,13.874583456,8.487583456,1.792972426,0.046194485,0.024805515,-0.998,-0.998,-0.017,-0.047194485,-0.018,1.0,0.023805515
1581248882.2134502,000000000101,e78f135624ce,-79,13.852812156,8.47989266,1.778432913,0.039513417,0.026513417,-0.999,-0.999,-0.019,-0.039513417,-0.02,0.999,0.025513417
1581248882.6713948,000000000101,e78f135624ce,-68,13.818290766,8.47675966,1.76675966,0.029050425,0.028430255,-0.999,-0.999,-0.018810085,-0.02924034,-0.019810085,0.999,0.02762017
1581248883.1235118,000000000101,e78f135624ce,-67,13.789126126,8.486,1.764773137,0.015193284,0.026,-0.999,-1.0,-0.019613432,-0.015386568,-0.020613432,0.999,0.026
1581248884.0283763,000000000101,e78f135624ce,-73,13.726958241,8.496097438,1.757,0.009958241,0.028,-1.0,-1.0,-0.01998608,-0.010944321,-0.01998608,0.999,0.028
1581248884.487382,000000000101,e78f135624ce,-80,13.700024924,8.508395015,1.756092523,0.008697508,0.026604985,-1.0,-1.0,-0.019,-0.009,-0.019,0.999,0.026604985
1581248884.9463947,000000000101,e78f135624ce,-78,13.659413344,8.510382221,1.754382221,0.012382221,0.025617779,-1.0,-1.0,-0.019617779,-0.012382221,-0.019617779,0.999,0.025617779
1581248885.8583755,000000000101,e78f135624ce,-78,13.577045373,8.51086388,1.759303084,0.010393831,0.022348458,-1.0,-1.0,-0.019,-0.010393831,-0.019348458,1.0,0.022348458
1581248886.3133726,000000000101,e78f135624ce,-70,13.533060606,8.518969697,1.753272727,0.008515152,0.024242424,-1.0,-1.0,-0.019,-0.009515152,-0.019242424,0.999,0.024
1581248886.7693837,000000000101,e78f135624ce,-76,13.479227151,8.520876269,1.761752539,0.005123731,0.020123731,-1.0,-1.0,-0.017123731,-0.005123731,-0.017123731,1.0,0.020123731
1581248887.2213702,000000000101,e78f135624ce,-83,13.444266785,8.537666582,1.767400051,-6.6633e-05,0.018533316,-1.0,-1.0,-0.016,6.6633e-05,-0.016,1.0,0.018533316
1581248887.6793668,000000000101,e78f135624ce,-72,13.398733906,8.546699877,1.754233292,0.002,0.021766708,-1.0,-1.0,-0.019,-0.002233292,-0.019,1.0,0.021766708
1581248888.1334326,000000000101,e78f135624ce,-76,13.339413319,8.540723996,1.752361998,0.01239667,0.020879334,-1.0,-1.0,-0.019,-0.013276004,-0.019,1.0,0.020879334
1581248888.5863397,000000000101,e78f135624ce,-74,13.288743919,8.539256081,1.744097567,0.019548784,0.022,-0.999,-0.999451216,-0.019,-0.019548784,-0.02,1.0,0.021451216
1581248889.041369,000000000101,e78f135624ce,-73,13.228261692,8.518689134,1.745844567,0.032155433,0.021038858,-0.999,-0.999,-0.016961142,-0.032155433,-0.017,1.0,0.020038858
1581248889.5003316,000000000101,e78f135624ce,-75,13.172316244,8.496678814,1.742279802,0.034160593,0.021720198,-0.999,-0.999,-0.011720198,-0.035160593,-0.012,1.0,0.021720198
1581248889.953955,000000000101,e78f135624ce,-93,13.119546183,8.490636546,1.752907633,0.035,0.018273092,-0.999,-0.999,-0.011,-0.035,-0.011363454,1.0,0.017273092
1581248890.405915,000000000101,e78f135624ce,-71,13.085098854,8.505,1.756019771,0.03299341,0.01799341,-0.999,-0.999,-0.01399341,-0.03299341,-0.01499341,1.0,0.017986819
1581248890.8658848,000000000101,e78f135624ce,-80,13.044762463,8.515,1.75670088,0.028659824,0.018319648,-0.999,-0.999,-0.017659824,-0.028659824,-0.018659824,1.0,0.017979472
1581248891.7713606,000000000101,e78f135624ce,-73,12.965770614,8.531881959,1.735472164,0.022763918,0.024,-0.999,-0.999,-0.018881959,-0.022881959,-0.019881959,0.999118041,0.023881959
1581248892.2294865,000000000101,e78f135624ce,-75,12.898563592,8.513081048,1.731880299,0.029679551,0.02455985,-0.999,-0.999,-0.01755985,-0.029679551,-0.01855985,0.99944015,0.024
1581248892.6813524,000000000101,e78f135624ce,-83,12.852018642,8.521052058,1.749379177,0.025379177,0.02,-0.999,-0.999,-0.015189588,-0.025379177,-0.016189588,1.0,0.019
1581248893.589374,000000000101,e78f135624ce,-76,12.812755605,8.55651121,1.775633407,0.006366593,0.012244395,-0.999,-0.209152501,-0.006683296,-0.025,-0.007244395,0.209152501,0.011122198
1581248894.9503558,000000000101,e78f135624ce,-75,12.798671537,8.556627708,1.882693451,-0.01298539,0.013007305,-0.999335768,0.858102267,0.015335768,-0.016649622,0.015335768,-0.858102267,-0.012007305
1581248895.400369,000000000101,e78f135624ce,-72,12.755211231,8.559369654,1.895577538,-0.013158423,0.015894384,-0.999947192,0.895993304,0.015052808,-0.015211231,0.015,-0.895993304,-0.014841577
1581248895.859353,000000000101,e78f135624ce,-73,12.729152402,8.543013362,1.902834236,-0.005291441,0.015708559,-1.0,0.966264716,0.01656952,-0.005721921,0.01656952,-0.966264716,-0.015708559
1581248896.3133173,000000000101,e78f135624ce,-79,12.721432791,8.509812148,1.947697975,0.007244938,0.026546963,-0.999,0.988453037,0.020151012,0.008093926,0.021,-0.988453037,-0.026546963
1581248896.7714076,000000000101,e78f135624ce,-75,12.666433346,8.513819298,1.932626322,0.002361405,0.018542107,-1.0,0.996638595,0.017361405,0.002361405,0.017361405,-0.995819298,-0.018542107
1581248898.1393504,000000000101,e78f135624ce,-71,12.4860511,8.533473331,1.842419992,-0.005,-0.000842223,-1.0,1.0,0.012,-0.005,0.012,-1.0,0.000684446
1581248898.5973434,000000000101,e78f135624ce,-76,12.433015564,8.536920682,1.824698294,-0.009460341,-0.002,-1.0,1.0,0.011539659,-0.009460341,0.011539659,-1.0,0.002
1581248899.5103204,000000000101,e78f135624ce,-75,12.326198327,8.529839665,1.826,-0.01,0.003,-1.0,1.0,0.012,-0.01,0.012,-1.0,-0.003
1581248899.9623175,000000000101,e78f135624ce,-83,12.271737125,8.537403433,1.815947425,-0.013701717,0.001649142,-1.0,1.0,0.01,-0.013701717,0.01,-1.0,-0.001649142
1581248900.4133,000000000101,e78f135624ce,-74,12.212425727,8.530085145,1.817,-0.012028382,0.003,-1.0,1.0,0.01,-0.012028382,0.01,-1.0,-0.003
1581248900.866327,000000000101,e78f135624ce,-71,12.150137003,8.521419824,1.818160353,-0.01,0.003580176,-1.0,1.0,0.011580176,-0.01,0.011580176,-1.0,-0.003580176
1581248901.3193324,000000000101,e78f135624ce,-71,12.097925911,8.523942768,1.823188554,-0.011,0.006188554,-1.0,1.0,0.011811446,-0.011,0.011811446,-1.0,-0.006188554
1581248901.7713614,000000000101,e78f135624ce,-72,12.049729417,8.524584875,1.828,-0.007389917,0.008,-1.0,1.0,0.010194958,-0.007389917,0.010194958,-1.0,-0.008
1581248902.2243586,000000000101,e78f135624ce,-74,12.00134777,8.523,1.824669554,-0.004556518,0.006556518,-1.0,1.0,0.010556518,-0.004,0.01,-1.0,-0.006556518
1581248902.6764386,000000000101,e78f135624ce,-70,11.94825133,8.524074867,1.814449202,-0.002925133,0.002149734,-1.0,1.0,0.012074867,-0.002925133,0.012074867,-1.0,-0.002149734
1581248903.5904548,000000000101,e78f135624ce,-69,11.827166814,8.549093722,1.817,-0.006,0.004,-1.0,1.0,0.011635426,-0.006,0.011635426,-1.0,-0.004
1581248904.0433292,000000000101,e78f135624ce,-72,11.776337672,8.555,1.801207798,-0.006,-0.000922076,-1.0,1.0,0.009,-0.006,0.009974025,-1.0,0.000922076
1581248904.503336,000000000101,e78f135624ce,-85,11.728670612,8.554,1.80733277,-0.006,0.002,-1.0,1.0,0.008,-0.006,0.008,-1.0,-0.002
1581248904.9563255,000000000101,e78f135624ce,-74,11.680428502,8.566,1.810133366,-0.01,0.000609533,-1.0,1.0,0.011,-0.01,0.011,-1.0,-0.000609533
1581248905.4093359,000000000101,e78f135624ce,-83,11.631737,8.569122833,1.821938583,-0.011061417,0.003,-1.0,1.0,0.011,-0.011061417,0.011,-1.0,-0.003061417
1581248906.320336,000000000101,e78f135624ce,-69,11.539265252,8.550876089,1.817752179,-0.011247821,-0.001123911,-1.0,1.0,0.011,-0.011247821,0.011,-1.0,0.001123911
1581248906.7793095,000000000101,e78f135624ce,-70,11.492152576,8.549782755,1.820587066,-0.015195689,-0.001804311,-1.0,1.0,0.011195689,-0.015195689,0.011195689,-1.0,0.001804311
1581248907.2392976,000000000101,e78f135624ce,-71,11.442703803,8.552518512,1.827,-0.019518512,-0.001518512,-1.0,1.0,0.012481488,-0.019518512,0.012481488,-1.0,0.001
1581248909.046297,000000000101,e78f135624ce,-74,11.219189585,8.551074349,1.818074349,-0.006148698,-0.005,-1.0,1.0,0.01,-0.006148698,0.01,-1.0,0.005
1581248909.5013025,000000000101,e78f135624ce,-70,11.152671243,8.56285236,1.80842618,-0.005278541,-0.00742618,-1.0,1.0,0.009,-0.005278541,0.009,-1.0,0.007
1581248909.952259,000000000101,e78f135624ce,-72,11.094051553,8.560803437,1.814410311,-0.000803437,-0.003393126,-1.0,1.0,0.010196563,-0.000803437,0.010196563,-1.0,0.003393126
1581248910.4093077,000000000101,e78f135624ce,-75,11.040884798,8.556144984,1.815,0.001855016,-0.003,-1.0,1.0,0.011,0.001855016,0.011,-1.0,0.003
1581248910.8592973,000000000101,e78f135624ce,-70,10.98886434,8.547876523,1.823,0.002561739,0.0,-1.0,1.0,0.011,0.002561739,0.011,-1.0,-0.0
1581248911.3163126,000000000101,e78f135624ce,-68,10.931879229,8.54116011,1.828,0.001919945,0.001,-1.0,1.0,0.012919945,0.001919945,0.012919945,-1.0,-0.001
1581248911.7702963,000000000101,e78f135624ce,-75,10.880360885,8.535879705,1.826120295,0.001560147,-0.000439853,-1.0,1.0,0.011,0.001560147,0.011,-1.0,0.000439853
1581248912.2262633,000000000101,e78f135624ce,-78,10.825519416,8.539,1.820762422,-0.003381211,-0.001618789,-1.0,1.0,0.009,-0.003381211,0.009,-1.0,0.001618789
1581248912.6803021,000000000101,e78f135624ce,-75,10.766557378,8.534917008,1.824027664,-0.004972336,-0.001,-1.0,1.0,0.009,-0.004972336,0.009,-1.0,0.001
1581248913.1342657,000000000101,e78f135624ce,-69,10.712305027,8.536231658,1.825353668,-0.005938995,-0.002646332,-1.0,1.0,0.011,-0.005938995,0.011,-1.0,0.002646332
1581248913.588318,000000000101,e78f135624ce,-85,10.655048477,8.54605374,1.819736565,-0.006,-0.005263435,-1.0,1.0,0.010263435,-0.006263435,0.010263435,-1.0,0.005263435
1581248914.0402555,000000000101,e78f135624ce,-74,10.601645039,8.543620376,1.818253083,-0.001,-0.006873459,-1.0,1.0,0.010873459,-0.001,0.010873459,-1.0,0.006873459
1581248914.9462764,000000000101,e78f135624ce,-79,10.500741857,8.545451629,1.817849457,0.000698914,-0.003849457,-1.0,1.0,0.01,0.000698914,0.01,-1.0,0.003849457
1581248915.3973036,000000000101,e78f135624ce,-70,10.442920305,8.544754981,1.816754981,-0.000509962,-0.001245019,-1.0,1.0,0.009490038,-0.000509962,0.009490038,-1.0,0.001245019
1581248916.3102622,000000000101,e78f135624ce,-73,10.3256904,8.555,1.816046027,-0.009,0.002046027,-1.0,1.0,0.011,-0.009,0.011,-1.0,-0.002046027
1581248916.7652724,000000000101,e78f135624ce,-71,10.273143352,8.551632618,1.818,-0.010632618,0.004,-1.0,1.0,0.012632618,-0.010632618,0.012632618,-1.0,-0.004
1581248916.7683141,000000000101,e78f135624ce,-77,10.272839178,8.551654344,1.818,-0.010654344,0.004,-1.0,1.0,0.012654344,-0.010654344,0.012654344,-1.0,-0.004
1581248917.2192683,000000000101,e78f135624ce,-80,10.226128123,8.544399562,1.82586428,-0.008831702,0.00843214,-0.999695982,0.999695982,0.013520088,-0.008831702,0.013520088,-1.0,-0.009128123
1581248917.6792703,000000000101,e78f135624ce,-68,10.232036635,8.463560384,1.863091587,0.034183173,0.022036635,-0.998981683,0.998981683,0.021,0.034201491,0.022,-0.999,-0.021018317
1581248918.1352923,000000000101,e78f135624ce,-69,10.198165153,8.476328899,1.865505949,0.019647307,0.022752974,-0.998,0.212335932,0.009882436,0.048258923,0.010882436,-0.213335932,-0.00763541
1581248918.590406,000000000101,e78f135624ce,-74,10.109613631,8.563662731,1.853569091,-0.011646364,0.017784545,-0.999,-0.610130931,-0.001215455,0.033353636,-0.000215455,0.610130931,0.008215455
1581248919.0462759,000000000101,e78f135624ce,-76,10.027918582,8.566291858,1.840583716,-0.011,0.009291858,-1.0,0.304393302,0.006708142,0.006875575,0.007708142,-0.304393302,0.002145929
1581248919.4972596,000000000101,e78f135624ce,-81,9.961547233,8.57,1.829,-0.011465798,0.005,-1.0,0.681113999,0.009465798,-0.004931596,0.009465798,-0.681113999,6.8404e-05
1581248919.9472663,000000000101,e78f135624ce,-77,9.898537776,8.563081235,1.822756296,-0.011162469,0.003918765,-1.0,0.89827457,0.010918765,-0.009162469,0.010918765,-0.89827457,-0.002
1581248920.4082906,000000000101,e78f135624ce,-71,9.829262285,8.564473587,1.818236794,-0.012,0.005,-1.0,0.780240481,0.009,-0.012763206,0.009,-0.780240481,-0.001526413
1581248920.8612463,000000000101,e78f135624ce,-80,9.770061274,8.57337117,1.81462883,-0.01937117,0.004,-1.0,0.928794578,0.01,-0.01937117,0.01,-0.929165749,-0.003
1581248921.311247,000000000101,e78f135624ce,-77,9.693007783,8.576041991,1.819874027,-0.003335928,0.009874027,-1.0,0.059208517,0.004083982,-0.019,0.004083982,-0.059208517,0.005832036
1581248922.217261,000000000101,e78f135624ce,-66,9.530534237,8.56052992,1.834,0.02223504,0.01823504,-0.99976496,-0.892286245,-0.00047008,-0.025,-0.00123504,0.892286245,0.018
1581248922.677393,000000000101,e78f135624ce,-70,9.461396932,8.560077607,1.835155215,0.022922393,0.018922393,-1.0,-0.966068712,-0.002922393,-0.023922393,-0.002922393,0.966068712,0.018922393
1581248923.1302834,000000000101,e78f135624ce,-72,9.395993191,8.547880751,1.833,0.028529812,0.021470188,-0.999,-0.988589437,-0.002529812,-0.028529812,-0.003059625,0.988589437,0.021
1581248923.5892484,000000000101,e78f135624ce,-71,9.327679355,8.580381375,1.818685021,-0.017193521,0.011436438,-0.998812146,-0.008273713,-0.002,-0.047502833,-0.002,0.008085859,0.008436438
1581248924.0423017,000000000101,e78f135624ce,-72,9.236068578,8.647808673,1.792501801,-0.067935024,0.00437545,-0.997,0.674350237,-0.00562455,-0.077498199,-0.006436825,-0.677974786,0.002187725
1581248924.494234,000000000101,e78f135624ce,-74,9.116936883,8.466069112,1.783557475,0.065407969,0.018885049,-0.992557475,-0.413326866,-0.017442525,-0.116327574,-0.019885049,0.418211915,0.015885049
1581248924.9503112,000000000101,e78f135624ce,-77,9.070895344,8.421883817,1.786732595,0.070639466,0.020895344,-0.995104656,-0.813442138,-0.016581374,-0.08722084,-0.018476718,0.817337481,0.019
1581248925.4092321,000000000101,e78f135624ce,-68,9.05691579,8.468168419,1.80708421,0.04191579,0.017228948,-0.998,-0.940421048,-0.008,-0.046602633,-0.009,0.942421048,0.016228948
1581248925.8622882,000000000101,e78f135624ce,-78,9.030088718,8.502646952,1.818970427,0.030323476,0.015,-0.999,-0.980617379,-0.005323476,-0.032323476,-0.006,0.980940855,0.014676524
1581248926.323242,000000000101,e78f135624ce,-68,8.990296913,8.510876286,1.824950515,0.033024743,0.014024743,-0.999,-0.992950515,-0.006975257,-0.033049485,-0.007,0.993950515,0.013049485
1581248926.7782338,000000000101,e78f135624ce,-78,8.949462295,8.511307541,1.829346229,0.036346229,0.012653771,-0.999,-0.997653771,-0.006653771,-0.036346229,-0.007,0.998,0.012653771
1581248927.2382371,000000000101,e78f135624ce,-73,8.907583033,8.509895758,1.833736161,0.039368081,0.011631919,-0.999,-0.999,-0.005,-0.039368081,-0.005368081,0.999,0.011263839
1581248927.7002332,000000000101,e78f135624ce,-71,8.86384051,8.511903376,1.834,0.039096624,0.011096624,-0.999,-0.999,-0.005903376,-0.039096624,-0.006903376,1.0,0.011096624
1581248928.1532319,000000000101,e78f135624ce,-67,8.8203474,8.502304309,1.827608618,0.043695691,0.014,-0.999,-0.999,-0.007391382,-0.043695691,-0.007695691,1.0,0.013
1581248928.611245,000000000101,e78f135624ce,-79,8.770976143,8.503,1.836058027,0.042,0.009627982,-0.999,-0.999,-0.004313991,-0.042313991,-0.005,1.0,0.009627982
1581248929.070227,000000000101,e78f135624ce,-78,8.714647902,8.503768606,1.835,0.041138836,0.010953721,-0.999,-0.999,-0.004046279,-0.041138836,-0.004092557,1.0,0.010953721
1581248929.5243578,000000000101,e78f135624ce,-69,8.663637487,8.512986612,1.836805355,0.034805355,0.009,-0.999,-0.999,-0.004597322,-0.034805355,-0.004597322,1.0,0.009
1581248929.5272305,000000000101,e78f135624ce,-65,8.663328119,8.5130971,1.83676116,0.03476116,0.009,-0.999,-0.999,-0.00461942,-0.03476116,-0.00461942,1.0,0.009
1581248929.9802241,000000000101,e78f135624ce,-68,8.613648172,8.516546998,1.832,0.033484334,0.01,-0.999,-0.999,-0.005742167,-0.033484334,-0.006,1.0,0.01
1581248930.437245,000000000101,e78f135624ce,-75,8.562103776,8.527842318,1.835921159,0.031078841,0.009,-0.999,-0.999,-0.005078841,-0.031078841,-0.006078841,1.0,0.009
1581248930.8901992,000000000101,e78f135624ce,-80,8.514650669,8.527470889,1.829412667,0.032,0.013058222,-0.999,-0.999,-0.006,-0.032,-0.006,1.0,0.012529111
1581248931.3422244,000000000101,e78f135624ce,-71,8.469189515,8.52312932,1.832,0.035,0.01112932,-0.999,-0.999,-0.006,-0.035,-0.00612932,1.0,0.011
1581248931.7982082,000000000101,e78f135624ce,-68,8.416849767,8.522219213,1.831876851,0.036780787,0.013561574,-0.999,-0.999,-0.005,-0.036780787,-0.006,1.0,0.013561574
1581248932.25124,000000000101,e78f135624ce,-67,8.361288105,8.523,1.836677974,0.038,0.012161013,-0.999,-0.999,-0.005,-0.038,-0.005,1.0,0.012161013
1581248932.7082028,000000000101,e78f135624ce,-77,8.308850299,8.529646246,1.843,0.036265316,0.011,-0.999,-0.999,-0.005088439,-0.036265316,-0.005176877,1.0,0.011
1581248933.160198,000000000101,e78f135624ce,-74,8.258867717,8.512825394,1.841,0.043391535,0.014,-0.999,-0.999,-0.005695768,-0.043391535,-0.006695768,1.0,0.013304232
1581248934.065217,000000000101,e78f135624ce,-71,8.149325643,8.493618633,1.831176752,0.049734871,0.016,-0.999,-0.999,-0.006,-0.049734871,-0.007,1.0,0.015911624
1581248934.519231,000000000101,e78f135624ce,-73,8.09674748,8.494,1.826094797,0.050557886,0.016115772,-0.999,-0.999,-0.007557886,-0.050557886,-0.008557886,1.0,0.015673658
1581248934.9782102,000000000101,e78f135624ce,-68,8.046364881,8.504030635,1.826484683,0.050727024,0.014515317,-0.998757659,-0.998757659,-0.007242341,-0.050727024,-0.008,1.0,0.013757659
1581248935.4349809,000000000101,e78f135624ce,-77,7.986661036,8.494195416,1.834804584,0.060804584,0.012,-0.998,-0.998,-0.005097708,-0.060804584,-0.005195416,1.0,0.012
1581248935.884206,000000000101,e78f135624ce,-79,7.926659063,8.494590919,1.82556818,0.06613636,0.01443182,-0.998,-0.998,-0.00813636,-0.06656818,-0.00913636,1.0,0.014
1581248936.3382297,000000000101,e78f135624ce,-69,7.871764514,8.511972296,1.830069261,0.062027704,0.012986148,-0.998,-0.998,-0.005972296,-0.062027704,-0.006972296,1.0,0.011986148
1581248936.7901952,000000000101,e78f135624ce,-68,7.814315504,8.504996657,1.838335562,0.065,0.010667781,-0.998,-0.998,-0.005664438,-0.065,-0.006332219,1.0,0.01
1581248937.7013311,000000000101,e78f135624ce,-71,7.708438354,8.501966962,1.847801772,0.049966962,0.009066076,-0.999,-0.999,-0.006,-0.049966962,-0.006033038,1.0,0.009066076
1581248938.1572306,000000000101,e78f135624ce,-65,7.649024121,8.494,1.848,0.044435463,0.008,-0.999,-0.999,-0.007,-0.044435463,-0.008,1.0,0.008
1581248938.6181962,000000000101,e78f135624ce,-65,7.596133309,8.49143138,1.844003932,0.033854896,0.008854896,-0.999,-0.999,-0.007,-0.03456862,-0.008,1.0,0.008854896
1581248939.5332086,000000000101,e78f135624ce,-67,7.470995797,8.507530895,1.841823035,0.018234552,0.007588483,-1.0,-1.0,-0.009411517,-0.018234552,-0.009411517,1.0,0.007176965
1581248939.9862146,000000000101,e78f135624ce,-78,7.405368147,8.499,1.844680972,0.02,0.005773009,-1.0,-1.0,-0.007,-0.02,-0.007,1.0,0.005773009
1581248940.446197,000000000101,e78f135624ce,-77,7.337226025,8.497087573,1.851,0.022912427,0.003912427,-1.0,-1.0,-0.009087573,-0.022912427,-0.009087573,1.0,0.003
1581248940.9037018,000000000101,e78f135624ce,-68,7.275950612,8.498,1.845650204,0.025116599,0.008116599,-1.0,-1.0,-0.006,-0.025116599,-0.006,1.0,0.007674898
1581248941.3602087,000000000101,e78f135624ce,-75,7.223453858,8.507804143,1.841412429,0.027587571,0.008391714,-0.999804143,-0.999804143,-0.006804143,-0.027587571,-0.007804143,1.0,0.008195857
1581248941.8123603,000000000101,e78f135624ce,-75,7.168996383,8.506749096,1.845250904,0.036438178,0.006374548,-0.999,-0.999,-0.008625452,-0.036438178,-0.008625452,1.0,0.006374548
1581248942.2632005,000000000101,e78f135624ce,-78,7.108743088,8.515434574,1.839869149,0.042303723,0.009565426,-0.999,-0.999,-0.008130851,-0.042303723,-0.008565426,1.0,0.009
1581248942.2663038,000000000101,e78f135624ce,-75,7.108289535,8.515458446,1.839916891,0.042375337,0.009541554,-0.999,-0.999,-0.008083109,-0.042375337,-0.008541554,1.0,0.009
1581248942.7141912,000000000101,e78f135624ce,-75,7.041848403,8.51388484,1.834575799,0.04911516,0.010769681,-0.999,-0.999,-0.01194242,-0.05005758,-0.012,1.0,0.009769681
1581248943.1762261,000000000101,e78f135624ce,-74,6.976333947,8.509253997,1.837730013,0.051,0.009507995,-0.999,-0.999,-0.010253997,-0.051,-0.011,1.0,0.008507995
1581248943.631236,000000000101,e78f135624ce,-76,6.903949386,8.500371085,1.84503132,0.04651566,0.006113255,-0.999,-0.999,-0.009628915,-0.04651566,-0.010628915,1.0,0.006113255
1581248944.9931762,000000000101,e78f135624ce,-74,6.726352962,8.494438917,1.84396379,0.026719459,0.006438917,-1.0,-1.0,-0.008280541,-0.026719459,-0.008280541,1.0,0.006158376
1581248945.4481764,000000000101,e78f135624ce,-78,6.676710786,8.507786764,1.845426472,0.020071079,0.005928921,-1.0,-1.0,-0.011857843,-0.020071079,-0.011857843,1.0,0.005857843
1581248945.9001715,000000000101,e78f135624ce,-77,6.626223177,8.505027897,1.847458154,0.019486051,0.006513949,-1.0,-1.0,-0.009,-0.02,-0.009513949,1.0,0.006
1581248946.360171,000000000101,e78f135624ce,-72,6.578224107,8.506570625,1.853143125,0.018020714,0.005877589,-1.0,-0.960338928,-0.008632768,-0.018755179,-0.008632768,0.960338928,0.006
1581248946.8131776,000000000101,e78f135624ce,-69,6.614012803,8.585676415,1.864084097,-0.006197439,0.008521024,-0.999,0.290283422,0.009042048,-0.018394879,0.009042048,-0.290283422,-0.004281536
1581248947.7211914,000000000101,e78f135624ce,-78,6.585172252,8.691413874,1.881482658,-0.026413874,0.012793063,-0.999,0.52755437,0.011206937,-0.024517342,0.011103468,-0.52855437,-0.008896532
1581248948.1791658,000000000101,e78f135624ce,-82,6.553257635,8.695247455,1.872749636,-0.029998546,0.012248909,-0.999,0.618752545,0.011250364,-0.030748182,0.010500727,-0.619502182,-0.006749636
1581248948.6313643,000000000101,e78f135624ce,-70,6.499684923,8.705904,1.854890462,-0.039315077,0.005630154,-0.999,0.691672003,0.009630154,-0.041315077,0.009630154,-0.692672003,-0.003945231
1581248949.0871694,000000000101,e78f135624ce,-63,6.455089885,8.694659411,1.850408707,-0.042523175,0.005068118,-0.998068118,0.739596923,0.01,-0.048659411,0.009931882,-0.740596923,-0.004
1581248950.4541876,000000000101,e78f135624ce,-69,6.313025227,8.666061137,1.865417273,-0.042104318,0.011,-0.999,0.855492953,0.013104318,-0.043,0.013104318,-0.856492953,-0.009208636
1581248950.9081829,000000000101,e78f135624ce,-75,6.26292615,8.639339991,1.885123084,-0.030975383,0.016536925,-0.999,0.948196934,0.014975383,-0.030975383,0.014487692,-0.948196934,-0.015536925
1581248951.3591616,000000000101,e78f135624ce,-73,6.222508857,8.620037976,1.90158481,-0.031311393,0.018792405,-0.999,0.982518988,0.017103798,-0.030311393,0.017103798,-0.98341519,-0.018896202
1581248951.816197,000000000101,e78f135624ce,-67,6.160704053,8.61675495,1.895122525,-0.031704053,0.017295947,-0.999,0.993765316,0.015234684,-0.031704053,0.015234684,-0.994530631,-0.017295947
1581248952.2702196,000000000101,e78f135624ce,-73,6.126590408,8.59205822,1.860588356,-0.026646576,0.011,-0.999,0.946586304,0.013823288,-0.027646576,0.013823288,-0.946586304,-0.009411644
1581248953.182184,000000000101,e78f135624ce,-77,5.959753642,8.628287682,1.856863046,-0.041712318,0.01,-0.999,0.993424636,0.015287682,-0.041712318,0.014287682,-0.994424636,-0.010287682
1581248953.6422276,000000000101,e78f135624ce,-67,5.885240207,8.634552178,1.859206518,-0.042517393,0.012861956,-0.999,0.997,0.016241304,-0.041896741,0.015620652,-0.998,-0.013482607
1581248954.093222,000000000101,e78f135624ce,-69,5.824643201,8.635758799,1.8441072,-0.0399196,0.0080536,-0.999,0.998,0.0159732,-0.0399196,0.0159732,-0.999,-0.0090268
1581248954.5441675,000000000101,e78f135624ce,-67,5.772062117,8.618,1.859575153,-0.034404141,0.012595859,-0.999,0.999,0.016191718,-0.034,0.015595859,-1.0,-0.013
1581248954.5471559,000000000101,e78f135624ce,-58,5.771717309,8.618,1.859713076,-0.034381154,0.012618846,-0.999,0.999,0.016237692,-0.034,0.015618846,-1.0,-0.013
1581248954.9971678,000000000101,e78f135624ce,-58,5.676438954,8.649343231,1.855468646,-0.044937292,0.009,-0.999,0.999,0.016,-0.044937292,0.015234323,-1.0,-0.009234323
1581248956.3571622,000000000101,e78f135624ce,-71,5.502925327,8.649008297,1.853995852,-0.040004148,0.005995852,-0.999,0.999,0.016004148,-0.040004148,0.016,-1.0,-0.006
1581248956.8141992,000000000101,e78f135624ce,-74,5.447465142,8.650696381,1.868125333,-0.039,0.009910857,-0.999,0.999,0.018910857,-0.039,0.018607238,-1.0,-0.010607238
1581248957.2691264,000000000101,e78f135624ce,-73,5.386515885,8.653369894,1.864378971,-0.038497731,0.007876702,-0.999,0.999,0.018625567,-0.038123298,0.017625567,-1.0,-0.008876702
1581248957.7281554,000000000101,e78f135624ce,-66,5.308037217,8.672736044,1.862427522,-0.040163565,0.006754652,-0.999,0.999,0.018,-0.040163565,0.018,-1.0,-0.007754652
1581248959.0871465,000000000101,e78f135624ce,-74,5.130816227,8.67527942,1.856,-0.01927942,0.007,-1.0,1.0,0.018,-0.01927942,0.01786029,-1.0,-0.00713971
1581248959.5431948,000000000101,e78f135624ce,-67,5.065305295,8.674977093,1.85646564,-0.020488547,0.007977093,-1.0,1.0,0.017,-0.020488547,0.017,-1.0,-0.008488547
1581248959.9941187,000000000101,e78f135624ce,-77,5.000392657,8.678598164,1.858464219,-0.022732109,0.009732109,-1.0,1.0,0.017866055,-0.022732109,0.017,-1.0,-0.009732109
1581248960.4451723,000000000101,e78f135624ce,-72,4.952941689,8.672474442,1.854839455,-0.024211662,0.007788338,-1.0,0.999262779,0.018262779,-0.023474442,0.018262779,-1.0,-0.007788338
1581248960.44817,000000000101,e78f135624ce,-91,4.952566984,8.672524402,1.854664592,-0.024286603,0.007713397,-1.0,0.999237799,0.018237799,-0.023524402,0.018237799,-1.0,-0.007713397
1581248960.9011314,000000000101,e78f135624ce,-77,4.827710639,8.66326383,1.863374469,-0.009076596,0.003591489,-0.999,0.139757453,0.000408511,-0.028851064,0.000408511,-0.139757453,-0.003668085
1581248961.3591206,000000000101,e78f135624ce,-64,4.750315833,8.621738407,1.841597549,-0.001778652,0.009100613,-0.999,0.008486422,-0.000120735,-0.041,-0.000140858,-0.008486422,0.001140858
1581248961.8121142,000000000101,e78f135624ce,-63,4.69337205,8.66488385,1.82462795,-0.008598912,0.011686025,-0.999,-0.267823926,-0.00637205,-0.026343013,-0.00637205,0.267823926,0.004686025
1581248963.1651673,000000000101,e78f135624ce,-73,4.469076926,8.59823076,1.80076924,-0.005897432,0.012948716,-0.999,-0.365666691,-0.009487179,-0.017615389,-0.01,0.365666691,0.011461537
1581248963.6201303,000000000101,e78f135624ce,-73,4.402769429,8.61066439,1.802901791,-0.00855252,0.00866439,-0.999,-0.384294626,-0.00877626,-0.00077626,-0.00877626,0.384294626,0.00744065
1581248964.0711386,000000000101,e78f135624ce,-65,4.357198291,8.615264058,1.846443275,-0.002726406,0.002094377,-1.0,-0.274178227,-0.006452812,-0.001726406,-0.006452812,0.274178227,-0.003452812
1581248964.5317357,000000000101,e78f135624ce,-64,4.316846613,8.647159352,1.863766937,-0.008386451,0.003269919,-1.0,-0.171166387,-0.004153387,-0.010153387,-0.004153387,0.171166387,-0.005153387
1581248964.9851367,000000000101,e78f135624ce,-67,4.291221758,8.702870293,1.840518828,-0.020129707,0.00580544,-0.999,-0.15664436,-0.004870293,-0.006324267,-0.004870293,0.15664436,0.002870293
1581248967.2532165,000000000101,e78f135624ce,-65,4.144538293,8.542674465,1.842621276,0.022,0.011621276,-1.0,0.984757448,0.019,0.022,0.019,-0.984757448,-0.010621276
1581248967.7071097,000000000101,e78f135624ce,-64,4.101137758,8.515247026,1.84346556,0.023,0.010821853,-1.0,0.994643707,0.018,0.023,0.018,-0.994821853,-0.010643707
