1581248844.0203974,b827ebfd7811,e78f135624ce,-72,18.001,8.381,1.872,0.021,0.006,-1.002,0.997,0.024,0.021,0.024,-1.002,-0.01
1581248844.4742963,b827ebfd7811,e78f135624ce,-71,17.999,8.395236328,1.869190918,0.015286377,0.006095459,-1.001,0.998,0.023,0.015286377,0.023904541,-1.001,-0.008190918
1581248845.3837867,b827ebfd7811,e78f135624ce,-74,17.937708552,8.420291448,1.868499762,0.021541806,-0.001874821,-1.0,-0.563039183,-0.00662494,-0.016750119,-0.00662494,0.563039183,-0.004666508
1581248845.8405063,b827ebfd7811,e78f135624ce,-75,17.903030884,8.447294538,1.902263654,0.011410923,-0.019852731,-1.0,-0.860931082,-0.013705462,-0.010116385,-0.013705462,0.860931082,-0.020852731
1581248846.2984521,b827ebfd7811,e78f135624ce,-72,17.883177481,8.457763358,1.906763358,0.011118321,-0.016352099,-1.0,-0.955585877,-0.01547042,-0.010118321,-0.01547042,0.955115458,-0.016881679
1581248846.7516568,b827ebfd7811,e78f135624ce,-71,17.867864979,8.479180028,1.929180028,0.001954993,-0.027045007,-1.0,-0.985180028,-0.016,-0.001954993,-0.016,0.985180028,-0.027045007
1581248847.659142,b827ebfd7811,e78f135624ce,-75,17.859374543,8.480003653,1.919003653,0.01124726,-0.011127283,-0.999,-0.998,-0.014,-0.01124726,-0.014,0.998,-0.011127283
1581248848.112969,b827ebfd7811,e78f135624ce,-76,17.866044736,8.454955264,1.884642114,0.024955264,0.006134207,-0.999,-0.999,-0.013,-0.024955264,-0.014,0.999,0.005134207
1581248848.5700052,b827ebfd7811,e78f135624ce,-72,17.872666357,8.432668216,1.86100186,0.033666357,0.012666357,-0.999,-0.999,-0.013,-0.034332713,-0.014,1.0,0.012332713
1581248849.0245223,b827ebfd7811,e78f135624ce,-70,17.877231803,8.415536395,1.849072789,0.039,0.014231803,-0.999,-0.999,-0.013,-0.039,-0.014,1.0,0.013231803
1581248849.4826288,b827ebfd7811,e78f135624ce,-70,17.879,8.408216572,1.838216572,0.038,0.016,-0.999,-0.999,-0.013108286,-0.039,-0.014,1.0,0.015891714
1581248849.9388738,b827ebfd7811,e78f135624ce,-76,17.865669178,8.423110274,1.842003767,0.023889726,0.011330822,-0.999,-0.999,-0.013444863,-0.024444863,-0.013444863,1.0,0.010885959
1581248850.389265,b827ebfd7811,e78f135624ce,-78,17.830264681,8.411744085,1.842214723,0.032041191,0.009132341,-0.999,-0.999,-0.013173532,-0.032867659,-0.013173532,1.0,0.008305872
1581248850.8441117,b827ebfd7811,e78f135624ce,-88,17.782824279,8.393,1.842435144,0.031564856,0.009376571,-0.999,-0.999,-0.014,-0.032376571,-0.014811715,1.0,0.009376571
1581248851.294431,b827ebfd7811,e78f135624ce,-74,17.71044354,8.403818333,1.851011458,0.021783959,0.005590834,-0.999,-0.999,-0.015,-0.021783959,-0.015,1.0,0.004988542
1581248851.7450893,b827ebfd7811,e78f135624ce,-72,17.63229847,8.403962691,1.831049745,0.027987564,0.018975127,-0.999,-0.999,-0.015,-0.027987564,-0.015,1.0,0.017975127
1581248852.1999059,b827ebfd7811,e78f135624ce,-75,17.547280017,8.408840014,1.832800004,0.039239988,0.016559997,-0.998360001,-0.867879969,-0.013639999,-0.042599989,-0.014639999,0.868879969,0.014559997
1581248853.1136048,b827ebfd7811,e78f135624ce,-74,17.326749436,8.436025843,1.825180898,0.037870787,0.020870787,-0.998,-0.985870787,-0.014,-0.03789663,-0.015,0.986870787,0.020870787
1581248853.5653255,b827ebfd7811,e78f135624ce,-75,17.234416941,8.433721104,1.829721104,0.037709874,0.017709874,-0.99757183,-0.596377638,-0.00842817,-0.051856341,-0.009856341,0.597377638,0.012138044
1581248854.0204573,b827ebfd7811,e78f135624ce,-74,17.121666325,8.459822799,1.858812436,0.024781346,0.007791709,-0.998,-0.524720192,-0.006395855,-0.046593782,-0.007395855,0.524720192,0.000187564
1581248854.4719257,b827ebfd7811,e78f135624ce,-80,17.019527902,8.446284444,1.851237531,0.022096791,0.010571852,-0.998,-0.503014819,-0.007190617,-0.042953087,-0.007381235,0.504014819,0.005762469
1581248854.9300578,b827ebfd7811,e78f135624ce,-87,16.903791602,8.40677179,1.871025357,0.031614105,0.002,-0.998487322,-0.666423156,-0.012050713,-0.039126784,-0.012563392,0.667423156,-0.001487322
1581248855.3873377,b827ebfd7811,e78f135624ce,-75,16.816873646,8.404047764,1.860619411,0.026158706,0.012110942,-0.999,-0.507060125,-0.008317412,-0.032841294,-0.009317412,0.50790142,0.004428353
1581248855.8404293,b827ebfd7811,e78f135624ce,-71,16.738927471,8.429522243,1.863983556,0.014477757,0.006627661,-0.999,-0.458046392,-0.007805608,-0.016477757,-0.008044487,0.458046392,0.000149905
1581248856.2953966,b827ebfd7811,e78f135624ce,-70,16.673261879,8.451910146,1.863075741,0.01086906,0.006813862,-0.999,-0.23219507,-0.003406931,-0.01186906,-0.004406931,0.232546803,0.000517328
1581248856.745482,b827ebfd7811,e78f135624ce,-69,16.623721544,8.412679314,1.856919828,0.030160343,0.011,-0.999,-0.275709342,-0.006160343,-0.025400858,-0.006240515,0.275709342,0.002160343
1581248857.2029586,b827ebfd7811,e78f135624ce,-77,16.561446016,8.418294287,1.849758647,0.023312631,0.014312631,-0.999,-0.383218035,-0.006848271,-0.016544812,-0.007848271,0.383218035,0.005544812
1581248857.664325,b827ebfd7811,e78f135624ce,-73,16.515,8.382442179,1.852,0.035299319,0.011,-0.999,-0.179612192,-0.003299319,-0.024238093,-0.003299319,0.180612192,0.000979591
1581248858.1171389,b827ebfd7811,e78f135624ce,-75,16.495972166,8.436024741,1.849,0.019996907,0.01,-0.999003093,0.631309263,0.008006185,0.002012371,0.008006185,-0.631309263,-0.006003093
1581248858.5695724,b827ebfd7811,e78f135624ce,-69,16.457141835,8.45957211,1.849143027,0.011713945,0.011,-1.0,0.878717521,0.012143027,0.005856973,0.012143027,-0.878289035,-0.009571514
1581248859.0200474,b827ebfd7811,e78f135624ce,-72,16.417554677,8.480333536,1.844,-0.000333536,0.009,-1.0,0.960222965,0.013,-0.002222357,0.013,-0.960222965,-0.008111179
1581248859.4728928,b827ebfd7811,e78f135624ce,-74,16.369381321,8.501919187,1.84,-0.015699492,0.009,-1.0,0.986959594,0.013,-0.015959594,0.012739898,-0.986959594,-0.009
1581248860.3840775,b827ebfd7811,e78f135624ce,-73,16.276319539,8.51988659,1.840170115,-0.02488659,0.01,-1.0,0.998056705,0.015056705,-0.02488659,0.015056705,-0.999,-0.010056705
1581248860.835429,b827ebfd7811,e78f135624ce,-70,16.229471672,8.51531205,1.843,-0.022656025,0.010656025,-1.0,0.999,0.016343975,-0.022,0.016,-0.999,-0.011
1581248861.2891748,b827ebfd7811,e78f135624ce,-72,16.182753117,8.52,1.846,-0.020188279,0.012,-1.0,1.0,0.016,-0.019458853,0.015270574,-1.0,-0.012729426
1581248861.7407308,b827ebfd7811,e78f135624ce,-72,16.136597522,8.524877114,1.844,-0.015122886,0.011,-1.0,1.0,0.015,-0.015122886,0.015,-1.0,-0.011
1581248862.1992126,b827ebfd7811,e78f135624ce,-74,16.096307083,8.530115486,1.842442257,-0.012,0.01,-1.0,1.0,0.015557743,-0.012,0.015557743,-1.0,-0.01
1581248862.6502879,b827ebfd7811,e78f135624ce,-74,16.052641804,8.529,1.839,-0.0088186,0.009,-1.0,1.0,0.015,-0.0088186,0.015,-1.0,-0.009
1581248863.102367,b827ebfd7811,e78f135624ce,-72,15.999664972,8.510664972,1.83959435,0.002971751,0.008,-1.0,0.741715256,0.010216949,-0.011377401,0.010216949,-0.741715256,-0.00640565
1581248863.5555356,b827ebfd7811,e78f135624ce,-74,15.936861733,8.430247419,1.849869621,0.029510614,0.0058963,-0.997593087,0.023856861,-0.000848393,-0.030510614,-0.00144148,-0.022856861,-0.003289874
1581248864.461126,b827ebfd7811,e78f135624ce,-70,15.814960445,8.403987712,1.844948157,0.023454301,0.009051843,-0.999,-0.067854066,-0.004701229,-0.017155529,-0.004701229,0.068854066,0.004051843
1581248864.9129102,b827ebfd7811,e78f135624ce,-73,15.755658064,8.398594623,1.840063441,0.026063441,0.008886021,-0.998721505,-0.121126883,-0.007,-0.021341936,-0.007,0.121405377,0.002607527
1581248865.369826,b827ebfd7811,e78f135624ce,-72,15.690089304,8.436509374,1.861713341,0.012515986,0.003057332,-0.999,-0.174484014,-0.006057332,-0.014458654,-0.006057332,0.175484014,-0.003942668
1581248865.8313024,b827ebfd7811,e78f135624ce,-67,15.626906223,8.520983092,1.851285166,-0.009587241,0.007238278,-0.999,-0.115609548,-0.005174481,-0.000825519,-0.005174481,0.115609548,0.001238278
1581248867.1892965,b827ebfd7811,e78f135624ce,-78,15.434611417,8.378835658,1.853529246,0.021635096,0.003341226,-0.997447075,-0.242197749,-0.012552925,-0.050211699,-0.012552925,0.243197749,-0.000105849
1581248867.6492062,b827ebfd7811,e78f135624ce,-72,15.344178516,8.404464349,1.865,0.00191069,-0.002160716,-0.997160716,-0.222035703,-0.013,-0.050874987,-0.013,0.222874987,-0.004
1581248868.101749,b827ebfd7811,e78f135624ce,-74,15.257134408,8.443108587,1.886286029,-0.004167734,-0.010958066,-0.996226882,-0.288321558,-0.015546237,-0.056823659,-0.014546237,0.288867795,-0.010731185
1581248868.559053,b827ebfd7811,e78f135624ce,-75,15.243840437,8.410150273,1.897694809,0.016694809,0.001845082,-0.996384973,-0.254848908,-0.010539891,-0.048230055,-0.010154918,0.25523388,-0.007384973
1581248869.4704294,b827ebfd7811,e78f135624ce,-77,15.17613584,8.593405095,1.948828988,-0.024152214,-0.015152214,-0.993,-0.527089143,-0.00806792,0.007220134,-0.01206792,0.528445116,-0.026440267
1581248869.9311028,b827ebfd7811,e78f135624ce,-72,15.168535774,8.532852745,1.976122712,0.006732113,-0.003732113,-0.996,-0.416441764,-0.006024542,-0.007073627,-0.006683028,0.418100249,-0.021366057
1581248870.3866425,b827ebfd7811,e78f135624ce,-71,15.146008456,8.492991016,1.971016912,0.016004228,0.007996829,-0.997,-0.441968819,-0.006999472,-0.010001585,-0.006998943,0.442969347,-0.012006342
1581248870.8432007,b827ebfd7811,e78f135624ce,-73,15.090788677,8.350048081,1.935099651,0.050338503,0.007362544,-0.995637456,-0.658888329,-0.012362544,-0.052525785,-0.012362544,0.661613416,-0.003549826
1581248871.295729,b827ebfd7811,e78f135624ce,-70,15.010339562,8.413423384,1.91441858,0.016353444,-0.00020929,-0.997758142,-0.819334758,-0.015241858,-0.016353444,-0.015241858,0.820334758,-0.001967432
1581248871.7520611,b827ebfd7811,e78f135624ce,-83,15.001112653,8.339337958,1.920972252,0.033112653,-0.000887347,-0.997,-0.525180363,-0.011225305,-0.025225305,-0.010337958,0.527067711,-0.008211431
1581248872.2055628,b827ebfd7811,e78f135624ce,-75,14.944004363,8.291978185,1.933648342,0.039830716,-0.007059337,-0.995940663,-0.710402269,-0.014,-0.036534031,-0.014,0.712931937,-0.009529668
1581248872.6652877,b827ebfd7811,e78f135624ce,-83,14.919,8.217673851,1.986879441,0.054921956,-0.01378014,-0.996,-0.666254798,-0.014120559,-0.051021258,-0.012900699,0.669034937,-0.02221986
1581248873.1208904,b827ebfd7811,e78f135624ce,-74,14.884372327,8.333594692,1.97965898,0.014644164,-0.007527184,-0.992395388,-0.448257021,-0.010263592,-0.029458001,-0.009131796,0.454861634,-0.016263592
1581248874.0310893,b827ebfd7811,e78f135624ce,-73,14.800681528,8.363729585,1.920955416,0.033517083,0.012202084,-0.994,-0.512061385,-0.011359583,-0.027756805,-0.010239722,0.516061385,-0.001438333
1581248874.4911091,b827ebfd7811,e78f135624ce,-71,14.754544177,8.340305443,1.876196899,0.032559683,0.011984494,-0.995606203,-0.525052657,-0.012196899,-0.029756582,-0.011,0.526249556,0.006787595
1581248874.943961,b827ebfd7811,e78f135624ce,-71,14.683155348,8.45365311,1.917725498,0.00091704,-0.001238308,-0.997440423,-0.493361937,-0.009119154,-0.012678731,-0.009119154,0.493361937,-0.007321269
1581248875.4008393,b827ebfd7811,e78f135624ce,-76,14.643217438,8.554998936,1.976109782,-0.022716906,-0.013565125,-0.991108719,-0.648410153,-0.008891281,0.012043062,-0.011673844,0.652301434,-0.021304625
1581248875.852146,b827ebfd7811,e78f135624ce,-78,14.621371636,8.60925309,1.924172364,-0.022969454,0.016942545,-0.992371636,-0.520617453,-0.006628364,0.018141818,-0.007628364,0.521617453,0.002885091
1581248876.7603004,b827ebfd7811,e78f135624ce,-81,14.412812383,8.256867027,1.945132973,0.111414087,-0.008828174,-0.988,-0.899132973,-0.019,-0.113414087,-0.019117183,0.908250155,-0.011945356
1581248877.2112594,b827ebfd7811,e78f135624ce,-70,14.333207279,8.181190759,1.898195147,0.115248064,0.006934951,-0.987934951,-0.959727672,-0.019,-0.116248064,-0.020467475,0.969792721,0.003934951
1581248877.662213,b827ebfd7811,e78f135624ce,-77,14.329898561,7.999534173,1.935720504,0.143004137,-0.005542446,-0.986817806,-0.978182194,-0.019817806,-0.143004137,-0.019817806,0.989546583,-0.008542446
1581248878.1189888,b827ebfd7811,e78f135624ce,-68,14.181315142,7.984389351,1.868221298,0.167161065,0.017194675,-0.984,-0.981838935,-0.017838935,-0.168,-0.02167787,0.995838935,0.014194675
1581248878.5746424,b827ebfd7811,e78f135624ce,-66,14.095155848,8.069271264,1.820821069,0.134595971,0.028564214,-0.987743145,-0.987307359,-0.016128428,-0.135595971,-0.020256855,0.998435786,0.026
1581248879.0286956,b827ebfd7811,e78f135624ce,-66,14.04293368,8.323679782,1.80703316,0.02185078,0.02596684,-0.99503316,-0.99503316,-0.01001658,-0.02285078,-0.01101658,0.999,0.02496684
1581248879.4817863,b827ebfd7811,e78f135624ce,-68,14.016109825,8.45032499,1.802345536,3.6608e-05,0.023345536,-0.998,-0.998654464,-0.008691072,-3.6608e-05,-0.008691072,0.999654464,0.022691072
1581248879.93709,b827ebfd7811,e78f135624ce,-67,13.99851483,8.508417109,1.801310646,0.006931939,0.022,-0.999,-0.999,-0.009310646,-0.007621293,-0.01,1.0,0.022
1581248880.3915114,b827ebfd7811,e78f135624ce,-71,13.974389582,8.527826852,1.812913426,0.015956713,0.019,-0.999,-1.0,-0.012,-0.016913426,-0.012956713,1.0,0.019
1581248880.8421073,b827ebfd7811,e78f135624ce,-66,13.956545011,8.52618492,1.816635034,0.027270069,0.018454989,-0.999,-0.999,-0.012545011,-0.027725057,-0.012545011,1.0,0.018
1581248881.3016891,b827ebfd7811,e78f135624ce,-72,13.904877101,8.536378782,1.819709874,0.017372059,0.016832773,-0.999583613,-0.999791807,-0.01262458,-0.017372059,-0.012832773,1.0,0.01662458
1581248881.7526937,b827ebfd7811,e78f135624ce,-73,13.87455413,8.48755413,1.79292355,0.04618471,0.02481529,-0.998,-0.998,-0.017,-0.04718471,-0.018,1.0,0.02381529
1581248882.2141666,b827ebfd7811,e78f135624ce,-68,13.852735,8.479848571,1.778405357,0.039518929,0.026518929,-0.999,-0.999,-0.019,-0.039518929,-0.02,0.999,0.025518929
1581248882.669474,b827ebfd7811,e78f135624ce,-66,13.818423754,8.476700554,1.766700554,0.029124308,0.028474585,-0.999,-0.999,-0.018824862,-0.029299446,-0.019824862,0.999,0.027649723
1581248883.1207292,b827ebfd7811,e78f135624ce,-69,13.789381196,8.486,1.764865889,0.015216472,0.026,-0.999,-1.0,-0.019567055,-0.015432945,-0.020567055,0.999,0.026
1581248883.5728238,b827ebfd7811,e78f135624ce,-72,13.757309793,8.492537261,1.766152946,0.01023137,0.02623137,-1.0,-1.0,-0.017,-0.01023137,-0.017,0.999384315,0.025615685
1581248884.0297065,b827ebfd7811,e78f135624ce,-71,13.726924987,8.496175029,1.757,0.009924987,0.028,-1.0,-1.0,-0.019974996,-0.010899983,-0.019974996,0.999,0.028
1581248884.946685,b827ebfd7811,e78f135624ce,-66,13.659386539,8.510384455,1.754384455,0.012384455,0.025615545,-1.0,-1.0,-0.019615545,-0.012384455,-0.019615545,0.999,0.025615545
1581248885.4032192,b827ebfd7811,e78f135624ce,-69,13.608348665,8.500899795,1.750450924,0.018849692,0.025849692,-0.999050103,-1.0,-0.019949897,-0.019849692,-0.019949897,0.999050103,0.025849692
1581248885.859249,b827ebfd7811,e78f135624ce,-72,13.577021549,8.510935354,1.759318968,0.010362065,0.022340516,-1.0,-1.0,-0.019,-0.010362065,-0.019340516,1.0,0.022340516
1581248886.3151503,b827ebfd7811,e78f135624ce,-67,13.532931322,8.519034339,1.753224246,0.008482831,0.024258585,-1.0,-1.0,-0.019,-0.009482831,-0.019258585,0.999,0.024
1581248886.7709253,b827ebfd7811,e78f135624ce,-80,13.479028944,8.520887281,1.761774562,0.005112719,0.020112719,-1.0,-1.0,-0.017112719,-0.005112719,-0.017112719,1.0,0.020112719
1581248887.2220213,b827ebfd7811,e78f135624ce,-73,13.444234229,8.537689836,1.767386098,-7.5935e-05,0.018537967,-1.0,-1.0,-0.016,7.5935e-05,-0.016,1.0,0.018537967
1581248888.13169,b827ebfd7811,e78f135624ce,-78,13.339730155,8.540819047,1.752409523,0.012317461,0.020863492,-1.0,-1.0,-0.019,-0.013180953,-0.019,1.0,0.020863492
1581248888.5867264,b827ebfd7811,e78f135624ce,-77,13.288726341,8.539273659,1.744090536,0.019545268,0.022,-0.999,-0.999454732,-0.019,-0.019545268,-0.02,1.0,0.021454732
1581248889.0429,b827ebfd7811,e78f135624ce,-74,13.228019264,8.518587059,1.745793529,0.032206471,0.021051618,-0.999,-0.999,-0.016948382,-0.032206471,-0.017,1.0,0.020051618
1581248889.5020719,b827ebfd7811,e78f135624ce,-71,13.172061904,8.496598496,1.742266416,0.034200752,0.021733584,-0.999,-0.999,-0.011733584,-0.035200752,-0.012,1.0,0.021733584
1581248889.9560885,b827ebfd7811,e78f135624ce,-72,13.119480534,8.490620134,1.753038932,0.035,0.018240267,-0.999,-0.999,-0.011,-0.035,-0.011379866,1.0,0.017240267
1581248890.405394,b827ebfd7811,e78f135624ce,-70,13.085163973,8.505,1.756032795,0.032989068,0.017989068,-0.999,-0.999,-0.013989068,-0.032989068,-0.014989068,1.0,0.017978137
1581248890.8619668,b827ebfd7811,e78f135624ce,-70,13.045219556,8.515,1.756864127,0.028627175,0.018254349,-0.999,-0.999,-0.017627175,-0.028627175,-0.018627175,1.0,0.017881524
1581248891.3128836,b827ebfd7811,e78f135624ce,-75,13.007,8.520054061,1.746127411,0.022691117,0.022218147,-0.999,-0.999,-0.018218147,-0.022909264,-0.019218147,1.0,0.022218147
1581248891.7727659,b827ebfd7811,e78f135624ce,-78,12.965608471,8.531892769,1.735428926,0.022785537,0.024,-0.999,-0.999,-0.018892769,-0.022892769,-0.019892769,0.999107231,0.023892769
1581248892.2303846,b827ebfd7811,e78f135624ce,-72,12.898397785,8.513032687,1.731866482,0.029700277,0.024566759,-0.999,-0.999,-0.017566759,-0.029700277,-0.018566759,0.999433241,0.024
1581248892.68267,b827ebfd7811,e78f135624ce,-73,12.851805777,8.521001375,1.74939945,0.02539945,0.02,-0.999,-0.999,-0.015199725,-0.02539945,-0.016199725,1.0,0.019
1581248893.1354032,b827ebfd7811,e78f135624ce,-77,12.821307795,8.541467432,1.772644955,0.018467432,0.014177523,-0.999,-0.747378005,-0.012822477,-0.025822477,-0.013644955,0.747555528,0.011822477
1581248894.0441227,b827ebfd7811,e78f135624ce,-71,12.849432643,8.545505551,1.826927092,-0.001,0.011061806,-1.0,0.590922283,0.009185418,-0.011814582,0.009185418,-0.590922283,-0.003247224
1581248894.4946775,b827ebfd7811,e78f135624ce,-71,12.83884943,8.549473866,1.866706819,-0.009413638,0.013323295,-0.999323295,0.779399442,0.012676705,-0.015060228,0.012676705,-0.779399442,-0.011
1581248894.9510934,b827ebfd7811,e78f135624ce,-76,12.798682885,8.556536918,1.882755869,-0.012951344,0.013024328,-0.999341443,0.85834059,0.015341443,-0.016609902,0.015341443,-0.85834059,-0.012024328
1581248895.4024942,b827ebfd7811,e78f135624ce,-75,12.755140389,8.559245681,1.895719222,-0.013105292,0.015929806,-0.999964903,0.896666305,0.015035097,-0.015140389,0.015,-0.896666305,-0.014894708
1581248895.8614287,b827ebfd7811,e78f135624ce,-80,12.729058053,8.542881274,1.903060673,-0.005234832,0.015765168,-1.0,0.966472284,0.016588389,-0.005646442,0.016588389,-0.966472284,-0.015765168
1581248896.3153498,b827ebfd7811,e78f135624ce,-71,12.721118674,8.510033877,1.94766102,0.007152551,0.026491531,-0.999,0.988508469,0.02016949,0.007983061,0.021,-0.988508469,-0.026491531
1581248896.768665,b827ebfd7811,e78f135624ce,-70,12.666805546,8.513799708,1.932802627,0.002400584,0.018600876,-1.0,0.996599416,0.017400584,0.002400584,0.017400584,-0.995799708,-0.018600876
1581248897.2240129,b827ebfd7811,e78f135624ce,-79,12.603903958,8.529519236,1.911711597,-0.003,0.014076944,-1.0,0.999,0.013,-0.003,0.013,-0.998480764,-0.013557708
1581248898.1405084,b827ebfd7811,e78f135624ce,-77,12.485914245,8.533441749,1.842325247,-0.005,-0.00085275,-1.0,1.0,0.012,-0.005,0.012,-1.0,0.000705501
1581248899.0536523,b827ebfd7811,e78f135624ce,-71,12.375363253,8.528694633,1.82471057,-0.010173658,0.000942114,-1.0,1.0,0.011057886,-0.010173658,0.011057886,-1.0,-0.000942114
1581248899.5116565,b827ebfd7811,e78f135624ce,-72,12.326044162,8.529808832,1.826,-0.01,0.003,-1.0,1.0,0.012,-0.01,0.012,-1.0,-0.003
1581248899.9642005,b827ebfd7811,e78f135624ce,-72,12.271519853,8.537461373,1.815903971,-0.013730686,0.001634657,-1.0,1.0,0.01,-0.013730686,0.01,-1.0,-0.001634657
1581248900.414767,b827ebfd7811,e78f135624ce,-74,12.212242353,8.530048471,1.817,-0.012016157,0.003,-1.0,1.0,0.01,-0.012016157,0.01,-1.0,-0.003
1581248900.8666084,b827ebfd7811,e78f135624ce,-76,12.150097148,8.521417479,1.818165041,-0.01,0.003582521,-1.0,1.0,0.011582521,-0.01,0.011582521,-1.0,-0.003582521
1581248901.3208165,b827ebfd7811,e78f135624ce,-72,12.097789864,8.524004607,1.823200921,-0.011,0.006200921,-1.0,1.0,0.011799079,-0.011,0.011799079,-1.0,-0.006200921
1581248901.7721288,b827ebfd7811,e78f135624ce,-74,12.049646767,8.524567164,1.828,-0.00737811,0.008,-1.0,1.0,0.010189055,-0.00737811,0.010189055,-1.0,-0.008
1581248902.2253878,b827ebfd7811,e78f135624ce,-70,12.00122901,8.523,1.824645802,-0.004548601,0.006548601,-1.0,1.0,0.010548601,-0.004,0.01,-1.0,-0.006548601
1581248902.6780183,b827ebfd7811,e78f135624ce,-69,11.94812981,8.524087019,1.814522114,-0.002912981,0.002174038,-1.0,1.0,0.012087019,-0.002912981,0.012087019,-1.0,-0.002174038
1581248903.1328473,b827ebfd7811,e78f135624ce,-72,11.891514476,8.541871381,1.818564309,-0.006,0.004282155,-1.0,1.0,0.011282155,-0.006,0.011282155,-1.0,-0.004282155
1581248903.5921578,b827ebfd7811,e78f135624ce,-80,11.826939744,8.549136298,1.817,-0.006,0.004,-1.0,1.0,0.011621234,-0.006,0.011621234,-1.0,-0.004
1581248904.0450032,b827ebfd7811,e78f135624ce,-72,11.776170278,8.555,1.801104787,-0.006,-0.000960705,-1.0,1.0,0.009,-0.006,0.009986902,-1.0,0.000960705
1581248904.504198,b827ebfd7811,e78f135624ce,-70,11.728577768,8.554,1.807346033,-0.006,0.002,-1.0,1.0,0.008,-0.006,0.008,-1.0,-0.002
1581248904.956069,b827ebfd7811,e78f135624ce,-71,11.680458103,8.566,1.810119552,-0.01,0.000605586,-1.0,1.0,0.011,-0.01,0.011,-1.0,-0.000605586
1581248905.8629286,b827ebfd7811,e78f135624ce,-73,11.58784438,8.563933306,1.813,-0.011488884,-0.001,-1.0,1.0,0.008,-0.011488884,0.008488884,-1.0,0.001
1581248906.321743,b827ebfd7811,e78f135624ce,-74,11.539086191,8.550863299,1.817726599,-0.011273401,-0.001136701,-1.0,1.0,0.011,-0.011273401,0.011,-1.0,0.001136701
1581248906.78061,b827ebfd7811,e78f135624ce,-82,11.492050388,8.549745596,1.820559197,-0.015186399,-0.001813601,-1.0,1.0,0.011186399,-0.015186399,0.011186399,-1.0,0.001813601
1581248907.6928618,b827ebfd7811,e78f135624ce,-81,11.388384407,8.552439516,1.825626344,-0.019626344,-0.003186828,-1.0,1.0,0.012813172,-0.019626344,0.012813172,-1.0,0.003
1581248908.1429167,b827ebfd7811,e78f135624ce,-77,11.341027715,8.550783735,1.820432531,-0.016,-0.004783735,-1.0,1.0,0.011,-0.016,0.011,-1.0,0.004783735
1581248908.5938382,b827ebfd7811,e78f135624ce,-82,11.281261372,8.545987301,1.820012699,-0.008987301,-0.004324867,-1.0,1.0,0.01,-0.008987301,0.01,-1.0,0.004324867
1581248909.0462477,b827ebfd7811,e78f135624ce,-80,11.219195226,8.551074702,1.818074702,-0.006149403,-0.005,-1.0,1.0,0.01,-0.006149403,0.01,-1.0,0.005
1581248909.5027645,b827ebfd7811,e78f135624ce,-79,11.152468815,8.562829868,1.808414934,-0.005244802,-0.007414934,-1.0,1.0,0.009,-0.005244802,0.009,-1.0,0.007
1581248909.9543514,b827ebfd7811,e78f135624ce,-74,11.093810127,8.560787342,1.814362025,-0.000787342,-0.003425316,-1.0,1.0,0.010212658,-0.000787342,0.010212658,-1.0,0.003425316
1581248910.4103947,b827ebfd7811,e78f135624ce,-78,11.040767045,8.556135927,1.815,0.001864073,-0.003,-1.0,1.0,0.011,0.001864073,0.011,-1.0,0.003
1581248911.3164182,b827ebfd7811,e78f135624ce,-95,10.931866907,8.54116187,1.828,0.001919065,0.001,-1.0,1.0,0.012919065,0.001919065,0.012919065,-1.0,-0.001
1581248912.2259648,b827ebfd7811,e78f135624ce,-85,10.825558451,8.539,1.820757829,-0.003378915,-0.001621085,-1.0,1.0,0.009,-0.003378915,0.009,-1.0,0.001621085
1581248912.6818528,b827ebfd7811,e78f135624ce,-79,10.766366526,8.534881224,1.824039592,-0.004960408,-0.001,-1.0,1.0,0.009,-0.004960408,0.009,-1.0,0.001
1581248913.134928,b827ebfd7811,e78f135624ce,-84,10.712222236,8.536259255,1.825348149,-0.005955553,-0.002651851,-1.0,1.0,0.011,-0.005955553,0.011,-1.0,0.002651851
1581248913.5893457,b827ebfd7811,e78f135624ce,-78,10.654920028,8.546087992,1.819728002,-0.006,-0.005271998,-1.0,1.0,0.010271998,-0.006271998,0.010271998,-1.0,0.005271998
1581248914.041891,b827ebfd7811,e78f135624ce,-72,10.601481484,8.543658119,1.818227921,-0.001,-0.00688604,-1.0,1.0,0.01088604,-0.001,0.01088604,-1.0,0.00688604
1581248914.4954498,b827ebfd7811,e78f135624ce,-72,10.553068013,8.545942402,1.82,-0.000471201,-0.005,-1.0,1.0,0.01,-0.000471201,0.01,-1.0,0.005
1581248914.9460862,b827ebfd7811,e78f135624ce,-70,10.50076381,8.545447238,1.817850921,0.000701841,-0.003850921,-1.0,1.0,0.01,0.000701841,0.01,-1.0,0.003850921
1581248915.8530605,b827ebfd7811,e78f135624ce,-85,10.384712062,8.549,1.815669504,-0.004330496,0.0,-1.0,1.0,0.011,-0.004330496,0.011,-1.0,0.0
1581248916.3115547,b827ebfd7811,e78f135624ce,-82,10.325551922,8.555,1.816036795,-0.009,0.002036795,-1.0,1.0,0.011,-0.009,0.011,-1.0,-0.002036795
1581248916.7664497,b827ebfd7811,e78f135624ce,-75,10.273025621,8.551641027,1.818,-0.010641027,0.004,-1.0,1.0,0.012641027,-0.010641027,0.012641027,-1.0,-0.004
1581248917.2201943,b827ebfd7811,e78f135624ce,-85,10.226174423,8.544234202,1.825970111,-0.008719257,0.008485055,-0.999689368,0.999689368,0.01355316,-0.008719257,0.01355316,-1.0,-0.009174423
1581248918.135828,b827ebfd7811,e78f135624ce,-77,10.198033656,8.476479876,1.865486468,0.019574253,0.022743234,-0.998,0.210417055,0.009858084,0.048229701,0.010858084,-0.211417055,-0.007601318
1581248918.5924363,b827ebfd7811,e78f135624ce,-72,10.109152183,8.563976516,1.853532175,-0.011701738,0.017766087,-0.999,-0.612198221,-0.001233913,0.033298262,-0.000233913,0.612198221,0.008233913
1581248919.046606,b827ebfd7811,e78f135624ce,-72,10.027871409,8.566287141,1.840574282,-0.011,0.009287141,-1.0,0.30496881,0.006712859,0.006861423,0.007712859,-0.30496881,0.00214357
1581248919.4987204,b827ebfd7811,e78f135624ce,-74,9.961367443,8.57,1.829,-0.011477035,0.005,-1.0,0.682226446,0.009477035,-0.00495407,0.009477035,-0.682226446,4.593e-05
1581248919.9489753,b827ebfd7811,e78f135624ce,-74,9.898301148,8.563094381,1.822716858,-0.011188761,0.003905619,-1.0,0.898642659,0.010905619,-0.009188761,0.010905619,-0.898642659,-0.002
1581248920.859082,b827ebfd7811,e78f135624ce,-74,9.770349856,8.573353134,1.814646866,-0.019353134,0.004,-1.0,0.928415814,0.01,-0.019353134,0.01,-0.928768948,-0.003
1581248921.3093152,b827ebfd7811,e78f135624ce,-74,9.693364443,8.576056852,1.819829445,-0.003454814,0.009829445,-1.0,0.064944786,0.004113704,-0.019,0.004113704,-0.064944786,0.005772593
1581248921.7631085,b827ebfd7811,e78f135624ce,-80,9.60807033,8.568587712,1.828587712,0.014175425,0.015175425,-1.0,-0.658648351,-0.000412288,-0.021412288,-0.001,0.658648351,0.013763137
1581248922.2168937,b827ebfd7811,e78f135624ce,-87,9.530587934,8.560535572,1.834,0.022232214,0.018232214,-0.999767786,-0.892198634,-0.000464428,-0.025,-0.001232214,0.892198634,0.018
1581248922.6787374,b827ebfd7811,e78f135624ce,-71,9.461195265,8.560066404,1.835132807,0.022933596,0.018933596,-1.0,-0.966203157,-0.002933596,-0.023933596,-0.002933596,0.966203157,0.018933596
1581248923.131434,b827ebfd7811,e78f135624ce,-67,9.395830188,8.547842397,1.833,0.028539401,0.021460599,-0.999,-0.988618202,-0.002539401,-0.028539401,-0.003078801,0.988618202,0.021
1581248924.0391788,b827ebfd7811,e78f135624ce,-73,9.236717161,8.647400306,1.792693974,-0.067670786,0.004423493,-0.997,0.671707864,-0.005576507,-0.077306026,-0.00636476,-0.675284371,0.002211747
1581248924.4922807,b827ebfd7811,e78f135624ce,-70,9.11731253,8.466610043,1.783572501,0.065122477,0.018854998,-0.992572501,-0.410667289,-0.017427499,-0.116282496,-0.019854998,0.415522287,0.015854998
1581248924.9514756,b827ebfd7811,e78f135624ce,-74,9.070886386,8.422045046,1.786795296,0.070523022,0.020886386,-0.995113614,-0.813907912,-0.016545545,-0.087068567,-0.018431932,0.817794298,0.019
1581248925.4106054,b827ebfd7811,e78f135624ce,-72,9.056870014,8.468259972,1.807129986,0.041870014,0.017217504,-0.998,-0.94064993,-0.008,-0.046522525,-0.009,0.94264993,0.016217504
1581248925.8636293,b827ebfd7811,e78f135624ce,-78,9.029978991,8.502671335,1.819007003,0.030335668,0.015,-0.999,-0.980678338,-0.005335668,-0.032335668,-0.006,0.981014006,0.014664332
1581248926.3205674,b827ebfd7811,e78f135624ce,-73,8.990526162,8.510780766,1.824912306,0.033043847,0.014043847,-0.999,-0.992912306,-0.006956153,-0.033087694,-0.007,0.993912306,0.013087694
1581248926.7788665,b827ebfd7811,e78f135624ce,-69,8.949417098,8.51131658,1.82934171,0.03634171,0.01265829,-0.999,-0.99765829,-0.00665829,-0.03634171,-0.007,0.998,0.01265829
1581248927.2394536,b827ebfd7811,e78f135624ce,-70,8.90747877,8.509869692,1.833753538,0.039376769,0.011623231,-0.999,-0.999,-0.005,-0.039376769,-0.005376769,0.999,0.011246462
1581248928.1515937,b827ebfd7811,e78f135624ce,-84,8.820511218,8.502319202,1.827638403,0.043680798,0.014,-0.999,-0.999,-0.007361597,-0.043680798,-0.007680798,1.0,0.013
1581248928.612663,b827ebfd7811,e78f135624ce,-79,8.770769872,8.503,1.836019351,0.042,0.009653766,-0.999,-0.999,-0.004326883,-0.042326883,-0.005,1.0,0.009653766
1581248929.0702224,b827ebfd7811,e78f135624ce,-78,8.714648355,8.503768445,1.835,0.041138933,0.010953689,-0.999,-0.999,-0.004046311,-0.041138933,-0.004092622,1.0,0.010953689
1581248929.5252774,b827ebfd7811,e78f135624ce,-81,8.663538455,8.51302198,1.836791208,0.034791208,0.009,-0.999,-0.999,-0.004604396,-0.034791208,-0.004604396,1.0,0.009
1581248930.4370925,b827ebfd7811,e78f135624ce,-80,8.56212155,8.527839779,1.835919889,0.031080111,0.009,-0.999,-0.999,-0.005080111,-0.031080111,-0.006080111,1.0,0.009
1581248930.8911097,b827ebfd7811,e78f135624ce,-83,8.514559617,8.527463301,1.829389904,0.032,0.013073397,-0.999,-0.999,-0.006,-0.032,-0.006,1.0,0.012536699
1581248931.3443754,b827ebfd7811,e78f135624ce,-78,8.468938563,8.523147245,1.832,0.035,0.011147245,-0.999,-0.999,-0.006,-0.035,-0.006147245,1.0,0.011
1581248931.7989538,b827ebfd7811,e78f135624ce,-76,8.416775214,8.522213478,1.831853912,0.036786522,0.013573044,-0.999,-0.999,-0.005,-0.036786522,-0.006,1.0,0.013573044
1581248932.2519212,b827ebfd7811,e78f135624ce,-72,8.36120427,8.523,1.836698933,0.038,0.012150534,-0.999,-0.999,-0.005,-0.038,-0.005,1.0,0.012150534
1581248933.6132581,b827ebfd7811,e78f135624ce,-79,8.204517166,8.504,1.834695398,0.045,0.016,-0.999,-0.999,-0.005695398,-0.045,-0.006695398,1.0,0.015304602
1581248934.06577,b827ebfd7811,e78f135624ce,-82,8.149261848,8.493588862,1.831168246,0.04974763,0.016,-0.999,-0.999,-0.006,-0.04974763,-0.007,1.0,0.015915877
1581248934.5202732,b827ebfd7811,e78f135624ce,-87,8.096643267,8.494,1.826038682,0.050565903,0.016131805,-0.999,-0.999,-0.007565903,-0.050565903,-0.008565903,1.0,0.015697708
1581248934.979092,b827ebfd7811,e78f135624ce,-81,8.04626315,8.504003507,1.826498247,0.05074737,0.014501753,-0.998750877,-0.998750877,-0.007249123,-0.05074737,-0.008,1.0,0.013750877
1581248935.4351707,b827ebfd7811,e78f135624ce,-81,7.98663415,8.494192253,1.834807747,0.060807747,0.012,-0.998,-0.998,-0.005096126,-0.060807747,-0.005192253,1.0,0.012
1581248935.8849545,b827ebfd7811,e78f135624ce,-74,7.926543402,8.49463174,1.825561377,0.066122753,0.014438623,-0.998,-0.998,-0.008122753,-0.066561377,-0.009122753,1.0,0.014
1581248936.7886744,b827ebfd7811,e78f135624ce,-75,7.814489318,8.505029247,1.838313835,0.065,0.010656918,-0.998,-0.998,-0.005686165,-0.065,-0.006343082,1.0,0.01
1581248937.243706,b827ebfd7811,e78f135624ce,-73,7.759628556,8.50532857,1.84567143,0.05832857,0.008664285,-0.998,-0.998,-0.006335715,-0.05832857,-0.007,1.0,0.008
1581248937.7033465,b827ebfd7811,e78f135624ce,-80,7.708193633,8.501952567,1.8477154,0.049952567,0.009094867,-0.999,-0.999,-0.006,-0.049952567,-0.006047433,1.0,0.009094867
1581248938.1570752,b827ebfd7811,e78f135624ce,-90,7.649043906,8.494,1.848,0.044441116,0.008,-0.999,-0.999,-0.007,-0.044441116,-0.008,1.0,0.008
1581248939.0736415,b827ebfd7811,e78f135624ce,-74,7.534399754,8.497186634,1.842466585,0.026,0.008813366,-1.0,-1.0,-0.007,-0.026,-0.007906683,1.0,0.008813366
1581248939.5340369,b827ebfd7811,e78f135624ce,-75,7.470887485,8.507569123,1.841810292,0.018215439,0.007594854,-1.0,-1.0,-0.009405146,-0.018215439,-0.009405146,1.0,0.007189708
1581248939.9865828,b827ebfd7811,e78f135624ce,-80,7.40532284,8.499,1.844689467,0.02,0.005770178,-1.0,-1.0,-0.007,-0.02,-0.007,1.0,0.005770178
1581248940.4464445,b827ebfd7811,e78f135624ce,-70,7.337197152,8.497085511,1.851,0.022914489,0.003914489,-1.0,-1.0,-0.009085511,-0.022914489,-0.009085511,1.0,0.003
1581248940.9009762,b827ebfd7811,e78f135624ce,-79,7.276359452,8.498,1.845786484,0.025071172,0.008071172,-1.0,-1.0,-0.006,-0.025071172,-0.006,1.0,0.007606758
1581248941.3620093,b827ebfd7811,e78f135624ce,-80,7.2232588,8.507789138,1.841367415,0.027632585,0.008421723,-0.999789138,-0.999789138,-0.006789138,-0.027632585,-0.007789138,1.0,0.008210862
1581248941.8137197,b827ebfd7811,e78f135624ce,-81,7.168829065,8.506707266,1.845292734,0.03646955,0.006353633,-0.999,-0.999,-0.008646367,-0.03646955,-0.008646367,1.0,0.006353633
1581248942.2653372,b827ebfd7811,e78f135624ce,-83,7.1084308,8.515451011,1.839902021,0.042353032,0.009548989,-0.999,-0.999,-0.008097979,-0.042353032,-0.008548989,1.0,0.009
1581248942.714929,b827ebfd7811,e78f135624ce,-83,7.041734879,8.513873488,1.834632561,0.049126512,0.010746976,-0.999,-0.999,-0.011936744,-0.050063256,-0.012,1.0,0.009746976
1581248943.175891,b827ebfd7811,e78f135624ce,-79,6.97639261,8.509256791,1.837716045,0.051,0.009513582,-0.999,-0.999,-0.010256791,-0.051,-0.011,1.0,0.008513582
1581248943.6290336,b827ebfd7811,e78f135624ce,-78,6.904298117,8.500352731,1.845178154,0.046589077,0.006058192,-0.999,-0.999,-0.009647269,-0.046589077,-0.010647269,1.0,0.006058192
1581248944.082702,b827ebfd7811,e78f135624ce,-84,6.839462,8.4929384,1.8283388,0.0371232,0.0119076,-0.999,-0.999,-0.0080616,-0.0371232,-0.0090308,1.0,0.0118768
1581248944.5348916,b827ebfd7811,e78f135624ce,-73,6.781377141,8.509007143,1.838,0.026195714,0.007,-0.999601429,-0.999601429,-0.009398571,-0.026195714,-0.009797143,1.0,0.006601429
1581248944.9940436,b827ebfd7811,e78f135624ce,-79,6.726266225,8.494425573,1.844010494,0.026712787,0.006425573,-1.0,-1.0,-0.008287213,-0.026712787,-0.008287213,1.0,0.00613836
1581248945.4494374,b827ebfd7811,e78f135624ce,-71,6.676605703,8.507818289,1.845363422,0.02006057,0.00593943,-1.0,-1.0,-0.011878859,-0.02006057,-0.011878859,1.0,0.005878859
1581248945.901037,b827ebfd7811,e78f135624ce,-74,6.626097292,8.505012162,1.847481758,0.019493919,0.006506081,-1.0,-1.0,-0.009,-0.02,-0.009506081,1.0,0.006
1581248946.3586946,b827ebfd7811,e78f135624ce,-77,6.578089877,8.506288743,1.853237086,0.018128098,0.005891012,-1.0,-0.964687973,-0.008673037,-0.018782025,-0.008673037,0.964687973,0.006
1581248946.8111813,b827ebfd7811,e78f135624ce,-83,6.613656325,8.585776229,1.863970024,-0.006268735,0.008492506,-0.999,0.286846973,0.008985012,-0.01853747,0.008985012,-0.286846973,-0.004238759
1581248947.2623565,b827ebfd7811,e78f135624ce,-85,6.602819962,8.65893762,1.871627447,-0.025385029,0.01320499,-0.999,0.581987524,0.01120499,-0.026590019,0.010602495,-0.582987524,-0.006807486
1581248947.722634,b827ebfd7811,e78f135624ce,-72,6.585089814,8.691455093,1.881431134,-0.026455093,0.012772453,-0.999,0.528904297,0.011227547,-0.024568866,0.011113773,-0.529904297,-0.008886227
1581248948.1804807,b827ebfd7811,e78f135624ce,-92,6.553006613,8.695331129,1.87276159,-0.030046359,0.01228477,-0.999,0.618668871,0.01123841,-0.030807949,0.01047682,-0.619430461,-0.00676159
1581248948.6324215,b827ebfd7811,e78f135624ce,-93,6.499675313,8.705779064,1.854948124,-0.039324687,0.005649375,-0.999,0.692546553,0.009649375,-0.041324687,0.009649375,-0.693546553,-0.003974062
1581248949.086773,b827ebfd7811,e78f135624ce,-82,6.455135199,8.69464525,1.850425699,-0.042503351,0.00507095,-0.99807095,0.739330708,0.01,-0.04864525,0.00992905,-0.740330708,-0.004
1581248949.5435555,b827ebfd7811,e78f135624ce,-81,6.41517698,8.688276114,1.846955755,-0.051729208,0.007591151,-0.998,0.849375249,0.012182302,-0.055138057,0.011182302,-0.850784097,-0.005182302
1581248949.9939754,b827ebfd7811,e78f135624ce,-80,6.375014446,8.677209766,1.857629298,-0.052790234,0.01,-0.998,0.849019937,0.011419532,-0.053790234,0.011209766,-0.850019937,-0.008209766
1581248950.454896,b827ebfd7811,e78f135624ce,-85,6.312854044,8.666114262,1.865393661,-0.042098415,0.011,-0.999,0.854955793,0.013098415,-0.043,0.013098415,-0.855955793,-0.009196831
1581248951.360302,b827ebfd7811,e78f135624ce,-85,6.222280786,8.620133006,1.901546798,-0.031339902,0.018773399,-0.999,0.982566503,0.017113301,-0.030339902,0.017113301,-0.983453202,-0.018886699
1581248951.816336,b827ebfd7811,e78f135624ce,-75,6.160700845,8.616737842,1.895131079,-0.031700845,0.017299155,-0.999,0.993766385,0.015233615,-0.031700845,0.015233615,-0.99453277,-0.017299155
1581248952.2684646,b827ebfd7811,e78f135624ce,-86,6.126833408,8.59199072,1.860601856,-0.026592576,0.011,-0.999,0.946370304,0.013796288,-0.027592576,0.013796288,-0.946370304,-0.009398144
1581248952.7232544,b827ebfd7811,e78f135624ce,-89,6.050488776,8.607705238,1.875496259,-0.034251871,0.015798503,-0.999,0.982251871,0.017,-0.034251871,0.016050374,-0.983201497,-0.015798503
1581248953.1835957,b827ebfd7811,e78f135624ce,-75,5.959518362,8.628275918,1.856827754,-0.041724082,0.01,-0.999,0.993448164,0.015275918,-0.041724082,0.014275918,-0.994448164,-0.010275918
1581248953.6430247,b827ebfd7811,e78f135624ce,-78,5.885034306,8.634631881,1.859140099,-0.04254396,0.01284203,-0.999,0.997,0.01622802,-0.041929951,0.01561401,-0.998,-0.01345604
1581248954.0939953,b827ebfd7811,e78f135624ce,-79,5.824500414,8.635812345,1.844083402,-0.039937448,0.008041701,-0.999,0.998,0.015979149,-0.039937448,0.015979149,-0.999,-0.009020851
1581248954.545449,b827ebfd7811,e78f135624ce,-83,5.771914252,8.618,1.859634299,-0.034394283,0.012605717,-0.999,0.999,0.016211433,-0.034,0.015605717,-1.0,-0.013
1581248954.9968276,b827ebfd7811,e78f135624ce,-91,5.676512233,8.64931706,1.855463412,-0.044926824,0.009,-0.999,0.999,0.016,-0.044926824,0.015231706,-1.0,-0.009231706
1581248955.4537108,b827ebfd7811,e78f135624ce,-83,5.61419121,8.650649751,1.862566833,-0.043324875,0.010783416,-0.999,0.999,0.016,-0.042433167,0.015,-1.0,-0.010891708
1581248955.9039905,b827ebfd7811,e78f135624ce,-82,5.560402791,8.647289581,1.856280558,-0.04042986,0.007140279,-0.999,0.999,0.015,-0.04042986,0.014,-1.0,-0.008140279
1581248956.3585527,b827ebfd7811,e78f135624ce,-78,5.502697798,8.649033578,1.853983211,-0.040016789,0.005983211,-0.999,0.999,0.016016789,-0.040016789,0.016,-1.0,-0.006
1581248956.8152761,b827ebfd7811,e78f135624ce,-82,5.447326679,8.650704073,1.868071486,-0.039,0.00988778,-0.999,0.999,0.01888778,-0.039,0.018591853,-1.0,-0.010591853
1581248957.270465,b827ebfd7811,e78f135624ce,-85,5.386248188,8.653455939,1.864312047,-0.038535973,0.00784802,-0.999,0.999,0.018616007,-0.03815198,0.017616007,-1.0,-0.00884802
1581248958.1827455,b827ebfd7811,e78f135624ce,-77,5.23963096,8.687,1.857147616,-0.037926192,0.006073808,-0.999,0.999,0.018691269,-0.037926192,0.018,-1.0,-0.006073808
1581248958.634084,b827ebfd7811,e78f135624ce,-85,5.18077327,8.684746676,1.855502216,-0.028,0.005751108,-0.999,0.999,0.018,-0.028,0.018,-1.0,-0.005751108
1581248959.0869317,b827ebfd7811,e78f135624ce,-77,5.130836174,8.675282488,1.856,-0.019282488,0.007,-1.0,1.0,0.018,-0.019282488,0.017858756,-1.0,-0.007141244
1581248959.5446644,b827ebfd7811,e78f135624ce,-84,5.065113115,8.674954484,1.856431726,-0.020477242,0.007954484,-1.0,1.0,0.017,-0.020477242,0.017,-1.0,-0.008477242
1581248959.9948666,b827ebfd7811,e78f135624ce,-77,5.000323618,8.678580905,1.858441206,-0.022720603,0.009720603,-1.0,1.0,0.017860302,-0.022720603,0.017,-1.0,-0.009720603
1581248960.4464052,b827ebfd7811,e78f135624ce,-77,4.952787581,8.672494989,1.854767538,-0.024242484,0.007757516,-1.0,0.999252505,0.018252505,-0.023494989,0.018252505,-1.0,-0.007757516
1581248960.9018066,b827ebfd7811,e78f135624ce,-81,4.827463065,8.663100656,1.863228175,-0.008986569,0.003630876,-0.999,0.137838753,0.000369124,-0.028879197,0.000369124,-0.137838753,-0.003617445
1581248961.8102343,b827ebfd7811,e78f135624ce,-78,4.693429894,8.664710318,1.824570106,-0.008497686,0.011714947,-0.999,-0.270050919,-0.006429894,-0.026357473,-0.006429894,0.270050919,0.004714947
1581248962.2632062,b827ebfd7811,e78f135624ce,-82,4.592315365,8.607842317,1.810280772,0.009034593,0.014157683,-0.999,-0.354514859,-0.009157683,-0.036438455,-0.009157683,0.354514859,0.008438455
1581248962.7148008,b827ebfd7811,e78f135624ce,-83,4.548091289,8.630718215,1.847611087,-0.012107128,0.00049604,-0.999,-0.133619007,-0.005,-0.027694456,-0.005,0.133619007,-0.002801584
