1581248844.0207565,000000000302,e78f135624ce,-65,18.001,8.381,1.872,0.021,0.006,-1.002,0.997,0.024,0.021,0.024,-1.002,-0.01
1581248844.4747245,000000000302,e78f135624ce,-65,17.999,8.395262678,1.86918433,0.015276496,0.006092165,-1.001,0.998,0.023,0.015276496,0.023907835,-1.001,-0.00818433
1581248844.932744,000000000302,e78f135624ce,-74,17.981150919,8.410830184,1.859830184,0.020339632,0.007584908,-1.0,0.302716278,0.010490551,-0.006094357,0.010075459,-0.303716278,0.000169816
1581248845.8407948,000000000302,e78f135624ce,-73,17.903012526,8.447289293,1.902276767,0.011421414,-0.019855353,-1.0,-0.861056967,-0.013710707,-0.010132121,-0.013710707,0.861056967,-0.020855353
1581248846.2997155,000000000302,e78f135624ce,-64,17.883108569,8.457855241,1.906855241,0.01107238,-0.016409525,-1.0,-0.955746671,-0.015481905,-0.01007238,-0.015481905,0.955264766,-0.01692762
1581248846.7527618,000000000302,e78f135624ce,-63,17.867834841,8.479220212,1.929220212,0.001944947,-0.027055053,-1.0,-0.985220212,-0.016,-0.001944947,-0.016,0.985220212,-0.027055053
1581248847.21075,000000000302,e78f135624ce,-73,17.859743172,8.489256828,1.936284139,0.002229517,-0.026284139,-1.0,-0.995486345,-0.015256828,-0.001229517,-0.015256828,0.994743172,-0.026284139
1581248847.663695,000000000302,e78f135624ce,-74,17.859407065,8.479743477,1.918743477,0.011442392,-0.010964673,-0.999,-0.998,-0.014,-0.011442392,-0.014,0.998,-0.010964673
1581248848.5708184,000000000302,e78f135624ce,-82,17.87267375,8.432631251,1.860957501,0.03367375,0.01267375,-0.999,-0.999,-0.013,-0.0343475,-0.014,1.0,0.0123475
1581248849.0247355,000000000302,e78f135624ce,-80,17.877233579,8.415532842,1.849065684,0.039,0.014233579,-0.999,-0.999,-0.013,-0.039,-0.014,1.0,0.013233579
1581248849.4826987,000000000302,e78f135624ce,-69,17.879,8.408215497,1.838215497,0.038,0.016,-0.999,-0.999,-0.013107749,-0.039,-0.014,1.0,0.015892251
1581248849.9437113,000000000302,e78f135624ce,-74,17.865445908,8.423184697,1.841668863,0.023815303,0.011554092,-0.999,-0.999,-0.013407651,-0.024407651,-0.013407651,1.0,0.01114644
1581248850.3937502,000000000302,e78f135624ce,-75,17.829919671,8.411295573,1.84245623,0.032248197,0.008959836,-0.999,-0.999,-0.013208033,-0.033040164,-0.013208033,1.0,0.008167869
1581248852.1997626,000000000302,e78f135624ce,-74,17.547305368,8.408860956,1.832805515,0.039222353,0.016555588,-0.998361103,-0.867833676,-0.013638897,-0.042583456,-0.014638897,0.868833676,0.014555588
1581248852.658671,000000000302,e78f135624ce,-76,17.443607006,8.420543851,1.815905267,0.039519305,0.027063155,-0.998,-0.957550882,-0.013645615,-0.040842112,-0.014322807,0.958196497,0.026063155
1581248853.1146996,000000000302,e78f135624ce,-68,17.326484854,8.436016719,1.825117034,0.037916404,0.020916404,-0.998,-0.985916404,-0.014,-0.037933124,-0.015,0.986916404,0.020916404
1581248853.5656583,000000000302,e78f135624ce,-66,17.234336506,8.433768255,1.829768255,0.037679364,0.017679364,-0.997574603,-0.59602539,-0.008425397,-0.051850794,-0.009850794,0.59702539,0.012104761
1581248854.0256622,000000000302,e78f135624ce,-71,17.120278346,8.459345681,1.85855219,0.025171715,0.007965207,-0.998,-0.530575728,-0.006482603,-0.046723905,-0.007482603,0.530575728,0.00044781
1581248854.476778,000000000302,e78f135624ce,-71,17.018445468,8.446620372,1.851386832,0.021686212,0.010459876,-0.998,-0.499095661,-0.007153292,-0.04276646,-0.007306584,0.500095661,0.005613168
1581248854.9296503,000000000302,e78f135624ce,-66,16.903863691,8.406715372,1.871031625,0.031642314,0.002,-0.998484187,-0.667269413,-0.012063251,-0.039158126,-0.012579063,0.668269413,-0.001484187
1581248855.3876498,000000000302,e78f135624ce,-65,16.816811228,8.40403336,1.860583401,0.026161107,0.012127746,-0.999,-0.507393821,-0.008322213,-0.032838893,-0.009322213,0.508232715,0.00444996
1581248855.8416245,000000000302,e78f135624ce,-76,16.738612374,8.429543974,1.864211729,0.014456026,0.006508142,-0.999,-0.460045625,-0.007859935,-0.016456026,-0.008087948,0.460045625,5.2116e-05
1581248856.296774,000000000302,e78f135624ce,-80,16.67298641,8.451622156,1.862900443,0.011006795,0.006914033,-0.999,-0.235049931,-0.003457016,-0.012006795,-0.004457016,0.235414185,0.000642541
1581248857.664743,000000000302,e78f135624ce,-72,16.515,8.382489945,1.852,0.035284392,0.011,-0.999,-0.178564338,-0.003284392,-0.024196298,-0.003284392,0.179564338,0.000970635
1581248858.11863,000000000302,e78f135624ce,-70,16.495876312,8.436109945,1.849,0.019986257,0.01,-0.999013743,0.632374312,0.008027486,0.002054972,0.008027486,-0.632374312,-0.006013743
1581248858.5706382,000000000302,e78f135624ce,-72,16.457025574,8.459649618,1.849162404,0.011675191,0.011,-1.0,0.879085683,0.012162404,0.005837596,0.012162404,-0.878666886,-0.009581202
1581248859.0206306,000000000302,e78f135624ce,-77,16.4174915,8.480348115,1.844,-0.000348115,0.009,-1.0,0.960276423,0.013,-0.002232077,0.013,-0.960276423,-0.008116038
1581248859.4737587,000000000302,e78f135624ce,-73,16.369294727,8.501972476,1.84,-0.015732797,0.009,-1.0,0.986986238,0.013,-0.015986238,0.012746559,-0.986986238,-0.009
1581248859.93161,000000000302,e78f135624ce,-70,16.321931922,8.51642234,1.83684468,-0.02342234,0.00842234,-1.0,0.99542234,0.013,-0.02342234,0.013,-0.99584468,-0.00884468
1581248861.2895827,000000000302,e78f135624ce,-74,16.182712324,8.52,1.846,-0.020178081,0.012,-1.0,1.0,0.016,-0.019452054,0.015273973,-1.0,-0.012726027
1581248862.1995819,000000000302,e78f135624ce,-78,16.096272993,8.530121168,1.842439416,-0.012,0.01,-1.0,1.0,0.015560584,-0.012,0.015560584,-1.0,-0.01
1581248862.650622,000000000302,e78f135624ce,-78,16.052608401,8.529,1.839,-0.008816031,0.009,-1.0,1.0,0.015,-0.008816031,0.015,-1.0,-0.009
1581248863.102596,000000000302,e78f135624ce,-76,15.999621057,8.510621057,1.839598169,0.002990845,0.008,-1.0,0.741096631,0.010205493,-0.011392676,0.010205493,-0.741096631,-0.006401831
1581248863.5568645,000000000302,e78f135624ce,-70,15.936640242,8.429682617,1.850301528,0.029687806,0.005730181,-0.997582012,0.02042375,-0.000925915,-0.030687806,-0.001507927,-0.01942375,-0.003433843
1581248864.0095677,000000000302,e78f135624ce,-65,15.867642282,8.394976152,1.869689978,0.029952304,0.001143087,-0.998,-0.211928456,-0.008,-0.027952304,-0.008,0.212904609,-0.003856913
1581248864.4656088,000000000302,e78f135624ce,-66,15.81437424,8.404677365,1.845051605,0.023212922,0.008948395,-0.999,-0.064819594,-0.004632264,-0.016845186,-0.004632264,0.065819594,0.003948395
1581248864.916576,000000000302,e78f135624ce,-71,15.755319693,8.397946079,1.840373614,0.026373614,0.008773231,-0.998693308,-0.121747229,-0.007,-0.021680307,-0.007,0.122053921,0.002466539
1581248865.3705776,000000000302,e78f135624ce,-65,15.689970317,8.436672198,1.861744653,0.012459624,0.003051069,-0.999,-0.174540376,-0.006051069,-0.014408554,-0.006051069,0.175540376,-0.003948931
1581248865.8315477,000000000302,e78f135624ce,-67,15.626852696,8.521021007,1.851305239,-0.009589471,0.007231587,-0.999,-0.115957475,-0.005178942,-0.000821058,-0.005178942,0.115957475,0.001231587
1581248866.2905524,000000000302,e78f135624ce,-64,15.571314646,8.449377508,1.840265716,0.02190214,0.012867142,-0.997,-0.284224252,-0.008650357,-0.034251783,-0.008867142,0.285441038,0.007083928
1581248866.74153,000000000302,e78f135624ce,-66,15.506416747,8.398324452,1.828315891,0.027057089,0.013741199,-0.997,-0.29593055,-0.010179829,-0.04743863,-0.010179829,0.297110379,0.009741199
1581248867.19354,000000000302,e78f135624ce,-75,15.433974876,8.379502511,1.853226131,0.021271358,0.003432161,-0.997477387,-0.238075386,-0.012522613,-0.050090453,-0.012522613,0.239075386,-4.5226e-05
1581248867.649633,000000000302,e78f135624ce,-61,15.344087065,8.404567993,1.865,0.001871062,-0.002163764,-0.997163764,-0.222017413,-0.013,-0.050853649,-0.013,0.222853649,-0.004
1581248868.101553,000000000302,e78f135624ce,-60,15.257143316,8.443235083,1.886225453,-0.004231873,-0.010942032,-0.996228663,-0.287892183,-0.015542674,-0.056798716,-0.014542674,0.288434856,-0.010713369
1581248868.5595336,000000000302,e78f135624ce,-64,15.243770524,8.410106578,1.897725396,0.016725396,0.001831973,-0.996389342,-0.255823321,-0.010557369,-0.048221316,-0.010168027,0.256212663,-0.007389342
1581248869.0195599,000000000302,e78f135624ce,-65,15.191857306,8.487382805,1.843500572,0.001713468,0.013166476,-0.996976218,-0.658164187,-0.014023782,-0.012665904,-0.013071347,0.657211752,0.010166476
1581248869.4745438,000000000302,e78f135624ce,-67,15.175945945,8.594702709,1.950000006,-0.024405407,-0.015405407,-0.993,-0.523702687,-0.007972973,0.007378379,-0.011972973,0.525027011,-0.026756758
1581248869.9315302,000000000302,e78f135624ce,-69,15.16848316,8.532793555,1.976172037,0.00675842,-0.00375842,-0.996,-0.416619334,-0.006034407,-0.007103222,-0.006689605,0.418274531,-0.02137921
1581248870.3875868,000000000302,e78f135624ce,-74,15.145898351,8.492498533,1.971027106,0.016182968,0.007952564,-0.996993223,-0.443009711,-0.00702033,-0.010189744,-0.007013553,0.444016488,-0.012013553
1581248870.390546,000000000302,e78f135624ce,-67,15.145556899,8.490814037,1.97111816,0.016797581,0.00779322,-0.99697046,-0.446401465,-0.00708862,-0.010827121,-0.00705908,0.447431005,-0.01205908
1581248870.8435333,000000000302,e78f135624ce,-69,15.090713844,8.350170032,1.935121824,0.050274756,0.007359772,-0.995640228,-0.658835668,-0.012359772,-0.052475896,-0.012359772,0.661555212,-0.003560912
1581248871.2965872,000000000302,e78f135624ce,-67,15.010260884,8.413051451,1.914490106,0.01648219,-0.000245053,-0.997750989,-0.819699539,-0.015249011,-0.01648219,-0.015249011,0.820699539,-0.001996042
1581248871.756552,000000000302,e78f135624ce,-64,15.001078108,8.339234323,1.921594062,0.033078108,-0.000921892,-0.997,-0.5211386,-0.011156215,-0.025156215,-0.010234323,0.523060492,-0.008453246
1581248872.6655517,000000000302,e78f135624ce,-71,14.919,8.217763181,1.986887562,0.054893533,-0.01377811,-0.996,-0.665749272,-0.014112438,-0.051002986,-0.012890548,0.668527381,-0.02222189
1581248873.1214936,000000000302,e78f135624ce,-71,14.884281847,8.334449225,1.979633846,0.014352617,-0.007507077,-0.992380308,-0.447789542,-0.010253539,-0.029211694,-0.009126769,0.454409234,-0.016253539
1581248873.5825057,000000000302,e78f135624ce,-64,14.807388376,8.472899888,1.937421747,-0.016321635,0.007483315,-0.995,-0.554766405,-0.012644994,0.001514961,-0.010548331,0.557218074,-0.002323359
1581248874.0345013,000000000302,e78f135624ce,-61,14.80036876,8.361767679,1.921893719,0.034114185,0.011775582,-0.994,-0.515871464,-0.011444884,-0.028410774,-0.010296589,0.519871464,-0.001779534
1581248874.4914913,000000000302,e78f135624ce,-67,14.754491259,8.340405399,1.876193959,0.032521465,0.011969794,-0.995612082,-0.524723391,-0.012193959,-0.029715424,-0.011,0.52591735,0.006775835
1581248874.9445,000000000302,e78f135624ce,-65,14.683109735,8.453781656,1.917779404,0.000888013,-0.001221722,-0.99744457,-0.492988739,-0.009110861,-0.012666291,-0.009110861,0.492988739,-0.007333709
1581248875.4014568,000000000302,e78f135624ce,-72,14.643226938,8.554780435,1.976333034,-0.022617155,-0.013546125,-0.991113469,-0.6478164,-0.008886531,0.011957562,-0.011659594,0.651702931,-0.021361626
1581248875.852478,000000000302,e78f135624ce,-69,14.621377675,8.60913534,1.924199537,-0.022912088,0.016933488,-0.992377675,-0.520294393,-0.006622325,0.018111626,-0.007622325,0.521294393,0.002866975
1581248876.3124754,000000000302,e78f135624ce,-63,14.510692201,8.50013263,1.887723759,0.033632976,0.010325177,-0.993024468,-0.714689002,-0.013975532,-0.037982621,-0.014975532,0.719989711,0.007
1581248876.7644823,000000000302,e78f135624ce,-64,14.412095493,8.255881303,1.946118697,0.111563439,-0.009126878,-0.988,-0.900118697,-0.019,-0.113563439,-0.019087312,0.909206009,-0.01221419
1581248877.2154717,000000000302,e78f135624ce,-65,14.332936484,8.179054482,1.898375678,0.115940097,0.006874774,-0.987874774,-0.959938291,-0.019,-0.116940097,-0.020437387,0.970063516,0.003874774
1581248877.666472,000000000302,e78f135624ce,-64,14.329046788,7.998621558,1.935172935,0.143338762,-0.005299082,-0.986787385,-0.978212615,-0.019787385,-0.143338762,-0.019787385,0.989637844,-0.008299082
1581248878.119478,000000000302,e78f135624ce,-68,14.181168371,7.984433827,1.868132346,0.167156617,0.017216913,-0.984,-0.981843383,-0.017843383,-0.168,-0.021686765,0.995843383,0.014216913
1581248878.5754783,000000000302,e78f135624ce,-70,14.095019065,8.070008373,1.820783074,0.134170424,0.028556615,-0.987773541,-0.987330156,-0.016113229,-0.135170424,-0.020226459,0.998443385,0.026
1581248879.0274842,000000000302,e78f135624ce,-66,14.04297406,8.323265885,1.80701297,0.021941635,0.02598703,-0.99501297,-0.99501297,-0.010006485,-0.022941635,-0.011006485,0.999,0.02498703
1581248879.0306082,000000000302,e78f135624ce,-78,14.042869927,8.324333252,1.807065037,0.021707335,0.025934963,-0.995065037,-0.995065037,-0.010032518,-0.022707335,-0.011032518,0.999,0.024934963
1581248879.4824164,000000000302,e78f135624ce,-74,14.0160662,8.450460712,1.802340689,2.2067e-05,0.023340689,-0.998,-0.998659311,-0.008681378,-2.2067e-05,-0.008681378,0.999659311,0.022681378
1581248879.9374804,000000000302,e78f135624ce,-78,13.998490797,8.508450154,1.80131365,0.006940951,0.022,-0.999,-0.999,-0.00931365,-0.007627301,-0.01,1.0,0.022
1581248880.395438,000000000302,e78f135624ce,-68,13.974095093,8.527957736,1.812978868,0.015989434,0.019,-0.999,-1.0,-0.012,-0.016978868,-0.012989434,1.0,0.019
1581248880.8475041,000000000302,e78f135624ce,-68,13.956589985,8.525870103,1.816769956,0.027539911,0.018410015,-0.999,-0.999,-0.012589985,-0.027949926,-0.012589985,1.0,0.018
1581248881.3024404,000000000302,e78f135624ce,-65,13.904783194,8.536209749,1.819641009,0.017503529,0.016857815,-0.999571093,-0.999785546,-0.012643361,-0.017503529,-0.012857815,1.0,0.016643361
1581248881.753432,000000000302,e78f135624ce,-66,13.874537091,8.487537091,1.792895151,0.04617903,0.02482097,-0.998,-0.998,-0.017,-0.04717903,-0.018,1.0,0.02382097
1581248882.2144206,000000000302,e78f135624ce,-61,13.852707655,8.479832946,1.778395591,0.039520882,0.026520882,-0.999,-0.999,-0.019,-0.039520882,-0.02,0.999,0.025520882
1581248882.6734378,000000000302,e78f135624ce,-68,13.818149327,8.476822521,1.766822521,0.028971848,0.028383109,-0.999,-0.999,-0.01879437,-0.029177479,-0.01979437,0.999,0.027588739
1581248883.125436,000000000302,e78f135624ce,-71,13.788949733,8.486,1.764708994,0.015177248,0.026,-0.999,-1.0,-0.019645503,-0.015354497,-0.020645503,0.999,0.026
1581248883.5764284,000000000302,e78f135624ce,-71,13.757099522,8.492657416,1.766243062,0.010171292,0.026171292,-1.0,-1.0,-0.017,-0.010171292,-0.017,0.999414354,0.025585646
1581248884.03043,000000000302,e78f135624ce,-83,13.726906897,8.496217239,1.757,0.009906897,0.028,-1.0,-1.0,-0.019968966,-0.010875863,-0.019968966,0.999,0.028
1581248884.4874716,000000000302,e78f135624ce,-73,13.700018028,8.508396394,1.756094592,0.008698197,0.026603606,-1.0,-1.0,-0.019,-0.009,-0.019,0.999,0.026603606
1581248884.4904506,000000000302,e78f135624ce,-73,13.699788871,8.508442226,1.756163339,0.008721113,0.026557774,-1.0,-1.0,-0.019,-0.009,-0.019,0.999,0.026557774
1581248884.9474077,000000000302,e78f135624ce,-69,13.659319833,8.510390014,1.754390014,0.012390014,0.025609986,-1.0,-1.0,-0.019609986,-0.012390014,-0.019609986,0.999,0.025609986
1581248884.9504142,000000000302,e78f135624ce,-65,13.659042314,8.510413141,1.754413141,0.012413141,0.025586859,-1.0,-1.0,-0.019586859,-0.012413141,-0.019586859,0.999,0.025586859
1581248885.8594158,000000000302,e78f135624ce,-84,13.577017004,8.510948989,1.759321998,0.010356005,0.022339001,-1.0,-1.0,-0.019,-0.010356005,-0.019339001,1.0,0.022339001
1581248886.3154032,000000000302,e78f135624ce,-72,13.532912925,8.519043537,1.753217347,0.008478231,0.024260884,-1.0,-1.0,-0.019,-0.009478231,-0.019260884,0.999,0.024
1581248886.7713802,000000000302,e78f135624ce,-74,13.478970457,8.52089053,1.76178106,0.00510947,0.02010947,-1.0,-1.0,-0.01710947,-0.00510947,-0.01710947,1.0,0.02010947
1581248887.2228525,000000000302,e78f135624ce,-77,13.444192673,8.537719519,1.767368288,-8.7808e-05,0.018543904,-1.0,-1.0,-0.016,8.7808e-05,-0.016,1.0,0.018543904
1581248887.6818955,000000000302,e78f135624ce,-69,13.39848104,8.546754063,1.754251354,0.002,0.021748646,-1.0,-1.0,-0.019,-0.002251354,-0.019,1.0,0.021748646
1581248888.1354058,000000000302,e78f135624ce,-64,13.339054563,8.540616369,1.752308184,0.012486359,0.020897272,-1.0,-1.0,-0.019,-0.013383631,-0.019,1.0,0.020897272
1581248888.5884213,000000000302,e78f135624ce,-77,13.288649299,8.539350701,1.74405972,0.01952986,0.022,-0.999,-0.99947014,-0.019,-0.01952986,-0.02,1.0,0.02147014
1581248889.0434372,000000000302,e78f135624ce,-78,13.227934214,8.518551248,1.745775624,0.032224376,0.021056094,-0.999,-0.999,-0.016943906,-0.032224376,-0.017,1.0,0.020056094
1581248889.5023997,000000000302,e78f135624ce,-71,13.172013991,8.496583366,1.742263894,0.034208317,0.021736106,-0.999,-0.999,-0.011736106,-0.035208317,-0.012,1.0,0.021736106
1581248889.955506,000000000302,e78f135624ce,-69,13.119498456,8.490624614,1.753003088,0.035,0.018249228,-0.999,-0.999,-0.011,-0.035,-0.011375386,1.0,0.017249228
1581248890.4063773,000000000302,e78f135624ce,-70,13.085041068,8.505,1.756008214,0.032997262,0.017997262,-0.999,-0.999,-0.013997262,-0.032997262,-0.014997262,1.0,0.017994524
1581248890.866403,000000000302,e78f135624ce,-77,13.044701992,8.515,1.756679283,0.028664143,0.018328287,-0.999,-0.999,-0.017664143,-0.028664143,-0.018664143,1.0,0.01799243
1581248891.316431,000000000302,e78f135624ce,-67,13.007,8.520467929,1.746009163,0.022513745,0.022247709,-0.999,-0.999,-0.018247709,-0.022761454,-0.019247709,1.0,0.022247709
1581248891.7733567,000000000302,e78f135624ce,-65,12.965540302,8.531897313,1.735410747,0.022794626,0.024,-0.999,-0.999,-0.018897313,-0.022897313,-0.019897313,0.999102687,0.023897313
1581248892.231369,000000000302,e78f135624ce,-73,12.898216044,8.512979679,1.731851337,0.029722995,0.024574332,-0.999,-0.999,-0.017574332,-0.029722995,-0.018574332,0.999425668,0.024
1581248892.683356,000000000302,e78f135624ce,-67,12.851694973,8.520974994,1.749410003,0.025410003,0.02,-0.999,-0.999,-0.015205001,-0.025410003,-0.016205001,1.0,0.019
1581248893.1364002,000000000302,e78f135624ce,-68,12.821199779,8.541492359,1.772661572,0.018492359,0.014169214,-0.999,-0.748109188,-0.012830786,-0.025830786,-0.013661572,0.748278402,0.011830786
1581248893.5913067,000000000302,e78f135624ce,-65,12.812820026,8.556640051,1.775730038,0.006269962,0.012179974,-0.999,-0.205158413,-0.006634981,-0.025,-0.007179974,0.205158413,0.011089987
1581248894.951356,000000000302,e78f135624ce,-82,12.798686924,8.556504611,1.88277808,-0.012939229,0.013030386,-0.999343462,0.858425397,0.015343462,-0.016595767,0.015343462,-0.858425397,-0.012030386
1581248895.861326,000000000302,e78f135624ce,-71,12.729062724,8.542887813,1.903049463,-0.005237634,0.015762366,-1.0,0.966462008,0.016587455,-0.005650179,0.016587455,-0.966462008,-0.015762366
1581248896.3153236,000000000302,e78f135624ce,-69,12.721122727,8.510031016,1.947661497,0.007153743,0.026492246,-0.999,0.988507754,0.020169251,0.007984492,0.021,-0.988507754,-0.026492246
1581248896.7733338,000000000302,e78f135624ce,-72,12.666171935,8.513833056,1.932502496,0.002333888,0.018500832,-1.0,0.996666112,0.017333888,0.002333888,0.017333888,-0.995833056,-0.018500832
1581248898.141314,000000000302,e78f135624ce,-71,12.485819036,8.533419777,1.842259332,-0.005,-0.000860074,-1.0,1.0,0.012,-0.005,0.012,-1.0,0.000720148
1581248898.5994277,000000000302,e78f135624ce,-68,12.432769243,8.536958578,1.824603555,-0.009479289,-0.002,-1.0,1.0,0.011520711,-0.009479289,0.011520711,-1.0,0.002
1581248899.057303,000000000302,e78f135624ce,-69,12.375028608,8.5290597,1.824558458,-0.010264925,0.000911692,-1.0,1.0,0.011088308,-0.010264925,0.011088308,-1.0,-0.000911692
1581248899.5123832,000000000302,e78f135624ce,-76,12.325960313,8.529792063,1.826,-0.01,0.003,-1.0,1.0,0.012,-0.01,0.012,-1.0,-0.003
1581248899.9643347,000000000302,e78f135624ce,-80,12.271504365,8.537465503,1.815900873,-0.013732751,0.001633624,-1.0,1.0,0.01,-0.013732751,0.01,-1.0,-0.001633624
1581248900.4153278,000000000302,e78f135624ce,-74,12.212172258,8.530034452,1.817,-0.012011484,0.003,-1.0,1.0,0.01,-0.012011484,0.01,-1.0,-0.003
1581248900.867264,000000000302,e78f135624ce,-72,12.150004264,8.521412016,1.818175969,-0.01,0.003587984,-1.0,1.0,0.011587984,-0.01,0.011587984,-1.0,-0.003587984
1581248900.8702874,000000000302,e78f135624ce,-77,12.14957595,8.521386821,1.818226359,-0.01,0.003613179,-1.0,1.0,0.011613179,-0.01,0.011613179,-1.0,-0.003613179
1581248901.3212886,000000000302,e78f135624ce,-71,12.097746591,8.524024277,1.823204855,-0.011,0.006204855,-1.0,1.0,0.011795145,-0.011,0.011795145,-1.0,-0.006204855
1581248901.7733462,000000000302,e78f135624ce,-84,12.049515666,8.524539071,1.828,-0.007359381,0.008,-1.0,1.0,0.01017969,-0.007359381,0.01017969,-1.0,-0.008
1581248902.6773028,000000000302,e78f135624ce,-82,11.948184848,8.524081515,1.814489091,-0.002918485,0.00216303,-1.0,1.0,0.012081515,-0.002918485,0.012081515,-1.0,-0.00216303
1581248903.1363003,000000000302,e78f135624ce,-72,11.891054073,8.541986482,1.818506759,-0.006,0.00425338,-1.0,1.0,0.01125338,-0.006,0.01125338,-1.0,-0.00425338
1581248903.5933478,000000000302,e78f135624ce,-67,11.826781084,8.549166047,1.817,-0.006,0.004,-1.0,1.0,0.011611318,-0.006,0.011611318,-1.0,-0.004
1581248904.045318,000000000302,e78f135624ce,-70,11.776138807,8.555,1.80108542,-0.006,-0.000967968,-1.0,1.0,0.009,-0.006,0.009989323,-1.0,0.000967968
1581248904.5052671,000000000302,e78f135624ce,-73,11.728462638,8.554,1.80736248,-0.006,0.002,-1.0,1.0,0.008,-0.006,0.008,-1.0,-0.002
1581248904.957278,000000000302,e78f135624ce,-72,11.6803186,8.566,1.810184653,-0.01,0.000624187,-1.0,1.0,0.011,-0.01,0.011,-1.0,-0.000624187
1581248905.4112668,000000000302,e78f135624ce,-81,11.631543905,8.569090651,1.821954675,-0.011045325,0.003,-1.0,1.0,0.011,-0.011045325,0.011,-1.0,-0.003045325
1581248905.8672554,000000000302,e78f135624ce,-78,11.587293693,8.563697297,1.813,-0.011449549,-0.001,-1.0,1.0,0.008,-0.011449549,0.008449549,-1.0,0.001
1581248906.322435,000000000302,e78f135624ce,-73,11.538998132,8.550857009,1.817714019,-0.011285981,-0.001142991,-1.0,1.0,0.011,-0.011285981,0.011,-1.0,0.001142991
1581248906.7812626,000000000302,e78f135624ce,-75,11.491999116,8.549726951,1.820545213,-0.015181738,-0.001818262,-1.0,1.0,0.011181738,-0.015181738,0.011181738,-1.0,0.001818262
1581248907.2412663,000000000302,e78f135624ce,-66,11.442478817,8.552532574,1.827,-0.019532574,-0.001532574,-1.0,1.0,0.012467426,-0.019532574,0.012467426,-1.0,0.001
1581248907.6982598,000000000302,e78f135624ce,-65,11.387844604,8.552323844,1.825549229,-0.019549229,-0.003225385,-1.0,1.0,0.012774615,-0.019549229,0.012774615,-1.0,0.003
1581248908.1489108,000000000302,e78f135624ce,-68,11.340264831,8.550838226,1.820323547,-0.016,-0.004838226,-1.0,1.0,0.011,-0.016,0.011,-1.0,0.004838226
1581248909.5032513,000000000302,e78f135624ce,-71,11.152401405,8.562822378,1.808411189,-0.005233567,-0.007411189,-1.0,1.0,0.009,-0.005233567,0.009,-1.0,0.007
1581248909.9542005,000000000302,e78f135624ce,-72,11.093827541,8.560788503,1.814365508,-0.000788503,-0.003422995,-1.0,1.0,0.010211497,-0.000788503,0.010211497,-1.0,0.003422995
1581248910.411304,000000000302,e78f135624ce,-71,11.040668534,8.556128349,1.815,0.001871651,-0.003,-1.0,1.0,0.011,0.001871651,0.011,-1.0,0.003
1581248910.861234,000000000302,e78f135624ce,-70,10.988638394,8.547908801,1.823,0.0025456,0.0,-1.0,1.0,0.011,0.0025456,0.011,-1.0,-0.0
1581248911.3184695,000000000302,e78f135624ce,-72,10.931627582,8.54119606,1.828,0.00190197,0.001,-1.0,1.0,0.01290197,0.00190197,0.01290197,-1.0,-0.001
1581248911.7731004,000000000302,e78f135624ce,-65,10.88010205,8.535965983,1.826034017,0.001517008,-0.000482992,-1.0,1.0,0.011,0.001517008,0.011,-1.0,0.000482992
1581248912.6823318,000000000302,e78f135624ce,-65,10.766307574,8.53487017,1.824043277,-0.004956723,-0.001,-1.0,1.0,0.009,-0.004956723,0.009,-1.0,0.001
1581248913.1351986,000000000302,e78f135624ce,-67,10.71218841,8.53627053,1.825345894,-0.005962318,-0.002654106,-1.0,1.0,0.011,-0.005962318,0.011,-1.0,0.002654106
1581248913.5901992,000000000302,e78f135624ce,-68,10.654813336,8.546116444,1.819720889,-0.006,-0.005279111,-1.0,1.0,0.010279111,-0.006279111,0.010279111,-1.0,0.005279111
1581248914.0421643,000000000302,e78f135624ce,-66,10.601454161,8.543664424,1.818223717,-0.001,-0.006888141,-1.0,1.0,0.010888141,-0.001,0.010888141,-1.0,0.006888141
1581248914.4962094,000000000302,e78f135624ce,-65,10.552980367,8.545930716,1.82,-0.000465358,-0.005,-1.0,1.0,0.01,-0.000465358,0.01,-1.0,0.005
1581248914.9471862,000000000302,e78f135624ce,-66,10.50063688,8.545472624,1.817842459,0.000684917,-0.003842459,-1.0,1.0,0.01,0.000684917,0.01,-1.0,0.003842459
1581248915.3991704,000000000302,e78f135624ce,-62,10.442671395,8.544770538,1.816770538,-0.000541076,-0.001229462,-1.0,1.0,0.009458924,-0.000541076,0.009458924,-1.0,0.001229462
1581248915.8571823,000000000302,e78f135624ce,-61,10.384112529,8.549,1.815632033,-0.004367967,0.0,-1.0,1.0,0.011,-0.004367967,0.011,-1.0,0.0
1581248916.3121722,000000000302,e78f135624ce,-74,10.32548576,8.555,1.816032384,-0.009,0.002032384,-1.0,1.0,0.011,-0.009,0.011,-1.0,-0.002032384
1581248917.22123,000000000302,e78f135624ce,-80,10.226226208,8.544049257,1.826088475,-0.008593495,0.008544238,-0.99968197,0.99968197,0.013590149,-0.008593495,0.013590149,-1.0,-0.009226208
1581248917.6811805,000000000302,e78f135624ce,-68,10.232063923,8.463232919,1.863159808,0.034319617,0.022063923,-0.998968038,0.998968038,0.021,0.034351579,0.022,-0.999,-0.021031962
1581248918.592168,000000000302,e78f135624ce,-74,10.109213142,8.563935063,1.853537051,-0.011694423,0.017768526,-0.999,-0.611925123,-0.001231474,0.033305577,-0.000231474,0.611925123,0.008231474
1581248919.0472083,000000000302,e78f135624ce,-69,10.027785374,8.566278537,1.840557075,-0.011,0.009278537,-1.0,0.306018437,0.006721463,0.006835612,0.007721463,-0.306018437,0.002139269
1581248919.0503497,000000000302,e78f135624ce,-76,10.027336603,8.56623366,1.840467321,-0.011,0.00923366,-1.0,0.311493449,0.00676634,0.006700981,0.00776634,-0.311493449,0.00211683
1581248919.4991426,000000000302,e78f135624ce,-69,9.961315475,8.57,1.829,-0.011480283,0.005,-1.0,0.682547997,0.009480283,-0.004960566,0.009480283,-0.682547997,3.9434e-05
1581248919.9482238,000000000302,e78f135624ce,-72,9.898405201,8.5630886,1.8227342,-0.0111772,0.0039114,-1.0,0.898480798,0.0109114,-0.0091772,0.0109114,-0.898480798,-0.002
1581248920.410148,000000000302,e78f135624ce,-74,9.828983692,8.564442632,1.818221316,-0.012,0.005,-1.0,0.781401283,0.009,-0.012778684,0.009,-0.781401283,-0.001557368
1581248920.863134,000000000302,e78f135624ce,-72,9.769809599,8.5733869,1.8146131,-0.0193869,0.004,-1.0,0.929124902,0.01,-0.0193869,0.01,-0.929511802,-0.003
1581248921.3131466,000000000302,e78f135624ce,-70,9.69265711,8.57602738,1.819917861,-0.003219037,0.009917861,-1.0,0.053568525,0.004054759,-0.019,0.004054759,-0.053568525,0.005890482
1581248921.768274,000000000302,e78f135624ce,-69,9.607196156,8.568627447,1.828627447,0.014254895,0.015254895,-1.0,-0.66301922,-0.000372553,-0.021372553,-0.001,0.66301922,0.013882342
1581248922.679154,000000000302,e78f135624ce,-77,9.461132787,8.560062933,1.835125865,0.022937067,0.018937067,-1.0,-0.966244808,-0.002937067,-0.023937067,-0.002937067,0.966244808,0.018937067
1581248923.1322715,000000000302,e78f135624ce,-73,9.395711533,8.547814478,1.833,0.02854638,0.02145362,-0.999,-0.988639141,-0.00254638,-0.02854638,-0.003092761,0.988639141,0.021
1581248923.591119,000000000302,e78f135624ce,-67,9.327320816,8.58066197,1.818575901,-0.017458527,0.011389672,-0.998796557,-0.003815368,-0.002,-0.047627542,-0.002,0.003611926,0.008389672
1581248924.0441523,000000000302,e78f135624ce,-69,9.235684222,8.648050675,1.792387918,-0.068091613,0.004346979,-0.997,0.675916132,-0.005653021,-0.077612082,-0.006479531,-0.679569152,0.00217349
1581248924.4968927,000000000302,e78f135624ce,-67,9.116425613,8.465332883,1.783537025,0.065796534,0.018925951,-0.992537025,-0.416946657,-0.017462975,-0.116388926,-0.019925951,0.421872608,0.015925951
1581248924.9520433,000000000302,e78f135624ce,-78,9.07088202,8.422123647,1.786825863,0.070466255,0.02088202,-0.99511798,-0.814134981,-0.016528078,-0.086994333,-0.018410098,0.818017001,0.019
1581248925.4111004,000000000302,e78f135624ce,-72,9.056853515,8.468292969,1.807146485,0.041853515,0.017213379,-0.998,-0.940732423,-0.008,-0.046493652,-0.009,0.942732423,0.016213379
1581248925.864104,000000000302,e78f135624ce,-71,9.029940153,8.502679966,1.819019949,0.030339983,0.015,-0.999,-0.980699915,-0.005339983,-0.032339983,-0.006,0.981039898,0.014660017
1581248926.3251166,000000000302,e78f135624ce,-70,8.990136225,8.510943239,1.824977296,0.033011352,0.014011352,-0.999,-0.992977296,-0.006988648,-0.033022704,-0.007,0.993977296,0.013022704
1581248926.7790837,000000000302,e78f135624ce,-75,8.949401583,8.511319683,1.829340158,0.036340158,0.012659842,-0.999,-0.997659842,-0.006659842,-0.036340158,-0.007,0.998,0.012659842
1581248927.2400916,000000000302,e78f135624ce,-71,8.907424083,8.509856021,1.833762653,0.039381326,0.011618674,-0.999,-0.999,-0.005,-0.039381326,-0.005381326,0.999,0.011237347
1581248927.7021344,000000000302,e78f135624ce,-66,8.863677554,8.511889796,1.834,0.039110204,0.011110204,-0.999,-0.999,-0.005889796,-0.039110204,-0.006889796,1.0,0.011110204
1581248928.1551015,000000000302,e78f135624ce,-76,8.820160432,8.502287312,1.827574624,0.043712688,0.014,-0.999,-0.999,-0.007425376,-0.043712688,-0.007712688,1.0,0.013
1581248928.613117,000000000302,e78f135624ce,-69,8.770703843,8.503,1.83600697,0.042,0.00966202,-0.999,-0.999,-0.00433101,-0.04233101,-0.005,1.0,0.00966202
1581248929.0710804,000000000302,e78f135624ce,-78,8.714562548,8.50379909,1.835,0.041120546,0.010959818,-0.999,-0.999,-0.004040182,-0.041120546,-0.004080364,1.0,0.010959818
1581248929.5260684,000000000302,e78f135624ce,-79,8.663453263,8.513052406,1.836779038,0.034779038,0.009,-0.999,-0.999,-0.004610481,-0.034779038,-0.004610481,1.0,0.009
1581248929.9820921,000000000302,e78f135624ce,-66,8.613461371,8.516633214,1.832,0.033455595,0.01,-0.999,-0.999,-0.005727798,-0.033455595,-0.006,1.0,0.01
1581248930.43906,000000000302,e78f135624ce,-73,8.561892016,8.527872569,1.835936285,0.031063715,0.009,-0.999,-0.999,-0.005063715,-0.031063715,-0.006063715,1.0,0.009
1581248930.8922255,000000000302,e78f135624ce,-68,8.514448037,8.527454003,1.829362009,0.032,0.013091994,-0.999,-0.999,-0.006,-0.032,-0.006,1.0,0.012545997
1581248931.345122,000000000302,e78f135624ce,-68,8.468851445,8.523153468,1.832,0.035,0.011153468,-0.999,-0.999,-0.006,-0.035,-0.006153468,1.0,0.011
1581248931.8000796,000000000302,e78f135624ce,-75,8.416662633,8.522204818,1.831819272,0.036795182,0.013590364,-0.999,-0.999,-0.005,-0.036795182,-0.006,1.0,0.013590364
1581248932.2532184,000000000302,e78f135624ce,-75,8.36104461,8.523,1.836738848,0.038,0.012130576,-0.999,-0.999,-0.005,-0.038,-0.005,1.0,0.012130576
1581248932.710043,000000000302,e78f135624ce,-75,8.308666288,8.529589627,1.843,0.03630778,0.011,-0.999,-0.999,-0.005102593,-0.03630778,-0.005205187,1.0,0.011
1581248933.1620264,000000000302,e78f135624ce,-71,8.258623926,8.512733972,1.841,0.043422009,0.014,-0.999,-0.999,-0.005711005,-0.043422009,-0.006711005,1.0,0.013288995
1581248933.6170497,000000000302,e78f135624ce,-71,8.20394843,8.504,1.834663802,0.045,0.016,-0.999,-0.999,-0.005663802,-0.045,-0.006663802,1.0,0.015336198
1581248934.521031,000000000302,e78f135624ce,-71,8.096567498,8.494,1.825997884,0.050571731,0.016143462,-0.999,-0.999,-0.007571731,-0.050571731,-0.008571731,1.0,0.015715193
1581248934.9800167,000000000302,e78f135624ce,-73,8.046156439,8.50397505,1.826512475,0.050768712,0.014487525,-0.998743763,-0.998743763,-0.007256237,-0.050768712,-0.008,1.0,0.013743763
1581248935.4360347,000000000302,e78f135624ce,-73,7.986511746,8.494177852,1.834822148,0.060822148,0.012,-0.998,-0.998,-0.005088926,-0.060822148,-0.005177852,1.0,0.012
1581248935.8860183,000000000302,e78f135624ce,-69,7.926378993,8.494689767,1.825551705,0.066103411,0.014448295,-0.998,-0.998,-0.008103411,-0.066551705,-0.009103411,1.0,0.014
1581248936.3400102,000000000302,e78f135624ce,-67,7.871489344,8.511939923,1.830150193,0.062060077,0.012969961,-0.998,-0.998,-0.005939923,-0.062060077,-0.006939923,1.0,0.011969961
1581248936.792016,000000000302,e78f135624ce,-67,7.814107413,8.50495764,1.838361573,0.065,0.010680787,-0.998,-0.998,-0.005638427,-0.065,-0.006319213,1.0,0.01
1581248937.24803,000000000302,e78f135624ce,-67,7.75913439,8.505266799,1.845733201,0.058266799,0.008633399,-0.998,-0.998,-0.006366601,-0.058266799,-0.007,1.0,0.008
1581248937.7039902,000000000302,e78f135624ce,-69,7.708115466,8.501947969,1.847687812,0.049947969,0.009104063,-0.999,-0.999,-0.006,-0.049947969,-0.006052031,1.0,0.009104063
1581248938.620019,000000000302,e78f135624ce,-69,7.595851617,8.49151423,1.844119922,0.033788616,0.008788616,-0.999,-0.999,-0.007,-0.03448577,-0.008,1.0,0.008788616
1581248939.0780115,000000000302,e78f135624ce,-70,7.533931543,8.497124206,1.842310514,0.026,0.008875794,-1.0,-1.0,-0.007,-0.026,-0.007937897,1.0,0.008875794
1581248939.5350096,000000000302,e78f135624ce,-72,7.470760279,8.507614019,1.841795327,0.01819299,0.007602337,-1.0,-1.0,-0.009397663,-0.01819299,-0.009397663,1.0,0.007204673
1581248939.9870086,000000000302,e78f135624ce,-70,7.405270432,8.499,1.844699294,0.02,0.005766902,-1.0,-1.0,-0.007,-0.02,-0.007,1.0,0.005766902
1581248940.4470165,000000000302,e78f135624ce,-73,7.337130423,8.497080745,1.851,0.022919255,0.003919255,-1.0,-1.0,-0.009080745,-0.022919255,-0.009080745,1.0,0.003
1581248940.9049814,000000000302,e78f135624ce,-78,7.275758672,8.498,1.845586224,0.025137925,0.008137925,-1.0,-1.0,-0.006,-0.025137925,-0.006,1.0,0.007706888
1581248941.3619754,000000000302,e78f135624ce,-70,7.223262467,8.507789421,1.841368262,0.027631738,0.008421159,-0.999789421,-0.999789421,-0.006789421,-0.027631738,-0.007789421,1.0,0.008210579
1581248941.8139727,000000000302,e78f135624ce,-70,7.168797931,8.506699483,1.845300517,0.036475388,0.006349741,-0.999,-0.999,-0.008650259,-0.036475388,-0.008650259,1.0,0.006349741
1581248942.2649798,000000000302,e78f135624ce,-67,7.108483034,8.515448261,1.839896523,0.042344784,0.009551739,-0.999,-0.999,-0.008103477,-0.042344784,-0.008551739,1.0,0.009
1581248942.7160017,000000000302,e78f135624ce,-67,7.041569857,8.513856986,1.834715072,0.049143014,0.010713971,-0.999,-0.999,-0.011928493,-0.050071507,-0.012,1.0,0.009713971
1581248943.1771047,000000000302,e78f135624ce,-71,6.976180197,8.509246676,1.83776662,0.051,0.009493352,-0.999,-0.999,-0.010246676,-0.051,-0.011,1.0,0.008493352
1581248943.6329477,000000000302,e78f135624ce,-83,6.903678381,8.500385348,1.844917213,0.046458607,0.006156045,-0.999,-0.999,-0.009614652,-0.046458607,-0.010614652,1.0,0.006156045
1581248944.0870063,000000000302,e78f135624ce,-83,6.838947429,8.493,1.828022531,0.036994993,0.011989986,-0.999,-0.999,-0.008005007,-0.036994993,-0.009002503,1.0,0.011989986
1581248944.9950247,000000000302,e78f135624ce,-69,6.726168116,8.494410479,1.844063322,0.02670524,0.006410479,-1.0,-1.0,-0.00829476,-0.02670524,-0.00829476,1.0,0.006115719
1581248945.4499469,000000000302,e78f135624ce,-71,6.676563245,8.507831027,1.845337947,0.020056324,0.005943676,-1.0,-1.0,-0.011887351,-0.020056324,-0.011887351,1.0,0.005887351
1581248945.901953,000000000302,e78f135624ce,-70,6.625964055,8.504995507,1.84750674,0.019502247,0.006497753,-1.0,-1.0,-0.009,-0.02,-0.009497753,1.0,0.006
1581248946.3629172,000000000302,e78f135624ce,-72,6.578473753,8.507094882,1.852968373,0.017820997,0.005852625,-1.0,-0.952250392,-0.008557874,-0.018705249,-0.008557874,0.952250392,0.006
1581248946.814937,000000000302,e78f135624ce,-75,6.614327004,8.585588439,1.864184641,-0.006134599,0.00854616,-0.999,0.293312323,0.009092321,-0.018269198,0.009092321,-0.293312323,-0.004319241
1581248947.2669396,000000000302,e78f135624ce,-77,6.602558069,8.659756033,1.871267345,-0.025581448,0.013139517,-0.999,0.582151207,0.011139517,-0.026720965,0.010569759,-0.583151207,-0.006709276
1581248947.7229702,000000000302,e78f135624ce,-69,6.585070604,8.691464698,1.881419128,-0.026464698,0.012767651,-0.999,0.529218856,0.011232349,-0.024580872,0.011116174,-0.530218856,-0.008883826
1581248948.1809123,000000000302,e78f135624ce,-70,6.552924228,8.695358591,1.872765513,-0.030062052,0.012296539,-0.999,0.618641409,0.011234487,-0.030827565,0.010468974,-0.619406922,-0.006765513
1581248948.6329122,000000000302,e78f135624ce,-70,6.499670852,8.705721076,1.854974888,-0.039329148,0.005658296,-0.999,0.692952468,0.009658296,-0.041329148,0.009658296,-0.693952468,-0.003987444
1581248949.0879247,000000000302,e78f135624ce,-70,6.455003564,8.694686386,1.850376337,-0.042560941,0.005062723,-0.998062723,0.740104059,0.01,-0.048686386,0.009937277,-0.741104059,-0.004
1581248949.0908916,000000000302,e78f135624ce,-70,6.454664493,8.694792346,1.850249185,-0.042709285,0.005041531,-0.998041531,0.742096106,0.01,-0.048792346,0.009958469,-0.743096106,-0.004
1581248949.5479288,000000000302,e78f135624ce,-70,6.414504163,8.688747086,1.847123959,-0.051998335,0.007624792,-0.998,0.850990008,0.012249584,-0.055373543,0.011249584,-0.852365217,-0.005249584
1581248950.4559224,000000000302,e78f135624ce,-69,6.312605999,8.666191242,1.865359448,-0.042089862,0.011,-0.999,0.854177445,0.013089862,-0.043,0.013089862,-0.855177445,-0.009179724
1581248950.9109657,000000000302,e78f135624ce,-75,6.262787009,8.639038519,1.885354986,-0.030929003,0.016606496,-0.999,0.948567977,0.014929003,-0.030929003,0.014464501,-0.948567977,-0.015606496
1581248951.3608892,000000000302,e78f135624ce,-70,6.222163341,8.620181941,1.901527223,-0.031354582,0.018763612,-0.999,0.982590971,0.017118194,-0.030354582,0.017118194,-0.983472777,-0.018881806
1581248951.8168957,000000000302,e78f135624ce,-71,6.160687927,8.616668943,1.895165528,-0.031687927,0.017312073,-0.999,0.993770691,0.015229309,-0.031687927,0.015229309,-0.994541382,-0.017312073
1581248952.2718909,000000000302,e78f135624ce,-70,6.126358996,8.592122501,1.8605755,-0.026698001,0.011,-0.999,0.946792004,0.013849,-0.027698001,0.013849,-0.946792004,-0.0094245
1581248952.7279127,000000000302,e78f135624ce,-70,6.049413803,8.608206892,1.875137934,-0.034431033,0.015655174,-0.999,0.982431033,0.017,-0.034431033,0.016086207,-0.983344826,-0.015655174
1581248953.183877,000000000302,e78f135624ce,-70,5.959471473,8.628273574,1.856820721,-0.041726426,0.01,-0.999,0.993452853,0.015273574,-0.041726426,0.014273574,-0.994452853,-0.010273574
1581248953.6438942,000000000302,e78f135624ce,-73,5.884809682,8.634718833,1.859067639,-0.042572944,0.012820292,-0.999,0.997,0.016213528,-0.04196618,0.015606764,-0.998,-0.013427056
1581248954.0949004,000000000302,e78f135624ce,-71,5.824333331,8.635875001,1.844055555,-0.039958334,0.008027778,-0.999,0.998,0.015986111,-0.039958334,0.015986111,-0.999,-0.009013889
1581248954.546875,000000000302,e78f135624ce,-73,5.771749716,8.618,1.859700114,-0.034383314,0.012616686,-0.999,0.999,0.016233371,-0.034,0.015616686,-1.0,-0.013
1581248954.9978025,000000000302,e78f135624ce,-71,5.676302256,8.649392051,1.85547841,-0.044956821,0.009,-0.999,0.999,0.016,-0.044956821,0.015239205,-1.0,-0.009239205
1581248955.4578464,000000000302,e78f135624ce,-69,5.613812112,8.65044297,1.862704687,-0.043221485,0.010852343,-0.999,0.999,0.016,-0.042295313,0.015,-1.0,-0.010926172
1581248956.3588326,000000000302,e78f135624ce,-78,5.502651995,8.649038667,1.853980666,-0.040019334,0.005980666,-0.999,0.999,0.016019334,-0.040019334,0.016,-1.0,-0.006
1581248956.815821,000000000302,e78f135624ce,-73,5.447256635,8.650707965,1.868044247,-0.039,0.009876106,-0.999,0.999,0.018876106,-0.039,0.018584071,-1.0,-0.010584071
1581248957.2708309,000000000302,e78f135624ce,-74,5.386174994,8.653479466,1.864293748,-0.038546429,0.007840178,-0.999,0.999,0.018613393,-0.038159822,0.017613393,-1.0,-0.008840178
1581248957.7298331,000000000302,e78f135624ce,-75,5.307749603,8.672843899,1.862343634,-0.040187533,0.0067187,-0.999,0.999,0.018,-0.040187533,0.018,-1.0,-0.0077187
1581248958.186838,000000000302,e78f135624ce,-72,5.239072898,8.687,1.857370841,-0.03781458,0.00618542,-0.999,0.999,0.018728473,-0.03781458,0.018,-1.0,-0.00618542
