1581249601.8661535,000000000102,e78f135624ce,-89,18.029630099,8.465086733,1.821913267,0.061456634,0.002456634,-0.997456634,0.998543366,0.019,0.061456634,0.019,-0.999,8.6733e-05
1581249602.3217485,000000000102,e78f135624ce,-81,18.024115057,8.465230114,1.828265627,0.060884943,0.002460228,-0.998,0.998,0.019115057,0.060884943,0.019115057,-1.0,-0.001345171
1581249602.77714,000000000102,e78f135624ce,-79,18.014729653,8.456235466,1.843505813,0.05874128,0.005,-0.998,0.916686074,0.017494187,0.05874128,0.017494187,-0.918686074,-0.003
1581249603.6881382,000000000102,e78f135624ce,-86,17.928494453,8.444938193,1.827618066,-0.01181458,0.019629161,-0.999,-0.786240895,-0.011938193,0.025061807,-0.011938193,0.786179088,0.018629161
1581249604.1471193,000000000102,e78f135624ce,-84,17.904419196,8.441645201,1.815483593,-0.017290402,0.021580804,-0.999,-0.932549222,-0.014,0.021,-0.014,0.932194423,0.021580804
1581249604.6021464,000000000102,e78f135624ce,-80,17.891028101,8.443971899,1.793704135,-0.021647933,0.030647933,-0.999,-0.978943798,-0.014,0.022647933,-0.013676034,0.978267764,0.031323966
1581249605.0521295,000000000102,e78f135624ce,-82,17.883084756,8.447915244,1.783042378,-0.024915244,0.033,-0.999,-0.992915244,-0.014,0.024915244,-0.013,0.992872866,0.033042378
1581249605.9648018,000000000102,e78f135624ce,-79,17.878654932,8.447035204,1.862,-0.016690136,-0.012345068,-0.999163733,-0.967473597,-0.017836267,0.017690136,-0.017836267,0.967473597,-0.011508801
1581249606.8691125,000000000102,e78f135624ce,-85,17.876,8.459962917,1.854,-0.024170333,0.002,-0.999,-0.892879111,-0.013804944,0.025767861,-0.013804944,0.893879111,0.003
1581249606.8721106,000000000102,e78f135624ce,-74,17.876,8.459616981,1.854,-0.023893585,0.002,-0.999,-0.893617107,-0.013851069,0.02546805,-0.013851069,0.894617107,0.003
1581249607.327118,000000000102,e78f135624ce,-78,17.859967315,8.437635499,1.841602813,0.0,0.010238312,-0.999,-0.966714936,-0.014,7.9437e-05,-0.014,0.966714936,0.010238312
1581249607.7881472,000000000102,e78f135624ce,-72,17.809819183,8.444716097,1.842522602,0.017329107,0.006477398,-0.999,-0.989045204,-0.014761301,-0.017329107,-0.014761301,0.989283903,0.006477398
1581249608.6951332,000000000102,e78f135624ce,-75,17.641318839,8.432102028,1.858936232,-0.007974493,0.001025507,-0.999,-0.998,-0.016987246,0.007974493,-0.016987246,0.998987246,0.001025507
1581249609.6141582,000000000102,e78f135624ce,-72,17.440890951,8.416287239,1.849457448,-0.016542552,0.011728724,-0.999,-0.880946726,-0.014813828,0.020550534,-0.014449466,0.880946726,0.009542552
1581249610.0681555,000000000102,e78f135624ce,-78,17.331706115,8.470062975,1.833073471,-0.020958016,0.019958016,-0.999,-0.419380741,-0.006,0.035,-0.005989504,0.420370245,0.013958016
1581249610.971158,000000000102,e78f135624ce,-80,17.111486879,8.421781656,1.824451975,-0.007609172,0.018172484,-0.999,-0.69746293,-0.012203057,0.019796943,-0.011406115,0.69746293,0.016172484
1581249611.4307516,000000000102,e78f135624ce,-85,16.984948208,8.461259711,1.822480578,-0.028876618,0.020383092,-0.998,-0.628357197,-0.01,0.050506474,-0.009,0.629357197,0.016383092
1581249611.889107,000000000102,e78f135624ce,-81,16.865768413,8.422874482,1.832006483,-0.006424275,0.015556276,-0.997443724,-0.556606335,-0.007662345,0.049119035,-0.006662345,0.555493783,0.009662345
1581249611.8921063,000000000102,e78f135624ce,-75,16.865468483,8.422413051,1.832214127,-0.005778271,0.015579347,-0.997420653,-0.551115303,-0.007523915,0.049372822,-0.006523915,0.549956608,0.009523915
1581249612.341143,000000000102,e78f135624ce,-71,16.751253567,8.37675214,1.841438035,0.01737179,0.015561965,-0.996812678,-0.457345496,-0.007625357,0.050311252,-0.006625357,0.455970852,0.005812678
1581249612.7921586,000000000102,e78f135624ce,-73,16.639979202,8.40592094,1.845794729,0.042178917,0.011205271,-0.997794729,0.328582481,0.005178917,0.055205271,0.005178917,-0.330787752,-0.001589459
1581249613.2451217,000000000102,e78f135624ce,-73,16.522500823,8.457878439,1.84395462,0.04530308,0.00865154,-0.99834846,0.779649895,0.01034846,0.04895462,0.01134846,-0.780649895,-0.00565154
1581249614.1541114,000000000102,e78f135624ce,-78,16.236061624,8.481267974,1.847871148,0.011128852,0.007376284,-0.997623716,-0.088160599,-0.002871148,0.027505135,-0.001871148,0.088536882,0.000623716
1581249614.6081033,000000000102,e78f135624ce,-77,16.077606344,8.478295087,1.854213308,0.002934391,0.00198352,-0.998409826,-0.194525185,-0.006590174,0.026295087,-0.006475435,0.193820272,-0.001426306
1581249614.6111345,000000000102,e78f135624ce,-71,16.076696969,8.478316739,1.855036076,0.002782828,0.00161544,-0.998366522,-0.197058445,-0.006633478,0.026316739,-0.006583694,0.196375184,-0.001751083
1581249615.069088,000000000102,e78f135624ce,-75,15.92237655,8.464868747,1.846917967,0.00309844,0.005016407,-0.998,-0.207178868,-0.009983593,0.014885154,-0.010983593,0.206195275,0.005
1581249615.0721002,000000000102,e78f135624ce,-74,15.921558958,8.464696623,1.846810389,0.003227533,0.005037922,-0.998,-0.204790641,-0.009962078,0.014734545,-0.010962078,0.203828564,0.005
1581249615.5220988,000000000102,e78f135624ce,-72,15.780283222,8.413280417,1.801125876,0.011875526,0.018374825,-0.998,-0.335470634,-0.011593706,-0.007218881,-0.012,0.334876928,0.019562237
1581249615.9771087,000000000102,e78f135624ce,-80,15.634981202,8.674994161,1.837891769,-0.086643549,0.007738821,-0.986554116,-0.530565794,-0.01236941,0.082828254,-0.013184705,0.541826973,0.005738821
1581249617.3380702,000000000102,e78f135624ce,-86,15.25996332,8.441004468,1.970913238,-0.03387209,-0.022826475,-0.989173525,-0.901711969,-0.017826475,0.03887209,-0.022739713,0.909538444,-0.021826475
1581249617.3411198,000000000102,e78f135624ce,-80,15.259142272,8.440464921,1.970889779,-0.033567129,-0.022779558,-0.989220442,-0.899741452,-0.017779558,0.038567129,-0.022669338,0.90752101,-0.021779558
1581249617.8000894,000000000102,e78f135624ce,-71,15.089350857,8.3483456,1.987562857,0.007549714,-0.017225143,-0.994777486,-0.862764343,-0.017777486,-0.002104686,-0.019777486,0.865764343,-0.019447657
1581249618.2520776,000000000102,e78f135624ce,-82,14.927394965,8.25164171,1.918132162,0.023093967,0.003490451,-0.997377387,-0.954906033,-0.016377387,-0.021471354,-0.018,0.955906033,0.002490451
1581249618.707269,000000000102,e78f135624ce,-78,14.775840736,8.252003982,1.849952221,0.013988055,0.018003982,-0.998,-0.985015926,-0.017,-0.013988055,-0.018,0.986011945,0.017007963
1581249620.066056,000000000102,e78f135624ce,-75,14.366399431,8.387268376,1.862373789,-0.03,0.008178917,-0.998,-0.968926495,-0.018,0.029,-0.018,0.969015954,0.008268376
1581249620.5220711,000000000102,e78f135624ce,-74,14.263679994,8.25807999,1.873544,0.008160003,0.006544,-0.997456,-0.895864006,-0.018544,-0.006160003,-0.018,0.897408006,0.006
1581249620.975063,000000000102,e78f135624ce,-70,14.122757087,8.187004244,1.873716007,0.02302054,0.006913597,-0.997152266,-0.964522662,-0.018847734,-0.02302054,-0.018847734,0.967370396,0.006761331
1581249621.4360945,000000000102,e78f135624ce,-77,13.962482625,8.328383061,1.828432843,-0.00468159,0.01868159,-0.999,-0.988522386,-0.017159205,0.00468159,-0.017,0.989363181,0.01868159
1581249621.8860784,000000000102,e78f135624ce,-70,13.823213823,8.419577172,1.792807609,-0.016368167,0.023,-0.999,-0.996456056,-0.018456056,0.016368167,-0.018,0.996456056,0.023
1581249622.3430588,000000000102,e78f135624ce,-85,13.668119671,8.469751913,1.766749727,-0.017250273,0.024749727,-0.999,-0.998125137,-0.019,0.017250273,-0.019,0.998125137,0.024749727
1581249622.7960591,000000000102,e78f135624ce,-80,13.510292778,8.498463403,1.765,-0.022487801,0.0182561,-0.999,-0.999,-0.0152561,0.0217439,-0.0152561,0.999,0.018512199
1581249623.2550933,000000000102,e78f135624ce,-75,13.372679112,8.529,1.757,-0.022607192,0.017,-0.999348202,-0.999,-0.017348202,0.021955394,-0.017,1.0,0.017651798
1581249623.7060635,000000000102,e78f135624ce,-77,13.211141665,8.527076626,1.762770122,-0.021923374,0.014076626,-0.999,-0.999,-0.014,0.021923374,-0.013923374,1.0,0.014076626
1581249624.1620998,000000000102,e78f135624ce,-67,13.060751294,8.532781304,1.76090652,-0.025218696,0.014828044,-0.999,-0.999,-0.015,0.025218696,-0.014390652,1.0,0.014828044
1581249625.071085,000000000102,e78f135624ce,-79,12.761867443,8.526740633,1.730740633,-0.025896253,0.02215562,-0.999,-0.999,-0.02,0.02584438,-0.02,0.999,0.023103747
1581249625.5311,000000000102,e78f135624ce,-75,12.61836881,8.539677014,1.734169254,-0.026,0.021,-0.999,-0.999,-0.019,0.026,-0.018415373,1.0,0.022
1581249625.9870749,000000000102,e78f135624ce,-74,12.525234038,8.562184397,1.75847518,-0.004787231,0.01226241,-0.999,-0.33211337,-0.009078013,0.032368795,-0.009078013,0.33211337,0.011446808
1581249626.441069,000000000102,e78f135624ce,-85,12.458858337,8.581530157,1.775367461,0.018632539,0.001734921,-0.999,0.574991642,0.002632539,0.030367461,0.003448809,-0.574991642,0.00581627
1581249626.8910792,000000000102,e78f135624ce,-70,12.362054376,8.593164798,1.784835202,0.022417601,-0.000417601,-1.0,0.862539233,0.007417601,0.026,0.007417601,-0.862539233,0.003
1581249627.345086,000000000102,e78f135624ce,-71,12.237958141,8.59031904,1.796617151,0.019872384,0.000808576,-1.0,0.956765697,0.009,0.021808576,0.009,-0.956765697,0.000127616
1581249628.2550712,000000000102,e78f135624ce,-76,11.970282983,8.578723998,1.803681,0.023638001,-0.000638001,-1.0,0.995319,0.013681,0.023638001,0.013681,-0.995319,0.001319
1581249628.7110982,000000000102,e78f135624ce,-75,11.823839262,8.576087584,1.817824832,0.026,0.001,-1.0,0.998,0.013956208,0.026956208,0.013956208,-0.998956208,-0.001
1581249629.1620374,000000000102,e78f135624ce,-74,11.677847302,8.597051722,1.809842365,0.019842365,-0.006578817,-1.0,0.999,0.012421183,0.019842365,0.012421183,-0.999,0.006578817
1581249629.6130557,000000000102,e78f135624ce,-77,11.534322642,8.586,1.809202036,0.023797964,-0.007202036,-1.0,0.999,0.011202036,0.023797964,0.011202036,-1.0,0.008
1581249630.0690782,000000000102,e78f135624ce,-70,11.39005189,8.573885642,1.811295214,0.025852393,-0.008,-1.0,0.999147607,0.011295214,0.025704786,0.011295214,-1.0,0.008852393
1581249630.072047,000000000102,e78f135624ce,-69,11.389037553,8.573737203,1.811245734,0.025877133,-0.008,-1.0,0.999122867,0.011245734,0.025754266,0.011245734,-1.0,0.008877133
1581249630.5290706,000000000102,e78f135624ce,-83,11.236202167,8.57659498,1.815075984,0.024481004,-0.005962008,-1.0,1.0,0.011518996,0.024481004,0.011518996,-1.0,0.005962008
1581249630.9830546,000000000102,e78f135624ce,-73,11.084578833,8.578457883,1.815,0.024271058,-0.005,-1.0,1.0,0.01,0.024271058,0.01,-1.0,0.005
1581249631.434028,000000000102,e78f135624ce,-82,10.940080989,8.575252025,1.813747975,0.026747975,-0.006,-1.0,1.0,0.011495951,0.026747975,0.011495951,-1.0,0.006747975
1581249631.888018,000000000102,e78f135624ce,-74,10.792631957,8.574605948,1.812788105,0.027788105,-0.009,-1.0,0.999605948,0.012394052,0.027394052,0.012,-1.0,0.009
1581249631.8910453,000000000102,e78f135624ce,-73,10.791723726,8.57458266,1.812834681,0.027834681,-0.009,-1.0,0.99958266,0.01241734,0.02741734,0.012,-1.0,0.009
1581249632.3430657,000000000102,e78f135624ce,-77,10.64082799,8.578951733,1.811096534,0.028048267,-0.007903466,-1.0,0.999951733,0.011048267,0.028048267,0.011048267,-1.0,0.007903466
1581249632.8030624,000000000102,e78f135624ce,-80,10.52861574,8.557751425,1.822562144,0.02,0.005281072,-0.995718928,0.562963498,0.006718928,0.067216079,0.007718928,-0.564963498,0.003281072
1581249633.2550602,000000000102,e78f135624ce,-72,10.343636435,8.570027967,1.820486017,0.016972033,0.003743008,-0.999,0.856793649,0.010256992,0.031944067,0.011,-0.857536657,-0.001
1581249633.7110944,000000000102,e78f135624ce,-69,10.153166581,8.583775761,1.81811212,0.003448479,0.003,-0.99988788,0.762423932,0.010224239,0.009448479,0.010224239,-0.762423932,0.000663641
1581249634.1681736,000000000102,e78f135624ce,-75,9.940121806,8.583837394,1.828325213,0.002,0.007581303,-1.0,-0.18713884,0.003837394,-0.001,0.003837394,0.18713884,0.005581303
1581249634.6293812,000000000102,e78f135624ce,-73,9.706141719,8.577963956,1.818478925,-0.001048258,0.009912645,-0.998695785,-0.252318885,-0.00282529,-0.024518022,-0.003129505,0.252927315,0.00960843
1581249634.6320057,000000000102,e78f135624ce,-70,9.704548267,8.576914152,1.818385192,-0.000373384,0.009968885,-0.998677038,-0.256405621,-0.002937769,-0.025042924,-0.003260731,0.257051544,0.009645923
1581249635.086724,000000000102,e78f135624ce,-75,9.491028625,8.525997564,1.820998173,0.013004872,0.013000609,-0.998999391,-0.767947622,-0.007001218,-0.021006091,-0.008000609,0.768947622,0.013
1581249635.9950593,000000000102,e78f135624ce,-69,9.162360602,8.540332148,1.830664295,-0.019166074,0.011501778,-1.0,-0.975162517,-0.003833926,0.018332148,-0.003833926,0.975162517,0.011501778
1581249636.4450402,000000000102,e78f135624ce,-76,8.993886021,8.54113396,1.833680376,-0.018680376,0.008773208,-1.0,-0.992319624,-0.003,0.018453584,-0.002773208,0.992319624,0.008773208
1581249636.9040482,000000000102,e78f135624ce,-68,8.819418468,8.546761758,1.836321318,-0.015559561,0.006119121,-1.0,-0.997440439,-0.004440439,0.015119121,-0.004440439,0.997440439,0.006119121
1581249637.3620453,000000000102,e78f135624ce,-70,8.648485003,8.551295958,1.83411734,-0.010530639,0.008,-1.0,-0.999,-0.006,0.010530639,-0.006,0.999,0.008
1581249638.2710433,000000000102,e78f135624ce,-74,8.31029912,8.520631232,1.840106305,0.000631232,0.009631232,-1.0,-1.0,-0.004,-0.000631232,-0.004,1.0,0.009631232
1581249638.7323127,000000000102,e78f135624ce,-77,8.143975435,8.522046013,1.837723923,-0.003046013,0.010092026,-1.0,-1.0,-0.005,0.003046013,-0.005,1.0,0.010092026
1581249639.1867764,000000000102,e78f135624ce,-74,7.972466856,8.522539027,1.827923416,-0.006307805,0.012384389,-1.0,-1.0,-0.005307805,0.006307805,-0.005307805,1.0,0.012384389
1581249639.6474075,000000000102,e78f135624ce,-69,7.790142774,8.524831928,1.836778715,-0.007610643,0.007221285,-1.0,-1.0,-0.006389357,0.007610643,-0.006389357,1.0,0.007221285
1581249640.1013935,000000000102,e78f135624ce,-75,7.607406852,8.527610564,1.837929193,-0.006822984,0.005,-1.0,-1.0,-0.006035403,0.006822984,-0.006035403,1.0,0.005
1581249640.5549924,000000000102,e78f135624ce,-73,7.438719453,8.519168459,1.840606712,-0.001955034,0.003348322,-1.0,-1.0,-0.007348322,0.001606712,-0.007348322,1.0,0.003348322
1581249641.0130131,000000000102,e78f135624ce,-84,7.282114894,8.5396037,1.833018501,-0.00769815,0.006792599,-1.0,-1.0,-0.009,0.00769815,-0.009,1.0,0.006792599
1581249641.4640238,000000000102,e78f135624ce,-71,7.113615871,8.534,1.83490179,-0.00209821,0.006,-1.0,-1.0,-0.01,0.00209821,-0.01,1.0,0.00609821
1581249641.915011,000000000102,e78f135624ce,-73,6.943286368,8.51962384,1.823326624,0.008,0.008049536,-1.0,-1.0,-0.009475232,-0.008,-0.01,1.0,0.008049536
1581249642.3660018,000000000102,e78f135624ce,-69,6.780271188,8.545068855,1.818295551,0.005556674,0.007704449,-1.0,-0.968080519,-0.012852225,-0.006,-0.012852225,0.968080519,0.007704449
1581249642.8220286,000000000102,e78f135624ce,-69,6.63274613,8.53238094,1.794142819,0.015,0.013412707,-0.999793647,-0.737175391,-0.014825414,-0.014031767,-0.014825414,0.737175391,0.011825414
1581249643.2729824,000000000102,e78f135624ce,-66,6.550103725,8.58360616,1.822316046,0.000354943,0.008670989,-1.0,0.005729366,0.000316046,-0.006987034,0.000316046,-0.005729366,0.001341977
1581249644.188973,000000000102,e78f135624ce,-79,6.276979212,8.683,1.864559743,-0.021366233,0.012292209,-0.999,0.900728579,0.017658442,-0.021366233,0.017658442,-0.900728579,-0.011292209
1581249644.6509724,000000000102,e78f135624ce,-66,6.165262528,8.633483083,1.885064954,0.000451963,0.017225981,-0.999387009,0.968870093,0.017612991,0.000451963,0.017612991,-0.968870093,-0.016225981
1581249645.1071694,000000000102,e78f135624ce,-65,5.97125715,8.649925869,1.879,-0.002074131,0.019851738,-0.999,0.672671798,0.010074131,-0.003074131,0.010074131,-0.672671798,-0.013925869
1581249646.012005,000000000102,e78f135624ce,-76,5.619997536,8.677458436,1.886,-0.009541564,0.01,-1.0,0.78975308,0.015458436,-0.005,0.015458436,-0.78975308,-0.011
1581249646.4664462,000000000102,e78f135624ce,-72,5.466556698,8.668128073,1.878290642,-0.004564037,0.007145321,-1.0,0.932657614,0.016854679,-0.003418716,0.016854679,-0.932657614,-0.008
1581249646.9179602,000000000102,e78f135624ce,-73,5.268709174,8.69129372,1.870470531,-0.019352657,0.005941063,-1.0,0.977823189,0.017,-0.018352657,0.017,-0.97829372,-0.006470531
1581249647.3729815,000000000102,e78f135624ce,-68,5.087025624,8.71750183,1.858373627,-0.022750915,0.01150183,-1.0,0.547919385,0.007875458,-0.011249085,0.007875458,-0.548794843,-0.004
1581249647.831985,000000000102,e78f135624ce,-63,4.897782872,8.732826868,1.859,-0.020620151,0.004620151,-0.999793283,0.162632915,0.003413434,-0.005413434,0.003413434,-0.162632915,-0.002
1581249648.288973,000000000102,e78f135624ce,-66,4.694387796,8.636478801,1.8618697,0.00669545,0.013,-0.999,0.061211994,0.00456515,-0.0043909,0.00456515,-0.061211994,-0.005
1581249648.7410004,000000000102,e78f135624ce,-71,4.513684894,8.622508917,1.868438762,0.006105232,0.010035077,-0.999,0.047614739,0.003859691,0.001894768,0.003859691,-0.047614739,-0.005859691
1581249649.1949708,000000000102,e78f135624ce,-72,4.381650827,8.571503719,1.862965083,0.03074814,0.013643388,-0.999,0.556032641,0.012034917,0.026426446,0.012356612,-0.557032641,-0.009321694
1581249649.6510022,000000000102,e78f135624ce,-68,4.229655641,8.592761196,1.852979744,0.004279316,0.009659915,-0.999,-0.172661024,0.000639658,0.032319829,0.000639658,0.172661024,-0.000319829
1581249650.1129818,000000000102,e78f135624ce,-64,4.029285585,8.619095243,1.846904757,-0.001761893,0.008,-1.0,-0.744333492,-0.008095243,0.012666651,-0.008047621,0.744333492,0.005047621
1581249650.5669737,000000000102,e78f135624ce,-61,3.814240497,8.641331811,1.850345509,0.010340943,0.006331811,-1.0,-0.917041091,-0.013,-0.007009131,-0.013,0.917041091,0.005331811
1581249651.0179837,000000000102,e78f135624ce,-60,3.602003095,8.616140681,1.818039752,0.025039752,0.011480124,-0.999,-0.973079505,-0.013740062,-0.02429969,-0.014,0.973079505,0.010740062
1581249651.472977,000000000102,e78f135624ce,-62,3.42220689,8.589956368,1.833468685,0.028893737,0.005212526,-0.999,-0.990681211,-0.011106263,-0.028893737,-0.011106263,0.991681211,0.005106263
1581249651.92596,000000000102,e78f135624ce,-65,3.242396545,8.576,1.839596207,0.019403793,0.003,-1.0,-0.996532069,-0.011935862,-0.019403793,-0.011935862,0.997532069,0.003
1581249652.386955,000000000102,e78f135624ce,-65,3.057630501,8.562535939,1.837535939,0.008071878,0.004232031,-1.0,-0.999,-0.012,-0.008071878,-0.012,0.999,0.004232031
1581249652.8429663,000000000102,e78f135624ce,-62,2.87599071,8.55842397,1.836,-0.00342397,0.004230412,-1.0,-1.0,-0.011884794,0.00342397,-0.011884794,1.0,0.004230412
1581249653.7489321,000000000102,e78f135624ce,-75,2.531046281,8.559863754,1.826038927,-0.012941609,0.006980536,-1.0,-1.0,-0.015,0.012941609,-0.015,1.0,0.007961073
1581249654.2020547,000000000102,e78f135624ce,-63,2.353338178,8.544639091,1.828,-0.006319545,0.005680455,-1.0,-1.0,-0.012958636,0.006319545,-0.012958636,1.0,0.005680455
1581249654.6549723,000000000102,e78f135624ce,-61,2.175169015,8.537655848,1.834,-0.002,0.002344152,-1.0,-1.0,-0.013655848,0.001655848,-0.013655848,1.0,0.002344152
1581249655.1139748,000000000102,e78f135624ce,-64,1.999742239,8.541205251,1.841948687,-0.003153938,0.0,-1.0,-1.0,-0.013,0.003153938,-0.013,1.0,0.0
1581249655.5729463,000000000102,e78f135624ce,-59,1.828691653,8.546692321,1.841692321,-0.009384641,0.001,-1.0,-1.0,-0.013,0.009384641,-0.013,1.0,0.001
1581249656.4879308,000000000102,e78f135624ce,-64,1.49010112,8.537316441,1.839810136,-0.023,0.002063288,-1.0,-1.0,-0.013,0.023,-0.013,1.0,0.002063288
1581249656.9449909,000000000102,e78f135624ce,-60,1.31993084,8.536203074,1.84,-0.026601537,0.002,-1.0,-0.999398463,-0.015,0.026601537,-0.014601537,1.0,0.002
1581249657.3949506,000000000102,e78f135624ce,-60,1.163602612,8.511700326,1.853350163,-0.016350163,-0.003566775,-1.0,-1.0,-0.016,0.016350163,-0.016,1.0,-0.003566775
1581249657.8489258,000000000102,e78f135624ce,-59,0.998401696,8.503148877,1.852702247,-0.011,-0.003851123,-1.0,-1.0,-0.016,0.011,-0.016,1.0,-0.003851123
1581249658.3039377,000000000102,e78f135624ce,-72,0.83361758,8.479237783,1.857904887,-0.000571335,-0.004476222,-1.0,-1.0,-0.014952443,0.000571335,-0.014952443,1.0,-0.004476222
1581249658.7619348,000000000102,e78f135624ce,-64,0.650068738,8.486252394,1.846,0.003252394,0.002,-1.0,-1.0,-0.015,-0.003252394,-0.015,1.0,0.002
1581249659.2158947,000000000102,e78f135624ce,-65,0.493268919,8.472376646,1.846950658,0.014049342,0.002524671,-1.0,-1.0,-0.017237665,-0.014049342,-0.017237665,1.0,0.001762335
1581249659.6679094,000000000102,e78f135624ce,-66,0.354810245,8.448247475,1.846,0.024179654,0.003606782,-0.999606782,-0.999606782,-0.015,-0.024179654,-0.015,1.0,0.003
1581249660.125042,000000000102,e78f135624ce,-60,0.272980765,8.448,1.859145605,0.026048535,0.000951465,-0.999951465,-0.999,-0.011,-0.026048535,-0.011,1.0,0.000951465
