1581249601.4121366,000000000101,e78f135624ce,-85,18.031,8.465,1.816,0.062,-0.0,-0.998,0.998,0.017,0.062,0.017,-1.0,0.002
1581249601.867156,000000000101,e78f135624ce,-78,18.029606964,8.465071309,1.821928691,0.061464345,0.002464345,-0.997464345,0.998535655,0.019,0.061464345,0.019,-0.999,7.1309e-05
1581249602.319176,000000000101,e78f135624ce,-82,18.024095268,8.465190537,1.828047951,0.060904732,0.002381073,-0.998,0.998,0.019095268,0.060904732,0.019095268,-1.0,-0.001285805
1581249602.7751598,000000000101,e78f135624ce,-84,18.014845157,8.456317969,1.843472812,0.058790782,0.005,-0.998,0.918468135,0.017527188,0.058790782,0.017527188,-0.920468135,-0.003
1581249603.2311225,000000000101,e78f135624ce,-86,17.964254761,8.44606369,1.85893631,0.008815277,-0.003312103,-0.999,-0.326108541,-0.006248413,0.032439484,-0.006248413,0.326108541,-0.006
1581249603.6911373,000000000101,e78f135624ce,-77,17.928323077,8.444959615,1.827403847,-0.011878846,0.019757692,-0.999,-0.78789038,-0.011959615,0.025040385,-0.011959615,0.787849996,0.018757692
1581249604.59914,000000000101,e78f135624ce,-82,17.891092525,8.443907475,1.793790033,-0.021604983,0.030604983,-0.999,-0.97881495,-0.014,0.022604983,-0.013697508,0.978117441,0.031302492
1581249605.0501342,000000000101,e78f135624ce,-83,17.883121034,8.447878966,1.783060517,-0.024878966,0.033,-0.999,-0.992878966,-0.014,0.024878966,-0.013,0.992818448,0.033060517
1581249605.5101228,000000000101,e78f135624ce,-83,17.879,8.461272773,1.822757424,-0.023848515,0.004121288,-0.999,-0.900423757,-0.015575742,0.025848515,-0.015151485,0.900423757,0.00469703
1581249605.9661477,000000000101,e78f135624ce,-79,17.878703873,8.446888381,1.862,-0.016592254,-0.012296127,-0.999175968,-0.967583714,-0.017824032,0.017592254,-0.017824032,0.967583714,-0.011472095
1581249606.418153,000000000101,e78f135624ce,-86,17.878,8.443409116,1.859590884,-0.019204558,-0.002,-0.999,-0.989181768,-0.015204558,0.019409116,-0.015204558,0.989386326,-0.001795442
1581249606.8711762,000000000101,e78f135624ce,-77,17.876,8.459724792,1.854,-0.023979833,0.002,-0.999,-0.893387111,-0.013836694,0.025561486,-0.013836694,0.894387111,0.003
1581249607.7851272,000000000101,e78f135624ce,-79,17.810221857,8.444791598,1.842472268,0.017152938,0.006527732,-0.999,-0.988944536,-0.014736134,-0.017152938,-0.014736134,0.989208402,0.006527732
1581249608.24412,000000000101,e78f135624ce,-87,17.73535103,8.431183219,1.851972031,0.016450343,0.001816781,-0.999394406,-0.996394406,-0.015394406,-0.016450343,-0.015394406,0.996394406,0.001211187
1581249608.696146,000000000101,e78f135624ce,-71,17.641124069,8.432039702,1.858975186,-0.007990074,0.001009926,-0.999,-0.998,-0.016995037,0.007990074,-0.016995037,0.998995037,0.001009926
1581249609.1551113,000000000101,e78f135624ce,-82,17.541335964,8.430526754,1.847923684,-0.02360307,0.009717544,-0.999,-0.999,-0.015,0.02360307,-0.015,0.999,0.01039693
1581249609.6121147,000000000101,e78f135624ce,-81,17.441283929,8.415972857,1.849394571,-0.016605429,0.011697286,-0.999,-0.886039717,-0.014908143,0.0204405,-0.0145595,0.886039717,0.009605429
1581249610.0652084,000000000101,e78f135624ce,-78,17.332435222,8.469736229,1.833065943,-0.020934057,0.02,-0.999,-0.421094648,-0.006013189,0.034934057,-0.006013189,0.42208146,0.013986811
1581249610.518172,000000000101,e78f135624ce,-78,17.225559929,8.423077385,1.832974205,-0.003810318,0.018620636,-0.999,-0.713725373,-0.011189682,0.012025795,-0.010594841,0.713725373,0.015215477
1581249610.9721599,000000000101,e78f135624ce,-78,17.11117798,8.421731564,1.824593901,-0.007634218,0.018097346,-0.999,-0.698180912,-0.012211406,0.019788594,-0.011422812,0.698180912,0.016097346
1581249611.4321454,000000000101,e78f135624ce,-80,16.98460512,8.46132404,1.82235192,-0.02888734,0.0204367,-0.998,-0.62823926,-0.01,0.05054936,-0.009,0.62923926,0.0164367
1581249612.7891169,000000000101,e78f135624ce,-80,16.64084103,8.405540722,1.845769381,0.042077526,0.011230619,-0.997769381,0.322727118,0.005077526,0.055230619,0.005077526,-0.324957736,-0.001538763
1581249613.242116,000000000101,e78f135624ce,-74,16.523402546,8.457495889,1.844036595,0.04535773,0.008678865,-0.998321135,0.777873772,0.010321135,0.049036595,0.011321135,-0.778873772,-0.005678865
1581249613.6972423,000000000101,e78f135624ce,-78,16.398319017,8.493386142,1.843068206,0.038068206,0.007,-0.999,0.847316855,0.011931794,0.041136413,0.012,-0.848316855,-0.006931794
1581249614.1551125,000000000101,e78f135624ce,-76,16.235718384,8.481167862,1.847892601,0.011107399,0.007369133,-0.997630867,-0.08935479,-0.002892601,0.027476532,-0.001892601,0.089723923,0.000630867
1581249614.6111364,000000000101,e78f135624ce,-83,16.076696396,8.478316752,1.855036594,0.002782733,0.001615208,-0.998366495,-0.197060039,-0.006633505,0.026316752,-0.006583762,0.196376791,-0.001751287
1581249615.519083,000000000101,e78f135624ce,-80,15.781516942,8.412759513,1.801674196,0.012204518,0.018265161,-0.998,-0.336649522,-0.01156629,-0.007301129,-0.012,0.336083232,0.019397741
1581249615.974094,000000000101,e78f135624ce,-81,15.63602268,8.676775637,1.838056213,-0.087438361,0.007629192,-0.986471894,-0.52692062,-0.012314596,0.083595659,-0.013157298,0.538291428,0.005629192
1581249616.8871014,000000000101,e78f135624ce,-78,15.399474012,8.367659429,1.935432894,0.020639255,-0.011608224,-0.993463925,-0.821989143,-0.017536075,-0.012391776,-0.019536075,0.826525217,-0.013680373
1581249617.3411222,000000000101,e78f135624ce,-84,15.25914163,8.4404645,1.970889761,-0.033566891,-0.022779522,-0.989220478,-0.899739911,-0.017779522,0.038566891,-0.022669283,0.907519433,-0.021779522
1581249618.250082,000000000101,e78f135624ce,-75,14.928126672,8.251525302,1.918082272,0.023310153,0.00355697,-0.997360757,-0.954689847,-0.016360757,-0.021670911,-0.018,0.955689847,0.00255697
1581249618.705135,000000000101,e78f135624ce,-86,14.776496816,8.252254778,1.850216561,0.013936306,0.017961783,-0.998,-0.984936306,-0.017012739,-0.013936306,-0.018,0.985923567,0.016974522
1581249619.1560957,000000000101,e78f135624ce,-81,14.653598577,8.377559858,1.891100356,-0.028,0.000169893,-0.994220071,-0.924640854,-0.017220071,0.031389964,-0.018610036,0.928420783,-0.001220071
1581249619.6100667,000000000101,e78f135624ce,-80,14.504529259,8.402672443,1.870744034,-0.030488068,0.007,-0.997255966,-0.902167047,-0.017744034,0.028488068,-0.017744034,0.903167047,0.007
1581249620.0671008,000000000101,e78f135624ce,-74,14.366068593,8.387242257,1.862434733,-0.03,0.008161505,-0.998,-0.969030971,-0.018,0.029,-0.018,0.969111723,0.008242257
1581249620.5230978,000000000101,e78f135624ce,-69,14.263423336,8.25760945,1.873552555,0.008288332,0.006552555,-0.997447445,-0.896129219,-0.018552555,-0.006288332,-0.018,0.897681774,0.006
1581249620.9761221,000000000101,e78f135624ce,-81,14.122395243,8.187410215,1.873583625,0.022905809,0.00696655,-0.997161092,-0.964610916,-0.018838908,-0.022905809,-0.018838908,0.967449825,0.006805458
1581249621.4330854,000000000101,e78f135624ce,-81,13.963570522,8.327711805,1.828641164,-0.004635297,0.018635297,-0.999,-0.988452945,-0.017182352,0.004635297,-0.017,0.989270594,0.018635297
1581249621.8841026,000000000101,e78f135624ce,-72,13.823806555,8.419258009,1.792913997,-0.016322573,0.023,-0.999,-0.996440858,-0.018440858,0.016322573,-0.018,0.996440858,0.023
1581249622.3440824,000000000101,e78f135624ce,-78,13.667812612,8.469862139,1.76673398,-0.01726602,0.02473398,-0.999,-0.99813301,-0.019,0.01726602,-0.019,0.99813301,0.02473398
1581249622.7981107,000000000101,e78f135624ce,-73,13.509472141,8.498565982,1.765,-0.022521994,0.018239003,-0.999,-0.999,-0.015239003,0.021760997,-0.015239003,0.999,0.018478006
1581249622.8010666,000000000101,e78f135624ce,-81,13.508289774,8.498713778,1.765,-0.022571259,0.01821437,-0.999,-0.999,-0.01521437,0.02178563,-0.01521437,0.999,0.018428741
1581249623.2561166,000000000101,e78f135624ce,-74,13.372269795,8.529,1.757,-0.022569981,0.017,-0.999357505,-0.999,-0.017357505,0.021927486,-0.017,1.0,0.017642495
1581249623.7071297,000000000101,e78f135624ce,-77,13.210829418,8.52706901,1.762792969,-0.02193099,0.01406901,-0.999,-0.999,-0.014,0.02193099,-0.01393099,1.0,0.01406901
1581249624.1590624,000000000101,e78f135624ce,-78,13.061792705,8.532824696,1.76112348,-0.025175304,0.014762956,-0.999,-0.999,-0.015,0.025175304,-0.014412348,1.0,0.014762956
1581249624.6200933,000000000101,e78f135624ce,-74,12.904462811,8.528216283,1.751525585,-0.024762792,0.016927906,-0.999,-0.999,-0.017309302,0.024762792,-0.016618604,1.0,0.017618604
1581249625.07209,000000000101,e78f135624ce,-78,12.761538556,8.526786312,1.730786312,-0.025914525,0.022128213,-0.999,-0.999,-0.02,0.025871787,-0.02,0.999,0.023085475
1581249625.5320787,000000000101,e78f135624ce,-74,12.618039608,8.539748193,1.734187048,-0.026,0.021,-0.999,-0.999,-0.019,0.026,-0.018406476,1.0,0.022
1581249625.9880764,000000000101,e78f135624ce,-73,12.525097457,8.562193503,1.758548023,-0.004677966,0.012225989,-0.999,-0.328662412,-0.009032486,0.032387006,-0.009032486,0.328662412,0.011419491
1581249627.343056,000000000101,e78f135624ce,-70,12.238457866,8.590240958,1.79671085,0.019903617,0.000855425,-1.0,0.9565783,0.009,0.021855425,0.009,-0.9565783,9.6383e-05
1581249627.8010466,000000000101,e78f135624ce,-76,12.10961695,8.588085094,1.799702129,0.018404259,0.000297871,-1.0,0.985808518,0.012404259,0.019106388,0.012404259,-0.985808518,0.0
1581249628.2566283,000000000101,e78f135624ce,-71,11.969725018,8.578672095,1.803668024,0.023663953,-0.000663953,-1.0,0.995331976,0.013668024,0.023663953,0.013668024,-0.995331976,0.001331976
1581249628.7120748,000000000101,e78f135624ce,-80,11.823523757,8.57607256,1.81785488,0.026,0.001,-1.0,0.998,0.01396372,0.02696372,0.01396372,-0.99896372,-0.001
1581249629.1630728,000000000101,e78f135624ce,-83,11.677528702,8.597107477,1.809826435,0.019826435,-0.006586782,-1.0,0.999,0.012413218,0.019826435,0.012413218,-0.999,0.006586782
1581249629.6140814,000000000101,e78f135624ce,-70,11.534022829,8.586,1.809209926,0.023790074,-0.007209926,-1.0,0.999,0.011209926,0.023790074,0.011209926,-1.0,0.008
1581249630.5270786,000000000101,e78f135624ce,-81,11.236899363,8.576511981,1.815009584,0.024497604,-0.005995208,-1.0,1.0,0.011502396,0.024497604,0.011502396,-1.0,0.005995208
1581249630.9841728,000000000101,e78f135624ce,-73,11.084206105,8.578420611,1.815,0.024289695,-0.005,-1.0,1.0,0.01,0.024289695,0.01,-1.0,0.005
1581249631.4361155,000000000101,e78f135624ce,-71,10.939438653,8.575235966,1.813764034,0.026764034,-0.006,-1.0,1.0,0.011528067,0.026764034,0.011528067,-1.0,0.006764034
1581249631.8920622,000000000101,e78f135624ce,-67,10.79141867,8.574574838,1.812850325,0.027850325,-0.009,-1.0,0.999574838,0.012425162,0.027425162,0.012,-1.0,0.009
1581249632.3440356,000000000101,e78f135624ce,-74,10.640492261,8.578944272,1.811111455,0.028055728,-0.007888545,-1.0,0.999944272,0.011055728,0.028055728,0.011055728,-1.0,0.007888545
1581249632.8010697,000000000101,e78f135624ce,-77,10.529479246,8.557618578,1.822595356,0.02,0.005297678,-0.995702322,0.560539041,0.006702322,0.067465167,0.007702322,-0.562539041,0.003297678
1581249633.2520552,000000000101,e78f135624ce,-74,10.345056995,8.569918693,1.820540654,0.017081307,0.003770327,-0.999,0.855646273,0.010229673,0.032162615,0.011,-0.8564166,-0.001
1581249633.7120574,000000000101,e78f135624ce,-74,10.152788271,8.583789517,1.818105241,0.003420965,0.003,-0.999894759,0.761048258,0.010210483,0.009420965,0.010210483,-0.761048258,0.000684276
1581249634.171061,000000000101,e78f135624ce,-74,9.938884313,8.583796144,1.828407712,0.002,0.007601928,-1.0,-0.192501312,0.003796144,-0.001,0.003796144,0.192501312,0.005601928
1581249635.0840607,000000000101,e78f135624ce,-79,9.492166614,8.525900714,1.820925535,0.013198573,0.013024822,-0.998975178,-0.765865345,-0.007049643,-0.021248216,-0.008024822,0.766865345,0.013
1581249635.538053,000000000101,e78f135624ce,-78,9.325381366,8.530556927,1.824886146,-0.006227707,0.013556927,-0.999,-0.923366244,-0.007,0.003784634,-0.007,0.923366244,0.013556927
1581249635.9960353,000000000101,e78f135624ce,-76,9.16195242,8.540349895,1.83069979,-0.019174947,0.011475158,-1.0,-0.975224632,-0.003825053,0.018349895,-0.003825053,0.975224632,0.011475158
1581249636.446027,000000000101,e78f135624ce,-81,8.993547685,8.541098717,1.83365923,-0.01865923,0.008780257,-1.0,-0.99234077,-0.003,0.018439487,-0.002780257,0.99234077,0.008780257
1581249636.905049,000000000101,e78f135624ce,-71,8.819041213,8.546792554,1.836344416,-0.015551861,0.006103723,-1.0,-0.997448139,-0.004448139,0.015103723,-0.004448139,0.997448139,0.006103723
1581249637.3600142,000000000101,e78f135624ce,-72,8.649219319,8.5513897,1.834101717,-0.010593134,0.008,-1.0,-0.999,-0.006,0.010593134,-0.006,0.999,0.008
1581249637.8180413,000000000101,e78f135624ce,-69,8.479020731,8.535197905,1.837760419,-0.001479162,0.009760419,-1.0,-1.0,-0.005,0.001479162,-0.005,1.0,0.009760419
1581249638.2720373,000000000101,e78f135624ce,-71,8.309901533,8.520622949,1.840131154,0.000622949,0.009622949,-1.0,-1.0,-0.004,-0.000622949,-0.004,1.0,0.009622949
1581249638.7330427,000000000101,e78f135624ce,-64,8.143707754,8.522052096,1.837687421,-0.003052096,0.010104193,-1.0,-1.0,-0.005,0.003052096,-0.005,1.0,0.010104193
1581249639.1880407,000000000101,e78f135624ce,-66,7.972009751,8.522490399,1.827894239,-0.00629808,0.01240384,-1.0,-1.0,-0.00529808,0.00629808,-0.00529808,1.0,0.01240384
1581249639.645081,000000000101,e78f135624ce,-72,7.791055473,8.524885616,1.836742923,-0.007628539,0.007257077,-1.0,-1.0,-0.006371461,0.007628539,-0.006371461,1.0,0.007257077
1581249640.102031,000000000101,e78f135624ce,-70,7.607186168,8.527556619,1.837919385,-0.006798463,0.005,-1.0,-1.0,-0.006040307,0.006798463,-0.006040307,1.0,0.005
1581249640.5570736,000000000101,e78f135624ce,-70,7.437886989,8.519359232,1.840676084,-0.002007063,0.003330979,-1.0,-1.0,-0.007330979,0.001676084,-0.007330979,1.0,0.003330979
1581249641.0140235,000000000101,e78f135624ce,-72,7.281727567,8.539620541,1.833102703,-0.00768973,0.006758919,-1.0,-1.0,-0.009,0.00768973,-0.009,1.0,0.006758919
1581249641.4650345,000000000101,e78f135624ce,-76,7.113250481,8.534,1.834909564,-0.002090436,0.006,-1.0,-1.0,-0.01,0.002090436,-0.01,1.0,0.006090436
1581249641.9159958,000000000101,e78f135624ce,-70,6.942915134,8.519661721,1.823273591,0.008,0.008064688,-1.0,-1.0,-0.009467656,-0.008,-0.01,1.0,0.008064688
1581249642.366987,000000000101,e78f135624ce,-75,6.780028691,8.545174948,1.818310707,0.00553394,0.007689293,-1.0,-0.966443664,-0.012844647,-0.006,-0.012844647,0.966443664,0.007689293
1581249642.819983,000000000101,e78f135624ce,-75,6.633138209,8.532329799,1.793989396,0.015,0.013446801,-0.9997766,-0.740329076,-0.014893602,-0.014117002,-0.014893602,0.740329076,0.011893602
1581249643.2699826,000000000101,e78f135624ce,-69,6.550758224,8.583224369,1.822206963,0.000491297,0.008698259,-1.0,-0.002288242,0.000206963,-0.006905222,0.000206963,0.002288242,0.001396519
1581249643.7299917,000000000101,e78f135624ce,-72,6.445505593,8.62780573,1.85380573,-0.009097135,0.010048568,-1.0,0.684414734,0.013902865,-0.011145703,0.012902865,-0.684414734,-0.006951432
1581249644.1910799,000000000101,e78f135624ce,-72,6.276407338,8.683,1.864755384,-0.021306036,0.012367456,-0.999,0.901225207,0.017673491,-0.021306036,0.017673491,-0.901225207,-0.011367456
1581249645.1050632,000000000101,e78f135624ce,-77,5.971813785,8.649940913,1.879,-0.002059087,0.019881826,-0.999,0.67131782,0.010059087,-0.003059087,0.010059087,-0.67131782,-0.013940913
1581249645.5579846,000000000101,e78f135624ce,-72,5.805464232,8.656527861,1.867763931,-0.003763931,0.009058358,-0.999647214,0.892652485,0.013647214,-0.004763931,0.013647214,-0.892652485,-0.007058358
1581249646.0130036,000000000101,e78f135624ce,-71,5.619561827,8.677476591,1.886,-0.009523409,0.01,-1.0,0.790297716,0.015476591,-0.005,0.015476591,-0.790297716,-0.011
1581249646.4671745,000000000101,e78f135624ce,-75,5.466286162,8.668159289,1.878280237,-0.004579645,0.007140118,-1.0,0.932777275,0.016859882,-0.003439526,0.016859882,-0.932777275,-0.008
1581249646.9210021,000000000101,e78f135624ce,-65,5.267351983,8.691457519,1.870493931,-0.019469657,0.005987863,-1.0,0.977963588,0.017,-0.018469657,0.017,-0.978457519,-0.006493931
1581249647.3742735,000000000101,e78f135624ce,-62,5.086469075,8.717462077,1.858403442,-0.022731038,0.011462077,-1.0,0.546955363,0.007865519,-0.011268962,0.007865519,-0.547820882,-0.004
1581249647.8299978,000000000101,e78f135624ce,-68,4.898726802,8.732893109,1.859,-0.020669832,0.004669832,-0.999776723,0.164686376,0.003446554,-0.005446554,0.003446554,-0.164686376,-0.002
1581249648.2869864,000000000101,e78f135624ce,-67,4.695248718,8.636346351,1.861836588,0.006745118,0.013,-0.999,0.06253649,0.004581706,-0.004490237,0.004581706,-0.06253649,-0.005
1581249648.7419605,000000000101,e78f135624ce,-65,4.513156832,8.622396904,1.868310747,0.006129235,0.010043078,-0.999,0.047070675,0.003827687,0.001870765,0.003827687,-0.047070675,-0.005827687
1581249649.1970062,000000000101,e78f135624ce,-66,4.381181125,8.571284525,1.862918112,0.030857738,0.013612075,-0.999,0.558318527,0.012081888,0.0265517,0.012387925,-0.559318527,-0.009306037
1581249649.6519568,000000000101,e78f135624ce,-66,4.229281134,8.592864002,1.852957714,0.00422057,0.009652571,-0.999,-0.174467472,0.000610285,0.032305143,0.000610285,0.174467472,-0.000305143
1581249650.1099195,000000000101,e78f135624ce,-69,4.030628262,8.619048131,1.846951869,-0.001879672,0.008,-1.0,-0.742684591,-0.008048131,0.012831541,-0.008024066,0.742684591,0.005024066
1581249650.564968,000000000101,e78f135624ce,-68,3.81526,8.641348525,1.850211803,0.010257377,0.006348525,-1.0,-0.916589836,-0.013,-0.006908852,-0.013,0.916589836,0.005348525
1581249651.014971,000000000101,e78f135624ce,-65,3.60325837,8.616416842,1.81793933,0.02493933,0.011530335,-0.999,-0.972878661,-0.013765167,-0.024174163,-0.014,0.972878661,0.010765167
1581249651.4739442,000000000101,e78f135624ce,-66,3.421842306,8.589889403,1.833505887,0.028901177,0.005197645,-0.999,-0.990703532,-0.011098823,-0.028901177,-0.011098823,0.991703532,0.005098823
1581249651.92695,000000000101,e78f135624ce,-67,3.242015809,8.576,1.839619051,0.019380949,0.003,-1.0,-0.996539684,-0.011920632,-0.019380949,-0.011920632,0.997539684,0.003
1581249652.3879397,000000000101,e78f135624ce,-64,3.057259357,8.56252079,1.83752079,0.00804158,0.004239605,-1.0,-0.999,-0.012,-0.00804158,-0.012,0.999,0.004239605
1581249652.8409603,000000000101,e78f135624ce,-75,2.87686,8.558340385,1.836,-0.003340385,0.004263846,-1.0,-1.0,-0.011868077,0.003340385,-0.011868077,1.0,0.004263846
1581249653.2952838,000000000101,e78f135624ce,-70,2.704280385,8.566,1.835677471,-0.015881686,0.005440843,-1.0,-1.0,-0.010440843,0.015881686,-0.010440843,1.0,0.005440843
1581249653.746975,000000000101,e78f135624ce,-68,2.531918116,8.559988302,1.826003342,-0.012994987,0.006998329,-1.0,-1.0,-0.015,0.012994987,-0.015,1.0,0.007996658
1581249654.2029185,000000000101,e78f135624ce,-65,2.353042021,8.544626751,1.828,-0.006313375,0.005686625,-1.0,-1.0,-0.012940126,0.006313375,-0.012940126,1.0,0.005686625
1581249654.6569633,000000000101,e78f135624ce,-81,2.174514819,8.537641626,1.834,-0.002,0.002358374,-1.0,-1.0,-0.013641626,0.001641626,-0.013641626,1.0,0.002358374
1581249655.1149998,000000000101,e78f135624ce,-65,1.999420109,8.541234536,1.841941366,-0.003175902,0.0,-1.0,-1.0,-0.013,0.003175902,-0.013,1.0,0.0
1581249655.5699174,000000000101,e78f135624ce,-67,1.830095948,8.546664785,1.841664785,-0.009329571,0.001,-1.0,-1.0,-0.013,0.009329571,-0.013,1.0,0.001
1581249656.0289102,000000000101,e78f135624ce,-75,1.657736356,8.535335932,1.841832034,-0.014043941,-0.000416017,-1.0,-1.0,-0.015291992,0.014043941,-0.015291992,1.0,-0.000416017
1581249656.4909525,000000000101,e78f135624ce,-63,1.48904352,8.537208522,1.839874887,-0.023,0.002041704,-1.0,-1.0,-0.013,0.023,-0.013,1.0,0.002041704
1581249656.9459333,000000000101,e78f135624ce,-65,1.319604601,8.536217573,1.84,-0.026608787,0.002,-1.0,-0.999391213,-0.015,0.026608787,-0.014608787,1.0,0.002
1581249657.3959246,000000000101,e78f135624ce,-71,1.163243003,8.511655375,1.853327688,-0.016327688,-0.003551792,-1.0,-1.0,-0.016,0.016327688,-0.016,1.0,-0.003551792
1581249658.3019261,000000000101,e78f135624ce,-84,0.834405433,8.479405411,1.857837835,-0.000621623,-0.004459459,-1.0,-1.0,-0.014918918,0.000621623,-0.014918918,1.0,-0.004459459
1581249658.7628825,000000000101,e78f135624ce,-67,0.64969755,8.486268189,1.846,0.003268189,0.002,-1.0,-1.0,-0.015,-0.003268189,-0.015,1.0,0.002
1581249659.2169275,000000000101,e78f135624ce,-67,0.492959071,8.472297198,1.846918879,0.014081121,0.00254056,-1.0,-1.0,-0.01722972,-0.014081121,-0.01722972,1.0,0.00177028
1581249659.6709378,000000000101,e78f135624ce,-84,0.35408809,8.448084407,1.846,0.02424954,0.003583487,-0.999583487,-0.999583487,-0.015,-0.02424954,-0.015,1.0,0.003
1581249660.125913,000000000101,e78f135624ce,-71,0.272873178,8.448,1.859160975,0.026053658,0.000946342,-0.999946342,-0.999,-0.011,-0.026053658,-0.011,1.0,0.000946342
