1581249601.411019,000000000202,e78f135624ce,-77,18.031,8.465,1.816,0.062,-0.0,-0.998,0.998,0.017,0.062,0.017,-1.0,0.002
1581249601.8660204,000000000202,e78f135624ce,-74,18.029633169,8.46508878,1.82191122,0.06145561,0.00245561,-0.99745561,0.99854439,0.019,0.06145561,0.019,-0.999,8.878e-05
1581249602.3230214,000000000202,e78f135624ce,-82,18.024124849,8.465249697,1.828373336,0.060875151,0.002499395,-0.998,0.998,0.019124849,0.060875151,0.019124849,-1.0,-0.001374546
1581249602.7770061,000000000202,e78f135624ce,-80,18.014737455,8.456241039,1.843503584,0.058744624,0.005,-0.998,0.916806452,0.017496416,0.058744624,0.017496416,-0.918806452,-0.003
1581249603.2340016,000000000202,e78f135624ce,-77,17.963940673,8.445985168,1.859014832,0.008632059,-0.003338277,-0.999,-0.331317177,-0.006353109,0.032308614,-0.006353109,0.331317177,-0.006
1581249604.1470408,000000000202,e78f135624ce,-76,17.904421437,8.441644641,1.815487515,-0.017289282,0.021578563,-0.999,-0.932537456,-0.014,0.021,-0.014,0.932182097,0.021578563
1581249604.6019948,000000000202,e78f135624ce,-82,17.89103135,8.44396865,1.793708467,-0.021645766,0.030645766,-0.999,-0.978937299,-0.014,0.022645766,-0.013677117,0.978260183,0.031322883
1581249605.0529842,000000000202,e78f135624ce,-82,17.883069215,8.447930785,1.783034608,-0.024930785,0.033,-0.999,-0.992930785,-0.014,0.024930785,-0.013,0.992896177,0.033034608
1581249605.5129945,000000000202,e78f135624ce,-75,17.879,8.461194452,1.823018493,-0.023796301,0.003990754,-0.999,-0.901259176,-0.015601849,0.025796301,-0.015203699,0.901259176,0.004592603
1581249605.969046,000000000202,e78f135624ce,-79,17.878809271,8.446572186,1.862,-0.016381457,-0.012190729,-0.999202318,-0.967820861,-0.017797682,0.017381457,-0.017797682,0.967820861,-0.011393046
1581249606.8711407,000000000202,e78f135624ce,-85,17.876,8.459728891,1.854,-0.023983113,0.002,-0.999,-0.893378366,-0.013836148,0.025565039,-0.013836148,0.894378366,0.003
1581249607.327024,000000000202,e78f135624ce,-75,17.859976708,8.437629718,1.841606426,0.0,0.010236144,-0.999,-0.966708433,-0.014,7.8715e-05,-0.014,0.966708433,0.010236144
1581249607.7880125,000000000202,e78f135624ce,-77,17.809837144,8.444719465,1.842520357,0.017321249,0.006479643,-0.999,-0.989040714,-0.014760178,-0.017321249,-0.014760178,0.989280535,0.006479643
1581249608.2471166,000000000202,e78f135624ce,-86,17.734676776,8.431258136,1.852096893,0.016225592,0.001741864,-0.999419379,-0.996419379,-0.015419379,-0.016225592,-0.015419379,0.996419379,0.001161243
1581249608.699161,000000000202,e78f135624ce,-78,17.640486525,8.432,1.859019749,-0.008098745,0.001,-0.999,-0.998019749,-0.016980251,0.008098745,-0.016980251,0.999,0.001
1581249609.1540704,000000000202,e78f135624ce,-79,17.541544151,8.430614833,1.847971727,-0.023643106,0.009685515,-0.999,-0.999,-0.015,0.023643106,-0.015,0.999,0.010356894
1581249609.6139958,000000000202,e78f135624ce,-76,17.440922175,8.41626226,1.849452452,-0.016547548,0.011726226,-0.999,-0.881351385,-0.014821322,0.020541791,-0.014458209,0.881351385,0.009547548
1581249610.0680096,000000000202,e78f135624ce,-77,17.331737542,8.470056241,1.833065615,-0.020962506,0.019962506,-0.999,-0.419446963,-0.006,0.035,-0.005990626,0.420437589,0.013962506
1581249610.522019,000000000202,e78f135624ce,-84,17.224566149,8.422596524,1.833134492,-0.003746203,0.018492406,-0.999,-0.716674654,-0.011253797,0.011865508,-0.010626898,0.716674654,0.015119305
1581249610.9750197,000000000202,e78f135624ce,-81,17.110296198,8.421588573,1.824999044,-0.007705714,0.017882859,-0.999,-0.70023046,-0.012235238,0.019764762,-0.011470476,0.70023046,0.015882859
1581249611.4310076,000000000202,e78f135624ce,-77,16.984885178,8.461271529,1.822456942,-0.028878588,0.020392941,-0.998,-0.62833553,-0.01,0.050514353,-0.009,0.62933553,0.016392941
1581249611.8890166,000000000202,e78f135624ce,-83,16.865777449,8.422888384,1.832000227,-0.006443737,0.015555581,-0.997444419,-0.556771764,-0.007666515,0.049111389,-0.006666515,0.555660602,0.009666515
1581249611.891983,000000000202,e78f135624ce,-79,16.865480809,8.422432014,1.832205594,-0.00580482,0.015578399,-0.997421601,-0.551340968,-0.007529604,0.049362392,-0.006529604,0.550184169,0.009529604
1581249612.340992,000000000202,e78f135624ce,-82,16.751276785,8.376766071,1.841441518,0.017350893,0.015558482,-0.996813839,-0.457560265,-0.007627679,0.050303125,-0.006627679,0.456187943,0.005813839
1581249612.7919989,000000000202,e78f135624ce,-74,16.640024462,8.405900973,1.845793398,0.042173593,0.011206602,-0.997793398,0.32827498,0.005173593,0.055206602,0.005173593,-0.330481582,-0.001586796
1581249613.2440038,000000000202,e78f135624ce,-79,16.522836206,8.457736155,1.84398511,0.045323406,0.008661703,-0.998338297,0.778989291,0.010338297,0.04898511,0.011338297,-0.779989291,-0.005661703
1581249613.7000232,000000000202,e78f135624ce,-75,16.397643653,8.493564915,1.843048343,0.038048343,0.007,-0.999,0.848389492,0.011951657,0.041096685,0.012,-0.849389492,-0.006951657
1581249613.7031653,000000000202,e78f135624ce,-78,16.396880568,8.493766909,1.843025899,0.038025899,0.007,-0.999,0.849601451,0.011974101,0.041051798,0.012,-0.850601451,-0.006974101
1581249614.1579943,000000000202,e78f135624ce,-83,16.23473035,8.480879686,1.847954353,0.011045647,0.007348549,-0.997651451,-0.092792322,-0.002954353,0.027394196,-0.001954353,0.093140871,0.000651451
1581249615.0710282,000000000202,e78f135624ce,-74,15.921849911,8.464757876,1.846848672,0.003181593,0.005030266,-0.998,-0.205640528,-0.009969734,0.014788141,-0.010969734,0.204670794,0.005
1581249615.522005,000000000202,e78f135624ce,-77,15.780321553,8.413264233,1.801142913,0.011885748,0.018371417,-0.998,-0.335507262,-0.011592854,-0.007221437,-0.012,0.334914408,0.019557126
1581249616.4310057,000000000202,e78f135624ce,-74,15.524972904,8.604714024,1.938449652,-0.051527645,-0.020395459,-0.987289271,-0.633683632,-0.011736726,0.062975101,-0.016447455,0.640946906,-0.026027096
1581249617.8000183,000000000202,e78f135624ce,-78,15.089386382,8.348370467,1.987577659,0.007537873,-0.017231064,-0.994776894,-0.862737108,-0.017776894,-0.00209166,-0.019776894,0.865737108,-0.01945417
1581249617.8030155,000000000202,e78f135624ce,-79,15.0878878,8.34732146,1.98695325,0.0080374,-0.0169813,-0.99480187,-0.86388602,-0.01780187,-0.00264114,-0.01980187,0.86688602,-0.01917943
1581249618.2529724,000000000202,e78f135624ce,-80,14.927066876,8.251693906,1.918154531,0.022997032,0.003460625,-0.997384844,-0.955002968,-0.016384844,-0.021381875,-0.018,0.956002968,0.002460625
1581249618.7070034,000000000202,e78f135624ce,-85,14.775929269,8.252001768,1.849978781,0.013994695,0.018001768,-0.998,-0.985007073,-0.017,-0.013994695,-0.018,0.986005305,0.017003537
1581249619.1590524,000000000202,e78f135624ce,-88,14.652688846,8.377468885,1.891327789,-0.028,0.000101663,-0.994265558,-0.925186693,-0.017265558,0.031367221,-0.018632779,0.928921135,-0.001265558
1581249619.1621342,000000000202,e78f135624ce,-68,14.651740601,8.37737406,1.89156485,-0.028,3.0545e-05,-0.99431297,-0.92575564,-0.01731297,0.031343515,-0.018656485,0.92944267,-0.00131297
1581249619.6130135,000000000202,e78f135624ce,-69,14.50369054,8.402377757,1.870721366,-0.030442732,0.007,-0.997278634,-0.902801753,-0.017721366,0.028442732,-0.017721366,0.903801753,0.007
1581249620.5220118,000000000202,e78f135624ce,-71,14.263694836,8.258107199,1.873543505,0.008152582,0.006543505,-0.997456495,-0.89584867,-0.018543505,-0.006152582,-0.018,0.897392175,0.006
1581249620.9750094,000000000202,e78f135624ce,-71,14.122775415,8.18698368,1.873722713,0.023026351,0.006910915,-0.997151819,-0.964518191,-0.018848181,-0.023026351,-0.018848181,0.967366372,0.006759096
1581249621.4360137,000000000202,e78f135624ce,-75,13.962511846,8.328365031,1.828438439,-0.004680347,0.018680347,-0.999,-0.98852052,-0.017159827,0.004680347,-0.017,0.989360694,0.018680347
1581249621.8860154,000000000202,e78f135624ce,-77,13.823232705,8.419567005,1.792810998,-0.016366715,0.023,-0.999,-0.996455572,-0.018455572,0.016366715,-0.018,0.996455572,0.023
1581249622.3470173,000000000202,e78f135624ce,-76,13.666932133,8.470178209,1.766688827,-0.017311173,0.024688827,-0.999,-0.998155586,-0.019,0.017311173,-0.019,0.998155586,0.024688827
1581249623.2550547,000000000202,e78f135624ce,-75,13.372694562,8.529,1.757,-0.022608597,0.017,-0.999347851,-0.999,-0.017347851,0.021956447,-0.017,1.0,0.017652149
1581249623.7060912,000000000202,e78f135624ce,-82,13.211133565,8.527076428,1.762770715,-0.021923572,0.014076428,-0.999,-0.999,-0.014,0.021923572,-0.013923572,1.0,0.014076428
1581249624.1620395,000000000202,e78f135624ce,-85,13.060771975,8.532782166,1.760910828,-0.025217834,0.014826752,-0.999,-0.999,-0.015,0.025217834,-0.014391083,1.0,0.014826752
1581249624.6230664,000000000202,e78f135624ce,-68,12.903464706,8.528025157,1.751355695,-0.024677847,0.016991614,-0.999,-0.999,-0.017330538,0.024677847,-0.016661076,1.0,0.017661076
1581249625.0750299,000000000202,e78f135624ce,-68,12.760576393,8.526919945,1.730919945,-0.025967978,0.022048033,-0.999,-0.999,-0.02,0.025951967,-0.02,0.999,0.023032022
1581249625.5310411,000000000202,e78f135624ce,-75,12.618388618,8.539672731,1.734168183,-0.026,0.021,-0.999,-0.999,-0.019,0.026,-0.018415909,1.0,0.022
1581249625.9870212,000000000202,e78f135624ce,-86,12.525241354,8.56218391,1.758471278,-0.004793083,0.012264361,-0.999,-0.332298199,-0.009080451,0.03236782,-0.009080451,0.332298199,0.011448271
1581249626.4410326,000000000202,e78f135624ce,-79,12.458863773,8.581528087,1.775367978,0.018632022,0.001735957,-0.999,0.57495359,0.002632022,0.030367978,0.003448032,-0.57495359,0.005816011
1581249626.892129,000000000202,e78f135624ce,-89,12.361804049,8.593148648,1.784851352,0.022425676,-0.000425676,-1.0,0.862878385,0.007425676,0.026,0.007425676,-0.862878385,0.003
1581249627.3460329,000000000202,e78f135624ce,-84,12.237725093,8.590355454,1.796573455,0.019857818,0.000786727,-1.0,0.95685309,0.009,0.021786727,0.009,-0.95685309,0.000142182
1581249627.804049,000000000202,e78f135624ce,-72,12.108641168,8.587909953,1.79972715,0.018454299,0.00027285,-1.0,0.985908598,0.012454299,0.019181449,0.012454299,-0.985908598,0.0
1581249628.2590654,000000000202,e78f135624ce,-80,11.968851717,8.578590857,1.803647714,0.023704571,-0.000704571,-1.0,0.995352286,0.013647714,0.023704571,0.013647714,-0.995352286,0.001352286
1581249628.711007,000000000202,e78f135624ce,-73,11.823868686,8.576088985,1.81782203,0.026,0.001,-1.0,0.998,0.013955507,0.026955507,0.013955507,-0.998955507,-0.001
1581249629.162128,000000000202,e78f135624ce,-73,11.677819426,8.597056601,1.809840971,0.019840971,-0.006579514,-1.0,0.999,0.012420486,0.019840971,0.012420486,-0.999,0.006579514
1581249629.613094,000000000202,e78f135624ce,-75,11.534311422,8.586,1.809202331,0.023797669,-0.007202331,-1.0,0.999,0.011202331,0.023797669,0.011202331,-1.0,0.008
1581249630.068032,000000000202,e78f135624ce,-71,11.390409335,8.573937952,1.811312651,0.025843675,-0.008,-1.0,0.999156325,0.011312651,0.025687349,0.011312651,-1.0,0.008843675
1581249630.9870303,000000000202,e78f135624ce,-73,11.083253622,8.578325362,1.815,0.024337319,-0.005,-1.0,1.0,0.01,0.024337319,0.01,-1.0,0.005
1581249631.4390433,000000000202,e78f135624ce,-73,10.938537798,8.575213445,1.813786555,0.026786555,-0.006,-1.0,1.0,0.01157311,0.026786555,0.01157311,-1.0,0.006786555
1581249632.3430367,000000000202,e78f135624ce,-85,10.640838059,8.578951957,1.811096086,0.028048043,-0.007903914,-1.0,0.999951957,0.011048043,0.028048043,0.011048043,-1.0,0.007903914
1581249632.803033,000000000202,e78f135624ce,-82,10.528628448,8.55774947,1.822562633,0.02,0.005281316,-0.995718684,0.562927819,0.006718684,0.067219745,0.007718684,-0.564927819,0.003281316
1581249633.2550192,000000000202,e78f135624ce,-79,10.343655821,8.570026475,1.820486762,0.016973525,0.003743381,-0.999,0.856777991,0.010256619,0.031947049,0.011,-0.857521372,-0.001
1581249633.7140265,000000000202,e78f135624ce,-74,10.152014697,8.583817647,1.818091176,0.003364705,0.003,-0.999908824,0.758235261,0.010182353,0.009364705,0.010182353,-0.758235261,0.000726471
1581249634.6290653,000000000202,e78f135624ce,-75,9.706333518,8.578090318,1.818490207,-0.00112949,0.009905876,-0.998698041,-0.251826976,-0.002811752,-0.024454841,-0.00311371,0.252430894,0.009603917
1581249635.08704,000000000202,e78f135624ce,-69,9.49091466,8.526001778,1.821003556,0.012989332,0.013001778,-0.999,-0.768112009,-0.006998222,-0.020985777,-0.007996444,0.769110231,0.013001778
1581249635.540072,000000000202,e78f135624ce,-82,9.324537086,8.530575281,1.824849439,-0.006301123,0.013575281,-0.999,-0.923806738,-0.007,0.003876404,-0.007,0.923806738,0.013575281
1581249635.5430377,000000000202,e78f135624ce,-68,9.323296888,8.530602242,1.824795517,-0.006408966,0.013602242,-0.999,-0.924453798,-0.007,0.004011208,-0.007,0.924453798,0.013602242
1581249635.9990525,000000000202,e78f135624ce,-67,9.160690686,8.540404753,1.830809506,-0.019202376,0.011392871,-1.0,-0.975416635,-0.003797624,0.018404753,-0.003797624,0.975416635,0.011392871
1581249636.44908,000000000202,e78f135624ce,-71,8.99250096,8.540989683,1.83359381,-0.01859381,0.008802063,-1.0,-0.99240619,-0.003,0.018395873,-0.002802063,0.99240619,0.008802063
1581249637.3620305,000000000202,e78f135624ce,-70,8.648490348,8.55129664,1.834117227,-0.010531093,0.008,-1.0,-0.999,-0.006,0.010531093,-0.006,0.999,0.008
1581249637.820079,000000000202,e78f135624ce,-82,8.478239587,8.535112999,1.8377774,-0.001445199,0.0097774,-1.0,-1.0,-0.005,0.001445199,-0.005,1.0,0.0097774
1581249637.823062,000000000202,e78f135624ce,-70,8.477096158,8.534988713,1.837802257,-0.001395485,0.009802257,-1.0,-1.0,-0.005,0.001395485,-0.005,1.0,0.009802257
1581249638.2740521,000000000202,e78f135624ce,-66,8.309095582,8.520606158,1.840181526,0.000606158,0.009606158,-1.0,-1.0,-0.004,-0.000606158,-0.004,1.0,0.009606158
1581249639.186023,000000000202,e78f135624ce,-73,7.97273924,8.522568004,1.827940803,-0.006313601,0.012372798,-1.0,-1.0,-0.005313601,0.006313601,-0.005313601,1.0,0.012372798
1581249639.647059,000000000202,e78f135624ce,-73,7.79027952,8.524839972,1.836773352,-0.007613324,0.007226648,-1.0,-1.0,-0.006386676,0.007613324,-0.006386676,1.0,0.007226648
1581249640.1054153,000000000202,e78f135624ce,-71,7.606014663,8.527270251,1.837867318,-0.006668296,0.005,-1.0,-1.0,-0.006066341,0.006668296,-0.006066341,1.0,0.005
1581249640.559063,000000000202,e78f135624ce,-78,7.437091243,8.51954159,1.840742396,-0.002056797,0.003314401,-1.0,-1.0,-0.007314401,0.001742396,-0.007314401,1.0,0.003314401
1581249641.0130417,000000000202,e78f135624ce,-85,7.282103927,8.539604177,1.833020885,-0.007697911,0.006791646,-1.0,-1.0,-0.009,0.007697911,-0.009,1.0,0.006791646
1581249641.4630582,000000000202,e78f135624ce,-75,7.113964971,8.534,1.834894362,-0.002105638,0.006,-1.0,-1.0,-0.01,0.002105638,-0.01,1.0,0.006105638
1581249641.9166288,000000000202,e78f135624ce,-77,6.942676541,8.519686067,1.823239506,0.008,0.008074427,-1.0,-1.0,-0.009462787,-0.008,-0.01,1.0,0.008074427
1581249642.3660579,000000000202,e78f135624ce,-74,6.780257396,8.545074889,1.818296413,0.005555381,0.007703587,-1.0,-0.967987426,-0.012851794,-0.006,-0.012851794,0.967987426,0.007703587
1581249642.8220396,000000000202,e78f135624ce,-75,6.632744028,8.532381214,1.794143641,0.015,0.013412524,-0.999793738,-0.737158483,-0.014825048,-0.01403131,-0.014825048,0.737158483,0.011825048
1581249643.2732618,000000000202,e78f135624ce,-68,6.550042759,8.583641724,1.822326207,0.000342242,0.008668448,-1.0,0.006476198,0.000326207,-0.006994655,0.000326207,-0.006476198,0.001336897
1581249643.7325222,000000000202,e78f135624ce,-71,6.444945252,8.627878032,1.853878032,-0.009060984,0.010030492,-1.0,0.686493419,0.013939016,-0.011091476,0.012939016,-0.686493419,-0.006969508
1581249644.6510346,000000000202,e78f135624ce,-70,6.165239859,8.633487084,1.885062731,0.000450185,0.017225093,-0.999387454,0.968874537,0.017612546,0.000450185,0.017612546,-0.968874537,-0.016225093
1581249645.1070502,000000000202,e78f135624ce,-72,5.971288655,8.64992672,1.879,-0.00207328,0.019853441,-0.999,0.672595164,0.01007328,-0.00307328,0.01007328,-0.672595164,-0.01392672
1581249645.5600963,000000000202,e78f135624ce,-70,5.804677153,8.656335891,1.867667945,-0.003667945,0.009000767,-0.999666411,0.893324382,0.013666411,-0.004667945,0.013666411,-0.893324382,-0.007000767
1581249645.5630672,000000000202,e78f135624ce,-73,5.803569804,8.656065806,1.867532903,-0.003532903,0.008919742,-0.999693419,0.89426968,0.013693419,-0.004532903,0.013693419,-0.89426968,-0.006919742
1581249646.015032,000000000202,e78f135624ce,-63,5.618676678,8.677513472,1.886,-0.009486528,0.01,-1.0,0.791404152,0.015513472,-0.005,0.015513472,-0.791404152,-0.011
1581249647.3730657,000000000202,e78f135624ce,-69,5.08698937,8.717499241,1.858375569,-0.02274962,0.011499241,-1.0,0.547856588,0.00787481,-0.01125038,0.00787481,-0.548731398,-0.004
1581249647.8330674,000000000202,e78f135624ce,-73,4.897268722,8.732790787,1.859,-0.020593091,0.004593091,-0.999802303,0.161514412,0.003395394,-0.005395394,0.003395394,-0.161514412,-0.002
1581249648.2900443,000000000202,e78f135624ce,-78,4.693923603,8.636550215,1.861887554,0.006668669,0.013,-0.999,0.06049785,0.004556223,-0.004337339,0.004556223,-0.06049785,-0.005
1581249648.7450497,000000000202,e78f135624ce,-81,4.511457776,8.622036498,1.867898855,0.006206465,0.010068822,-0.999,0.045320133,0.003724714,0.001793535,0.003724714,-0.045320133,-0.005724714
1581249649.1990821,000000000202,e78f135624ce,-70,4.380702069,8.571060965,1.862870207,0.030969517,0.013580138,-0.999,0.560649932,0.012129793,0.026679448,0.012419862,-0.561649932,-0.009290069
1581249649.6510758,000000000202,e78f135624ce,-78,4.22962674,8.59276913,1.852978044,0.004274783,0.009659348,-0.999,-0.172800433,0.000637391,0.032318696,0.000637391,0.172800433,-0.000318696
1581249650.1130905,000000000202,e78f135624ce,-73,4.029237916,8.619096915,1.846903085,-0.001757712,0.008,-1.0,-0.744392033,-0.008096915,0.012660797,-0.008048458,0.744392033,0.005048458
1581249650.5670621,000000000202,e78f135624ce,-89,3.814195533,8.641331074,1.850351405,0.010344628,0.006331074,-1.0,-0.917060993,-0.013,-0.007013554,-0.013,0.917060993,0.005331074
1581249651.0171955,000000000202,e78f135624ce,-75,3.602331517,8.616212934,1.818013479,0.025013479,0.011493261,-0.999,-0.973026957,-0.01374663,-0.024266848,-0.014,0.973026957,0.01074663
1581249651.4770658,000000000202,e78f135624ce,-70,3.420665699,8.589673292,1.833625949,0.02892519,0.00514962,-0.999,-0.990775569,-0.01107481,-0.02892519,-0.01107481,0.991775569,0.00507481
1581249652.386121,000000000202,e78f135624ce,-76,3.05794485,8.562548769,1.837548769,0.008097539,0.004225615,-1.0,-0.999,-0.012,-0.008097539,-0.012,0.999,0.004225615
1581249652.8440492,000000000202,e78f135624ce,-75,2.875521454,8.558469091,1.836,-0.003469091,0.004212364,-1.0,-1.0,-0.011893818,0.003469091,-0.011893818,1.0,0.004212364
1581249653.2982175,000000000202,e78f135624ce,-78,2.703026876,8.566,1.83559746,-0.015935027,0.005467513,-1.0,-1.0,-0.010467513,0.015935027,-0.010467513,1.0,0.005467513
1581249653.7491047,000000000202,e78f135624ce,-64,2.530969389,8.55985277,1.826042066,-0.012936901,0.006978967,-1.0,-1.0,-0.015,0.012936901,-0.015,1.0,0.007957934
1581249654.2060697,000000000202,e78f135624ce,-74,2.351961618,8.544581734,1.828,-0.006290867,0.005709133,-1.0,-1.0,-0.012872601,0.006290867,-0.012872601,1.0,0.005709133
1581249654.6591148,000000000202,e78f135624ce,-71,2.173807901,8.537626259,1.834,-0.002,0.002373741,-1.0,-1.0,-0.013626259,0.001626259,-0.013626259,1.0,0.002373741
1581249655.1140764,000000000202,e78f135624ce,-66,1.999710318,8.541208153,1.841947962,-0.003156115,0.0,-1.0,-1.0,-0.013,0.003156115,-0.013,1.0,0.0
1581249655.5730827,000000000202,e78f135624ce,-71,1.828628424,8.54669356,1.84169356,-0.009387121,0.001,-1.0,-1.0,-0.013,0.009387121,-0.013,1.0,0.001
1581249656.0316703,000000000202,e78f135624ce,-69,1.656682472,8.535536672,1.841731664,-0.014219588,-0.000365832,-1.0,-1.0,-0.015317084,0.014219588,-0.015317084,1.0,-0.000365832
1581249656.9450805,000000000202,e78f135624ce,-75,1.319899809,8.536204453,1.84,-0.026602226,0.002,-1.0,-0.999397774,-0.015,0.026602226,-0.014602226,1.0,0.002
1581249657.3960311,000000000202,e78f135624ce,-74,1.163203653,8.511650457,1.853325228,-0.016325228,-0.003550152,-1.0,-1.0,-0.016,0.016325228,-0.016,1.0,-0.003550152
1581249657.849056,000000000202,e78f135624ce,-76,0.998355049,8.503147792,1.852704416,-0.011,-0.003852208,-1.0,-1.0,-0.016,0.011,-0.016,1.0,-0.003852208
1581249658.3040683,000000000202,e78f135624ce,-80,0.833566408,8.479226895,1.857909242,-0.000568069,-0.00447731,-1.0,-1.0,-0.014954621,0.000568069,-0.014954621,1.0,-0.00447731
1581249658.7650652,000000000202,e78f135624ce,-71,0.64884265,8.486304568,1.846,0.003304568,0.002,-1.0,-1.0,-0.015,-0.003304568,-0.015,1.0,0.002
1581249659.2200983,000000000202,e78f135624ce,-70,0.492007853,8.472053296,1.846821318,0.014178682,0.002589341,-1.0,-1.0,-0.01720533,-0.014178682,-0.01720533,1.0,0.00179467
1581249660.1240575,000000000202,e78f135624ce,-79,0.273102371,8.448,1.859128233,0.026042744,0.000957256,-0.999957256,-0.999,-0.011,-0.026042744,-0.011,1.0,0.000957256
