1581249601.413565,000000000201,e78f135624ce,-86,18.031,8.465,1.816,0.062,-0.0,-0.998,0.998,0.017,0.062,0.017,-1.0,0.002
1581249602.3200514,000000000201,e78f135624ce,-85,18.024102003,8.465204005,1.82812203,0.060897997,0.002408011,-0.998,0.998,0.019102003,0.060897997,0.019102003,-1.0,-0.001306008
1581249602.7760077,000000000201,e78f135624ce,-84,18.014795701,8.456282644,1.843486943,0.058769586,0.005,-0.998,0.9177051,0.017513057,0.058769586,0.017513057,-0.9197051,-0.003
1581249603.2320242,000000000201,e78f135624ce,-76,17.964156394,8.446039099,1.858960901,0.008757897,-0.0033203,-0.999,-0.327739798,-0.006281202,0.032398498,-0.006281202,0.327739798,-0.006
1581249603.6920192,000000000201,e78f135624ce,-74,17.928272683,8.444965915,1.827340853,-0.011897744,0.019795488,-0.999,-0.788375431,-0.011965915,0.025034085,-0.011965915,0.788341345,0.018795488
1581249605.5120237,000000000201,e78f135624ce,-78,17.879,8.46122093,1.822930234,-0.023813953,0.004034883,-0.999,-0.90097675,-0.015593023,0.025813953,-0.015186047,0.90097675,0.004627906
1581249605.9670439,000000000201,e78f135624ce,-78,17.878736463,8.446790612,1.862,-0.016527075,-0.012263537,-0.999184116,-0.967657041,-0.017815884,0.017527075,-0.017815884,0.967657041,-0.011447653
1581249606.4199994,000000000201,e78f135624ce,-73,17.878,8.44338274,1.85961726,-0.01919137,-0.002,-0.999,-0.98923452,-0.01519137,0.01938274,-0.01519137,0.98942589,-0.00180863
1581249606.8731213,000000000201,e78f135624ce,-76,17.876,8.459500367,1.854,-0.023800293,0.002,-0.999,-0.893865884,-0.013866618,0.025366985,-0.013866618,0.894865884,0.003
1581249608.245078,000000000201,e78f135624ce,-89,17.735135434,8.431207174,1.852011957,0.016378478,0.001792826,-0.999402391,-0.996402391,-0.015402391,-0.016378478,-0.015402391,0.996402391,0.001195217
1581249608.6971524,000000000201,e78f135624ce,-81,17.640921739,8.432,1.85900301,-0.00801505,0.001,-0.999,-0.99800301,-0.01699699,0.00801505,-0.01699699,0.999,0.001
1581249608.6999757,000000000201,e78f135624ce,-86,17.640310012,8.432,1.859026538,-0.00813269,0.001,-0.999,-0.998026538,-0.016973462,0.00813269,-0.016973462,0.999,0.001
1581249609.6129804,000000000201,e78f135624ce,-81,17.441117449,8.416106041,1.849421208,-0.016578792,0.011710604,-0.999,-0.883882133,-0.014868188,0.020487114,-0.014512886,0.883882133,0.009578792
1581249610.0670211,000000000201,e78f135624ce,-78,17.331950446,8.470010619,1.833012389,-0.020992921,0.019992921,-0.999,-0.419895582,-0.006,0.035,-0.00599823,0.420893812,0.013992921
1581249610.5210218,000000000201,e78f135624ce,-80,17.224823725,8.422721157,1.833092948,-0.003762821,0.018525642,-0.999,-0.715910235,-0.011237179,0.011907052,-0.01061859,0.715910235,0.015144231
1581249610.973007,000000000201,e78f135624ce,-85,17.11091679,8.421689209,1.824713907,-0.007655395,0.018033814,-0.999,-0.698788002,-0.012218465,0.019781535,-0.01143693,0.698788002,0.016033814
1581249611.4330146,000000000201,e78f135624ce,-75,16.984391146,8.46136416,1.82227168,-0.028894027,0.020470134,-0.998,-0.628165706,-0.01,0.050576107,-0.009,0.629165706,0.016470134
1581249612.34001,000000000201,e78f135624ce,-83,16.751427869,8.376856722,1.84146418,0.017214918,0.01553582,-0.996821393,-0.458957791,-0.007642787,0.050250246,-0.006642787,0.457600578,0.005821393
1581249612.7910492,000000000201,e78f135624ce,-80,16.640293521,8.40578227,1.845785485,0.042141939,0.011214515,-0.997785485,0.326446958,0.005141939,0.055214515,0.005141939,-0.328661473,-0.001570969
1581249613.2430272,000000000201,e78f135624ce,-80,16.523129175,8.457611865,1.844011743,0.045341162,0.008670581,-0.998329419,0.77841223,0.010329419,0.049011743,0.011329419,-0.77941223,-0.005670581
1581249613.7000415,000000000201,e78f135624ce,-83,16.397639195,8.493566096,1.843048212,0.038048212,0.007,-0.999,0.848396573,0.011951788,0.041096423,0.012,-0.849396573,-0.006951788
1581249614.1570277,000000000201,e78f135624ce,-82,16.235061738,8.48097634,1.847933641,0.011066359,0.007355453,-0.997644547,-0.091639368,-0.002933641,0.027421812,-0.001933641,0.091994821,0.000644547
1581249614.613018,000000000201,e78f135624ce,-80,16.076131917,8.478330192,1.855547313,0.002688653,0.001386728,-0.998339615,-0.198632517,-0.006660385,0.026330192,-0.006650962,0.19796271,-0.001952887
1581249615.0690005,000000000201,e78f135624ce,-79,15.922400299,8.464873747,1.846921092,0.00309469,0.005015782,-0.998,-0.207248243,-0.009984218,0.014889529,-0.010984218,0.206264025,0.005
1581249615.5210035,000000000201,e78f135624ce,-79,15.780731298,8.41309123,1.801325021,0.011995013,0.018334996,-0.998,-0.335898796,-0.011583749,-0.007248753,-0.012,0.335315047,0.019502494
1581249615.9750607,000000000201,e78f135624ce,-78,15.635688699,8.676204353,1.838003479,-0.087183481,0.007664348,-0.986498261,-0.528089554,-0.012332174,0.083349567,-0.013166087,0.539425207,0.005664348
1581249616.4300075,000000000201,e78f135624ce,-82,15.525165425,8.603851244,1.937886349,-0.051199646,-0.020217199,-0.987339184,-0.633826241,-0.011765248,0.06262571,-0.016426064,0.641060993,-0.025834575
1581249616.8889923,000000000201,e78f135624ce,-86,15.399081288,8.366990342,1.93525835,0.020784708,-0.011564588,-0.993478471,-0.820985513,-0.017521529,-0.012435412,-0.019521529,0.825507043,-0.013607646
1581249617.3420155,000000000201,e78f135624ce,-78,15.258901111,8.440306445,1.970882889,-0.033477556,-0.022765778,-0.989234222,-0.899162667,-0.017765778,0.038477556,-0.022648667,0.906928445,-0.021765778
1581249617.8000195,000000000201,e78f135624ce,-81,15.089385785,8.34837005,1.987577411,0.007538072,-0.017230964,-0.994776904,-0.862737564,-0.017776904,-0.002091879,-0.019776904,0.865737564,-0.019454061
1581249618.2520142,000000000201,e78f135624ce,-83,14.927418218,8.251638011,1.918130576,0.023100837,0.003492565,-0.997376859,-0.954899163,-0.016376859,-0.021477696,-0.018,0.955899163,0.002492565
1581249618.7060506,000000000201,e78f135624ce,-81,14.776222158,8.252113927,1.850096838,0.013971518,0.017982911,-0.998,-0.984971518,-0.017005696,-0.013971518,-0.018,0.985965822,0.016988607
1581249619.1590962,000000000201,e78f135624ce,-76,14.652675348,8.377467535,1.891331163,-0.028,0.000100651,-0.994266233,-0.925194791,-0.017266233,0.031366884,-0.018633116,0.928928559,-0.001266233
1581249619.6120005,000000000201,e78f135624ce,-75,14.503978867,8.402479061,1.870729159,-0.030458317,0.007,-0.997270841,-0.90258356,-0.017729159,0.028458317,-0.017729159,0.90358356,0.007
1581249620.070006,000000000201,e78f135624ce,-78,14.365148634,8.387169629,1.862604199,-0.03,0.008113086,-0.998,-0.969321484,-0.018,0.029,-0.018,0.969378027,0.008169629
1581249620.5250456,000000000201,e78f135624ce,-74,14.262936366,8.256716671,1.873568788,0.008531817,0.006568788,-0.997431212,-0.896632422,-0.018568788,-0.006531817,-0.018,0.89820121,0.006
1581249621.4350579,000000000201,e78f135624ce,-82,13.962857411,8.32815181,1.828504611,-0.004665642,0.018665642,-0.999,-0.988498463,-0.017167179,0.004665642,-0.017,0.989331284,0.018665642
1581249621.8850415,000000000201,e78f135624ce,-81,13.823524887,8.419409676,1.792863441,-0.016344239,0.023,-0.999,-0.99644808,-0.01844808,0.016344239,-0.018,0.99644808,0.023
1581249622.346044,000000000201,e78f135624ce,-78,13.6672241,8.4700734,1.7667038,-0.0172962,0.0247038,-0.999,-0.9981481,-0.019,0.0172962,-0.019,0.9981481,0.0247038
1581249622.8001428,000000000201,e78f135624ce,-81,13.508659323,8.498667585,1.765,-0.022555862,0.018222069,-0.999,-0.999,-0.015222069,0.021777931,-0.015222069,0.999,0.018444138
1581249623.2570498,000000000201,e78f135624ce,-79,13.371896526,8.529,1.757,-0.022536048,0.017,-0.999365988,-0.999,-0.017365988,0.021902036,-0.017,1.0,0.017634012
1581249624.1610281,000000000201,e78f135624ce,-76,13.061118731,8.532796614,1.760983069,-0.025203386,0.014805079,-0.999,-0.999,-0.015,0.025203386,-0.014398307,1.0,0.014805079
1581249624.6210754,000000000201,e78f135624ce,-77,12.904133124,8.528153151,1.751469468,-0.024734734,0.01694895,-0.999,-0.999,-0.017316317,0.024734734,-0.016632633,1.0,0.017632633
1581249625.073022,000000000201,e78f135624ce,-73,12.761233544,8.526828674,1.730828674,-0.02593147,0.022102795,-0.999,-0.999,-0.02,0.025897205,-0.02,0.999,0.02306853
1581249625.533112,000000000201,e78f135624ce,-73,12.617692041,8.539823343,1.734205836,-0.026,0.021,-0.999,-0.999,-0.019,0.026,-0.018397082,1.0,0.022
1581249626.8900833,000000000201,e78f135624ce,-83,12.362291853,8.59318012,1.78481988,0.02240994,-0.00040994,-1.0,0.862217489,0.00740994,0.026,0.00740994,-0.862217489,0.003
1581249627.8020246,000000000201,e78f135624ce,-80,12.109299102,8.588028044,1.799710279,0.018420559,0.000289721,-1.0,0.985841118,0.012420559,0.019130838,0.012420559,-0.985841118,0.0
1581249628.259036,000000000201,e78f135624ce,-78,11.968862226,8.578591835,1.803647959,0.023704083,-0.000704083,-1.0,0.995352041,0.013647959,0.023704083,0.013647959,-0.995352041,0.001352041
1581249628.7130413,000000000201,e78f135624ce,-76,11.823211488,8.57605769,1.81788462,0.026,0.001,-1.0,0.998,0.013971155,0.026971155,0.013971155,-0.998971155,-0.001
1581249629.165054,000000000201,e78f135624ce,-71,11.676919084,8.59721416,1.809795954,0.019795954,-0.006602023,-1.0,0.999,0.012397977,0.019795954,0.012397977,-0.999,0.006602023
1581249629.6163146,000000000201,e78f135624ce,-73,11.533370029,8.586,1.809227105,0.023772895,-0.007227105,-1.0,0.999,0.011227105,0.023772895,0.011227105,-1.0,0.008
1581249630.0690093,000000000201,e78f135624ce,-77,11.390075432,8.573889088,1.811296363,0.025851819,-0.008,-1.0,0.999148181,0.011296363,0.025703637,0.011296363,-1.0,0.008851819
1581249630.5290225,000000000201,e78f135624ce,-77,11.236219023,8.576592973,1.815074379,0.024481405,-0.005962811,-1.0,1.0,0.011518595,0.024481405,0.011518595,-1.0,0.005962811
1581249630.985064,000000000201,e78f135624ce,-78,11.083909035,8.578390904,1.815,0.024304548,-0.005,-1.0,1.0,0.01,0.024304548,0.01,-1.0,0.005
1581249631.4380522,000000000201,e78f135624ce,-72,10.938842754,8.575221069,1.813778931,0.026778931,-0.006,-1.0,1.0,0.011557862,0.026778931,0.011557862,-1.0,0.006778931
1581249631.441033,000000000201,e78f135624ce,-73,10.937925613,8.57519814,1.81380186,0.02680186,-0.006,-1.0,1.0,0.011603719,0.02680186,0.011603719,-1.0,0.00680186
1581249631.893022,000000000201,e78f135624ce,-74,10.791130708,8.574567454,1.812865092,0.027865092,-0.009,-1.0,0.999567454,0.012432546,0.027432546,0.012,-1.0,0.009
1581249632.346037,000000000201,e78f135624ce,-74,10.639799508,8.578928878,1.811142244,0.028071122,-0.007857756,-1.0,0.999928878,0.011071122,0.028071122,0.011071122,-1.0,0.007857756
1581249632.8020442,000000000201,e78f135624ce,-79,10.529056998,8.557683539,1.822579115,0.02,0.005289558,-0.995710442,0.561724583,0.006710442,0.067343365,0.007710442,-0.563724583,0.003289558
1581249633.2540472,000000000201,e78f135624ce,-81,10.344115328,8.569991129,1.820504436,0.017008871,0.003752218,-0.999,0.856406851,0.010247782,0.032017743,0.011,-0.857159069,-0.001
1581249633.713053,000000000201,e78f135624ce,-83,10.152397128,8.583803741,1.81809813,0.003392518,0.003,-0.99990187,0.759625922,0.010196259,0.009392518,0.010196259,-0.759625922,0.000705611
1581249634.1720147,000000000201,e78f135624ce,-81,9.938475595,8.58378252,1.82843496,0.002,0.00760874,-1.0,-0.19427242,0.00378252,-0.001,0.00378252,0.19427242,0.00560874
1581249634.6290572,000000000201,e78f135624ce,-80,9.70633844,8.57809356,1.818490496,-0.001131575,0.009905702,-0.998698099,-0.251814354,-0.002811404,-0.02445322,-0.003113305,0.252418155,0.009603801
1581249635.0860322,000000000201,e78f135624ce,-78,9.491324252,8.525972404,1.820979303,0.013055192,0.013006899,-0.998993101,-0.767406688,-0.007013798,-0.02106899,-0.008006899,0.768406688,0.013
1581249635.5400534,000000000201,e78f135624ce,-75,9.324544863,8.530575112,1.824849777,-0.006300447,0.013575112,-0.999,-0.92380268,-0.007,0.003875558,-0.007,0.92380268,0.013575112
1581249635.9990602,000000000201,e78f135624ce,-84,9.160687496,8.540404891,1.830809783,-0.019202446,0.011392663,-1.0,-0.97541712,-0.003797554,0.018404891,-0.003797554,0.97541712,0.011392663
1581249636.4490764,000000000201,e78f135624ce,-69,8.992502186,8.540989811,1.833593887,-0.018593887,0.008802038,-1.0,-0.992406113,-0.003,0.018395924,-0.002802038,0.992406113,0.008802038
1581249636.9060252,000000000201,e78f135624ce,-76,8.818673304,8.546822587,1.836366941,-0.015544353,0.006088706,-1.0,-0.997455647,-0.004455647,0.015088706,-0.004455647,0.997455647,0.006088706
1581249637.3610291,000000000201,e78f135624ce,-75,8.648852377,8.551342857,1.834109524,-0.010561904,0.008,-1.0,-0.999,-0.006,0.010561904,-0.006,0.999,0.008
1581249637.8200579,000000000201,e78f135624ce,-74,8.478247721,8.535113883,1.837777223,-0.001445553,0.009777223,-1.0,-1.0,-0.005,0.001445553,-0.005,1.0,0.009777223
1581249638.2730596,000000000201,e78f135624ce,-72,8.309492597,8.520614429,1.840156713,0.000614429,0.009614429,-1.0,-1.0,-0.004,-0.000614429,-0.004,1.0,0.009614429
1581249638.7341127,000000000201,e78f135624ce,-72,8.143315412,8.522061013,1.83763392,-0.003061013,0.010122027,-1.0,-1.0,-0.005,0.003061013,-0.005,1.0,0.010122027
1581249639.6460655,000000000201,e78f135624ce,-73,7.790669273,8.524862898,1.836758068,-0.007620966,0.007241932,-1.0,-1.0,-0.006379034,0.007620966,-0.006379034,1.0,0.007241932
1581249640.1040323,000000000201,e78f135624ce,-83,7.606493416,8.527387279,1.837888596,-0.006721491,0.005,-1.0,-1.0,-0.006055702,0.006721491,-0.006055702,1.0,0.005
1581249640.559047,000000000201,e78f135624ce,-70,7.437097633,8.519540126,1.840741864,-0.002056398,0.003314534,-1.0,-1.0,-0.007314534,0.001741864,-0.007314534,1.0,0.003314534
1581249641.0150592,000000000201,e78f135624ce,-76,7.281330552,8.539637802,1.83318901,-0.007681099,0.006724396,-1.0,-1.0,-0.009,0.007681099,-0.009,1.0,0.006724396
1581249641.4660742,000000000201,e78f135624ce,-74,7.112874574,8.534,1.834917562,-0.002082438,0.006,-1.0,-1.0,-0.01,0.002082438,-0.01,1.0,0.006082438
1581249642.8210585,000000000201,e78f135624ce,-81,6.632932071,8.532356686,1.794070059,0.015,0.013428876,-0.999785562,-0.738671002,-0.014857751,-0.014072189,-0.014857751,0.738671002,0.011857751
1581249643.2710497,000000000201,e78f135624ce,-76,6.550525388,8.58336019,1.822245769,0.000442789,0.008688558,-1.0,0.000563993,0.000245769,-0.006934326,0.000245769,-0.000563993,0.001377116
1581249643.7310598,000000000201,e78f135624ce,-75,6.445269082,8.627836247,1.853836247,-0.009081876,0.010040938,-1.0,0.685292114,0.013918124,-0.011122814,0.012918124,-0.685292114,-0.006959062
1581249644.1920455,000000000201,e78f135624ce,-70,6.276145248,8.683,1.864845047,-0.021278447,0.012401941,-0.999,0.901452811,0.017680388,-0.021278447,0.017680388,-0.901452811,-0.011401941
1581249644.650025,000000000201,e78f135624ce,-80,6.165607679,8.633422174,1.885098792,0.000479034,0.017239517,-0.999380242,0.968802416,0.017619758,0.000479034,0.017619758,-0.968802416,-0.016239517
1581249645.1060832,000000000201,e78f135624ce,-70,5.971544226,8.649933628,1.879,-0.002066372,0.019867255,-0.999,0.671973505,0.010066372,-0.003066372,0.010066372,-0.671973505,-0.013933628
1581249645.560081,000000000201,e78f135624ce,-68,5.80468284,8.656337278,1.867668639,-0.003668639,0.009001183,-0.999666272,0.893319527,0.013666272,-0.004668639,0.013666272,-0.893319527,-0.007001183
1581249646.0140688,000000000201,e78f135624ce,-67,5.619096989,8.677495959,1.886,-0.009504041,0.01,-1.0,0.790878764,0.015495959,-0.005,0.015495959,-0.790878764,-0.011
1581249646.4700367,000000000201,e78f135624ce,-68,5.465223054,8.668281955,1.878239348,-0.004640978,0.007119674,-1.0,0.933247495,0.016880326,-0.003521304,0.016880326,-0.933247495,-0.008
1581249646.9220333,000000000201,e78f135624ce,-65,5.266891927,8.691513043,1.870501863,-0.019509317,0.006003727,-1.0,0.97801118,0.017,-0.018509317,0.017,-0.978513043,-0.006501863
1581249647.37539,000000000201,e78f135624ce,-68,5.085988116,8.717427723,1.858429208,-0.022713861,0.011427723,-1.0,0.546122272,0.007856931,-0.011286139,0.007856931,-0.546979203,-0.004
1581249647.831055,000000000201,e78f135624ce,-67,4.898224656,8.732857871,1.859,-0.020643403,0.004643403,-0.999785532,0.163593989,0.003428935,-0.005428935,0.003428935,-0.163593989,-0.002
1581249648.2890513,000000000201,e78f135624ce,-76,4.694353909,8.636484014,1.861871004,0.006693495,0.013,-0.999,0.06115986,0.004564498,-0.004386989,0.004564498,-0.06115986,-0.005
1581249648.7430778,000000000201,e78f135624ce,-75,4.512542355,8.62226656,1.868161783,0.006157166,0.010052389,-0.999,0.046437578,0.003790446,0.001842834,0.003790446,-0.046437578,-0.005790446
1581249649.1990771,000000000201,e78f135624ce,-68,4.380703224,8.571061505,1.862870322,0.030969248,0.013580215,-0.999,0.560644309,0.012129678,0.02667914,0.012419785,-0.561644309,-0.009290107
1581249649.6538653,000000000201,e78f135624ce,-74,4.228532399,8.593069537,1.852913671,0.004103121,0.00963789,-0.999,-0.178079016,0.000551561,0.03227578,0.000551561,0.178079016,-0.00027578
1581249650.5661857,000000000201,e78f135624ce,-72,3.814641051,8.641338378,1.850292977,0.010308111,0.006338378,-1.0,-0.916863797,-0.013,-0.006969733,-0.013,0.916863797,0.005338378
1581249651.0160758,000000000201,e78f135624ce,-67,3.602798024,8.616315565,1.817976158,0.024976158,0.011511921,-0.999,-0.972952316,-0.01375596,-0.024220198,-0.014,0.972952316,0.01075596
1581249651.476263,000000000201,e78f135624ce,-81,3.420968276,8.589728867,1.833595074,0.028919015,0.00516197,-0.999,-0.990757044,-0.011080985,-0.028919015,-0.011080985,0.991757044,0.005080985
1581249651.930057,000000000201,e78f135624ce,-75,3.240820783,8.576,1.839690753,0.019309247,0.003,-1.0,-0.996563584,-0.011872831,-0.019309247,-0.011872831,0.997563584,0.003
1581249652.8430712,000000000201,e78f135624ce,-68,2.875945251,8.558428341,1.836,-0.003428341,0.004228664,-1.0,-1.0,-0.011885668,0.003428341,-0.011885668,1.0,0.004228664
1581249653.2970622,000000000201,e78f135624ce,-71,2.703520538,8.566,1.83562897,-0.01591402,0.00545701,-1.0,-1.0,-0.01045701,0.01591402,-0.01045701,1.0,0.00545701
1581249653.3000588,000000000201,e78f135624ce,-70,2.702240135,8.566,1.835547243,-0.015968505,0.005484252,-1.0,-1.0,-0.010484252,0.015968505,-0.010484252,1.0,0.005484252
1581249653.7490892,000000000201,e78f135624ce,-80,2.530976293,8.559853756,1.826041784,-0.012937324,0.006979108,-1.0,-1.0,-0.015,0.012937324,-0.015,1.0,0.007958216
1581249654.204081,000000000201,e78f135624ce,-74,2.35264344,8.544610143,1.828,-0.006305072,0.005694928,-1.0,-1.0,-0.012915215,0.006305072,-0.012915215,1.0,0.005694928
1581249654.6590908,000000000201,e78f135624ce,-66,2.173815813,8.537626431,1.834,-0.002,0.002373569,-1.0,-1.0,-0.013626431,0.001626431,-0.013626431,1.0,0.002373569
1581249655.1160963,000000000201,e78f135624ce,-66,1.999075499,8.541265864,1.841933534,-0.003199398,0.0,-1.0,-1.0,-0.013,0.003199398,-0.013,1.0,0.0
1581249655.5720747,000000000201,e78f135624ce,-68,1.829095786,8.546684396,1.841684396,-0.009368793,0.001,-1.0,-1.0,-0.013,0.009368793,-0.013,1.0,0.001
1581249656.030093,000000000201,e78f135624ce,-77,1.657284744,8.535421954,1.841789023,-0.014119209,-0.000394512,-1.0,-1.0,-0.015302744,0.014119209,-0.015302744,1.0,-0.000394512
1581249656.4920733,000000000201,e78f135624ce,-75,1.488651238,8.537168494,1.839898904,-0.023,0.002033699,-1.0,-1.0,-0.013,0.023,-0.013,1.0,0.002033699
1581249657.8490865,000000000201,e78f135624ce,-87,0.998344114,8.503147538,1.852704925,-0.011,-0.003852462,-1.0,-1.0,-0.016,0.011,-0.016,1.0,-0.003852462
1581249658.3031209,000000000201,e78f135624ce,-69,0.833937502,8.479305852,1.857877659,-0.000591755,-0.004469415,-1.0,-1.0,-0.01493883,0.000591755,-0.01493883,1.0,-0.004469415
1581249658.7640967,000000000201,e78f135624ce,-74,0.649221962,8.486288427,1.846,0.003288427,0.002,-1.0,-1.0,-0.015,-0.003288427,-0.015,1.0,0.002
1581249659.2201126,000000000201,e78f135624ce,-68,0.492003562,8.472052195,1.846820878,0.014179122,0.002589561,-1.0,-1.0,-0.01720522,-0.014179122,-0.01720522,1.0,0.00179478
1581249659.672102,000000000201,e78f135624ce,-71,0.353810474,8.44802172,1.846,0.024276406,0.003574531,-0.999574531,-0.999574531,-0.015,-0.024276406,-0.015,1.0,0.003
