1581249601.8656125,b827ebf7d096,e78f135624ce,-78,18.029642583,8.465095056,1.821904944,0.061452472,0.002452472,-0.997452472,0.998547528,0.019,0.061452472,0.019,-0.999,9.5056e-05
1581249602.3192475,b827ebf7d096,e78f135624ce,-77,18.024095819,8.465191637,1.828054004,0.060904181,0.002383274,-0.998,0.998,0.019095819,0.060904181,0.019095819,-1.0,-0.001287456
1581249602.776769,b827ebf7d096,e78f135624ce,-82,18.014751293,8.456250924,1.84349963,0.058750554,0.005,-0.998,0.917019956,0.01750037,0.058750554,0.01750037,-0.919019956,-0.003
1581249603.6871302,b827ebf7d096,e78f135624ce,-77,17.928552054,8.444930993,1.827690068,-0.01179298,0.019585959,-0.999,-0.785686476,-0.011930993,0.025069007,-0.011930993,0.78561747,0.018585959
1581249604.1465213,b827ebf7d096,e78f135624ce,-80,17.90443628,8.44164093,1.81551349,-0.01728186,0.02156372,-0.999,-0.932459529,-0.014,0.021,-0.014,0.932100459,0.02156372
1581249604.601597,b827ebf7d096,e78f135624ce,-85,17.891039872,8.443960128,1.793719829,-0.021640085,0.030640085,-0.999,-0.978920256,-0.014,0.022640085,-0.013679957,0.978240298,0.031320043
1581249605.0517485,b827ebf7d096,e78f135624ce,-83,17.883091683,8.447908317,1.783045841,-0.024908317,0.033,-0.999,-0.992908317,-0.014,0.024908317,-0.013,0.992862476,0.033045841
1581249605.963897,b827ebf7d096,e78f135624ce,-81,17.87862203,8.447133909,1.862,-0.016755939,-0.01237797,-0.999155508,-0.967399568,-0.017844492,0.017755939,-0.017844492,0.967399568,-0.011533477
1581249606.41576,b827ebf7d096,e78f135624ce,-78,17.878,8.443443302,1.859556698,-0.019221651,-0.002,-0.999,-0.989113397,-0.015221651,0.019443302,-0.015221651,0.989335048,-0.001778349
1581249606.8687057,b827ebf7d096,e78f135624ce,-91,17.876,8.460009849,1.854,-0.024207879,0.002,-0.999,-0.89277899,-0.013798687,0.025808535,-0.013798687,0.89377899,0.003
1581249607.3266373,b827ebf7d096,e78f135624ce,-76,17.86001538,8.43760592,1.8416213,0.0,0.01022722,-0.999,-0.96668166,-0.014,7.574e-05,-0.014,0.96668166,0.01022722
1581249607.7870395,b827ebf7d096,e78f135624ce,-76,17.809966876,8.444743789,1.842504141,0.017264492,0.006495859,-0.999,-0.989008281,-0.01475207,-0.017264492,-0.01475207,0.989256211,0.006495859
1581249608.2415133,b827ebf7d096,e78f135624ce,-77,17.735937522,8.431118053,1.851863422,0.016645841,0.001881947,-0.999372684,-0.996372684,-0.015372684,-0.016645841,-0.015372684,0.996372684,0.001254631
1581249608.6943622,b827ebf7d096,e78f135624ce,-80,17.641467117,8.432149477,1.858906577,-0.007962631,0.001037369,-0.999,-0.998,-0.016981315,0.007962631,-0.016981315,0.998981315,0.001037369
1581249609.1537116,b827ebf7d096,e78f135624ce,-73,17.541615915,8.430645195,1.847988288,-0.023656907,0.009674475,-0.999,-0.999,-0.015,0.023656907,-0.015,0.999,0.010343093
1581249609.613706,b827ebf7d096,e78f135624ce,-71,17.440977882,8.416217694,1.849443539,-0.016556461,0.011721769,-0.999,-0.882073352,-0.014834692,0.020526193,-0.014473807,0.882073352,0.009556461
1581249610.0671406,b827ebf7d096,e78f135624ce,-74,17.331924718,8.470016132,1.83301882,-0.020989245,0.019989245,-0.999,-0.419841371,-0.006,0.035,-0.005997311,0.420838682,0.013989245
1581249610.9704616,b827ebf7d096,e78f135624ce,-79,17.111701609,8.421816477,1.824353315,-0.007591761,0.018224716,-0.999,-0.696963828,-0.012197254,0.019802746,-0.011394508,0.696963828,0.016224716
1581249611.4286191,b827ebf7d096,e78f135624ce,-75,16.98547311,8.461161292,1.822677416,-0.028860215,0.020301077,-0.998,-0.628537632,-0.01,0.050440861,-0.009,0.629537632,0.016301077
1581249611.8886776,b827ebf7d096,e78f135624ce,-75,16.865811352,8.422940542,1.831976756,-0.006516759,0.015552973,-0.997447027,-0.557392451,-0.007682163,0.049082702,-0.006682163,0.556286506,0.009682163
1581249612.3393471,b827ebf7d096,e78f135624ce,-75,16.751529839,8.376917903,1.841479476,0.017123145,0.015520524,-0.996826492,-0.459901011,-0.007652984,0.050214556,-0.006652984,0.458553994,0.005826492
1581249612.7914724,b827ebf7d096,e78f135624ce,-69,16.640173617,8.405835169,1.845789011,0.042156045,0.011210989,-0.997789011,0.327261605,0.005156045,0.055210989,0.005156045,-0.329472594,-0.001578023
1581249613.2459211,b827ebf7d096,e78f135624ce,-82,16.522260997,8.457980183,1.843932818,0.045288545,0.008644273,-0.998355727,0.780122279,0.010355727,0.048932818,0.011355727,-0.781122279,-0.005644273
1581249613.700972,b827ebf7d096,e78f135624ce,-75,16.397413205,8.493625916,1.843041565,0.038041565,0.007,-0.999,0.848755499,0.011958435,0.04108313,0.012,-0.849755499,-0.006958435
1581249614.1529691,b827ebf7d096,e78f135624ce,-78,16.236453257,8.4813822,1.847846671,0.011153329,0.007384443,-0.997615557,-0.086798043,-0.002846671,0.027537771,-0.001846671,0.087182485,0.000615557
1581249614.6074479,b827ebf7d096,e78f135624ce,-73,16.077802968,8.478290406,1.85403541,0.002967161,0.002063106,-0.998419189,-0.193977447,-0.006580811,0.026290406,-0.006452028,0.193267853,-0.001356083
1581249615.068648,b827ebf7d096,e78f135624ce,-71,15.922495946,8.464893883,1.846933677,0.003079587,0.005013265,-0.998,-0.207527632,-0.009986735,0.014907148,-0.010986735,0.206540896,0.005
1581249615.5210702,b827ebf7d096,e78f135624ce,-69,15.780703988,8.413102761,1.801312884,0.01198773,0.018337423,-0.998,-0.3358727,-0.011584356,-0.007246933,-0.012,0.335288344,0.019506135
1581249615.9770977,b827ebf7d096,e78f135624ce,-76,15.63498499,8.675000642,1.837892367,-0.08664644,0.007738422,-0.986553817,-0.530552533,-0.012369211,0.082831046,-0.013184606,0.541814111,0.005738422
1581249616.8852708,b827ebf7d096,e78f135624ce,-72,15.399854209,8.368307171,1.935601871,0.020498441,-0.011650468,-0.993449844,-0.822960756,-0.017550156,-0.012349532,-0.019550156,0.827510912,-0.013750779
1581249617.3377666,b827ebf7d096,e78f135624ce,-78,15.260045034,8.441058165,1.970915572,-0.033902441,-0.022831145,-0.989168855,-0.901908081,-0.017831145,0.038902441,-0.022746717,0.909739225,-0.021831145
1581249617.7988632,b827ebf7d096,e78f135624ce,-75,15.089963951,8.348774766,1.987818313,0.00734535,-0.017327325,-0.994767267,-0.862294304,-0.017767267,-0.001879885,-0.019767267,0.865294304,-0.019560058
1581249618.2517269,b827ebf7d096,e78f135624ce,-65,14.92752356,8.251621252,1.918123394,0.023131961,0.003502142,-0.997374465,-0.954868039,-0.016374465,-0.021506425,-0.018,0.955868039,0.002502142
1581249618.7062697,b827ebf7d096,e78f135624ce,-71,14.776156426,8.252080219,1.850068186,0.013979945,0.017987967,-0.998,-0.984979945,-0.017004011,-0.013979945,-0.018,0.985975934,0.016991978
1581249619.1583595,b827ebf7d096,e78f135624ce,-68,14.652902028,8.377490203,1.891274493,-0.028,0.000117652,-0.994254899,-0.925058783,-0.017254899,0.031372551,-0.018627449,0.928803884,-0.001254899
1581249620.0651276,b827ebf7d096,e78f135624ce,-71,14.366693425,8.387291586,1.862319632,-0.03,0.008194391,-0.998,-0.968833655,-0.018,0.029,-0.018,0.968930851,0.008291586
1581249620.5218918,b827ebf7d096,e78f135624ce,-72,14.263724817,8.258162165,1.873542506,0.008137591,0.006542506,-0.997457494,-0.895817689,-0.018542506,-0.006137591,-0.018,0.897360195,0.006
1581249620.9749608,b827ebf7d096,e78f135624ce,-82,14.122792033,8.186965036,1.873728793,0.02303162,0.006908483,-0.997151414,-0.964514138,-0.018848586,-0.02303162,-0.018848586,0.967362724,0.006757069
1581249621.4351888,b827ebf7d096,e78f135624ce,-74,13.962810089,8.328181009,1.828495549,-0.004667656,0.018667656,-0.999,-0.988501484,-0.017166172,0.004667656,-0.017,0.989335312,0.018667656
1581249621.8857658,b827ebf7d096,e78f135624ce,-74,13.823307593,8.419526681,1.79282444,-0.016360954,0.023,-0.999,-0.996453651,-0.018453651,0.016360954,-0.018,0.996453651,0.023
1581249622.342709,b827ebf7d096,e78f135624ce,-78,13.668224599,8.469714246,1.766755108,-0.017244892,0.024755108,-0.999,-0.998122446,-0.019,0.017244892,-0.019,0.998122446,0.024755108
1581249622.795209,b827ebf7d096,e78f135624ce,-74,13.510632859,8.498420893,1.765,-0.022473631,0.018263185,-0.999,-0.999,-0.015263185,0.021736815,-0.015263185,0.999,0.018526369
1581249623.2542639,b827ebf7d096,e78f135624ce,-82,13.373010896,8.529,1.757,-0.022637354,0.017,-0.999340661,-0.999,-0.017340661,0.021978016,-0.017,1.0,0.017659339
1581249623.705754,b827ebf7d096,e78f135624ce,-75,13.211232294,8.527078836,1.762763491,-0.021921164,0.014078836,-0.999,-0.999,-0.014,0.021921164,-0.013921164,1.0,0.014078836
1581249624.1614969,b827ebf7d096,e78f135624ce,-82,13.060958023,8.532789918,1.760949588,-0.025210082,0.014815124,-0.999,-0.999,-0.015,0.025210082,-0.014394959,1.0,0.014815124
1581249625.0706246,b827ebf7d096,e78f135624ce,-76,12.762018115,8.526719706,1.730719706,-0.025887882,0.022168176,-0.999,-0.999,-0.02,0.025831824,-0.02,0.999,0.023112118
1581249625.5288827,b827ebf7d096,e78f135624ce,-88,12.619114627,8.539515756,1.734128939,-0.026,0.021,-0.999,-0.999,-0.019,0.026,-0.01843553,1.0,0.022
1581249625.9863238,b827ebf7d096,e78f135624ce,-79,12.52533645,8.56217757,1.75842056,-0.00486916,0.01228972,-0.999,-0.334700973,-0.00911215,0.03235514,-0.00911215,0.334700973,0.01146729
1581249626.4389954,b827ebf7d096,e78f135624ce,-77,12.459169366,8.58141167,1.775397082,0.018602918,0.001794165,-0.999,0.572814441,0.002602918,0.030397082,0.003404376,-0.572814441,0.005801459
1581249626.890973,b827ebf7d096,e78f135624ce,-75,12.362079676,8.593166431,1.784833569,0.022416785,-0.000416785,-1.0,0.862504955,0.007416785,0.026,0.007416785,-0.862504955,0.003
1581249627.3460782,b827ebf7d096,e78f135624ce,-73,12.237713942,8.590357197,1.796571364,0.019857121,0.000785682,-1.0,0.956857272,0.009,0.021785682,0.009,-0.956857272,0.000142879
1581249628.2542267,b827ebf7d096,e78f135624ce,-74,11.970585588,8.578752148,1.803688037,0.023623926,-0.000623926,-1.0,0.995311963,0.013688037,0.023623926,0.013688037,-0.995311963,0.001311963
1581249628.7094078,b827ebf7d096,e78f135624ce,-71,11.824385387,8.57611359,1.81777282,0.026,0.001,-1.0,0.998,0.013943205,0.026943205,0.013943205,-0.998943205,-0.001
1581249629.1616163,b827ebf7d096,e78f135624ce,-79,11.677976855,8.59702905,1.809848843,0.019848843,-0.006575579,-1.0,0.999,0.012424421,0.019848843,0.012424421,-0.999,0.006575579
1581249629.6125324,b827ebf7d096,e78f135624ce,-81,11.534475615,8.586,1.80919801,0.02380199,-0.00719801,-1.0,0.999,0.01119801,0.02380199,0.01119801,-1.0,0.008
1581249630.0681913,b827ebf7d096,e78f135624ce,-85,11.39035492,8.573929988,1.811309996,0.025845002,-0.008,-1.0,0.999154998,0.011309996,0.025690004,0.011309996,-1.0,0.008845002
1581249630.5309136,b827ebf7d096,e78f135624ce,-78,11.235557125,8.576671771,1.815137417,0.024465646,-0.005931292,-1.0,1.0,0.011534354,0.024465646,0.011534354,-1.0,0.005931292
1581249630.982245,b827ebf7d096,e78f135624ce,-84,11.084848723,8.578484872,1.815,0.024257564,-0.005,-1.0,1.0,0.01,0.024257564,0.01,-1.0,0.005
1581249631.4337723,b827ebf7d096,e78f135624ce,-71,10.94015963,8.575253991,1.813746009,0.026746009,-0.006,-1.0,1.0,0.011492018,0.026746009,0.011492018,-1.0,0.006746009
1581249631.8875725,b827ebf7d096,e78f135624ce,-72,10.792765567,8.574609374,1.812781253,0.027781253,-0.009,-1.0,0.999609374,0.012390626,0.027390626,0.012,-1.0,0.009
1581249632.342687,b827ebf7d096,e78f135624ce,-79,10.64095913,8.578954647,1.811090705,0.028045353,-0.007909295,-1.0,0.999954647,0.011045353,0.028045353,0.011045353,-1.0,0.007909295
1581249632.8050609,b827ebf7d096,e78f135624ce,-80,10.527749756,8.557884653,1.822528837,0.02,0.005264418,-0.995735582,0.565394917,0.006735582,0.066966276,0.007735582,-0.567394917,0.003264418
1581249633.2546005,b827ebf7d096,e78f135624ce,-77,10.343853734,8.570011251,1.820494374,0.016988749,0.003747187,-0.999,0.856618138,0.010252813,0.031977498,0.011,-0.857365325,-0.001
1581249633.7104461,b827ebf7d096,e78f135624ce,-77,10.153421255,8.5837665,1.81811675,0.003467,0.003,-0.99988325,0.763350017,0.0102335,0.009467,0.0102335,-0.763350017,0.00064975
1581249634.1673791,b827ebf7d096,e78f135624ce,-76,9.940462268,8.583848742,1.828302515,0.002,0.007575629,-1.0,-0.185663506,0.003848742,-0.001,0.003848742,0.185663506,0.005575629
1581249634.6286573,b827ebf7d096,e78f135624ce,-77,9.706581193,8.578253492,1.818504776,-0.001234387,0.009897134,-0.998700955,-0.251191765,-0.002794269,-0.024373254,-0.003093314,0.251789855,0.00959809
1581249635.0881262,b827ebf7d096,e78f135624ce,-77,9.490542237,8.526009537,1.821019073,0.01294278,0.013009537,-0.999,-0.768600814,-0.006990463,-0.020923706,-0.007980927,0.769591278,0.013009537
1581249635.9939682,b827ebf7d096,e78f135624ce,-80,9.16281684,8.540312311,1.830624623,-0.019156156,0.011531533,-1.0,-0.97509309,-0.003843844,0.018312311,-0.003843844,0.97509309,0.011531533
1581249636.4461305,b827ebf7d096,e78f135624ce,-77,8.993512208,8.541095022,1.833657013,-0.018657013,0.008780996,-1.0,-0.992342987,-0.003,0.018438009,-0.002780996,0.992342987,0.008780996
1581249636.9028482,b827ebf7d096,e78f135624ce,-82,8.819870761,8.546724836,1.836293627,-0.015568791,0.006137582,-1.0,-0.997431209,-0.004431209,0.015137582,-0.004431209,0.997431209,0.006137582
1581249637.361261,b827ebf7d096,e78f135624ce,-84,8.648768593,8.551332161,1.834111307,-0.010554774,0.008,-1.0,-0.999,-0.006,0.010554774,-0.006,0.999,0.008
1581249638.270556,b827ebf7d096,e78f135624ce,-86,8.310494051,8.520635293,1.840094122,0.000635293,0.009635293,-1.0,-1.0,-0.004,-0.000635293,-0.004,1.0,0.009635293
1581249638.7314103,b827ebf7d096,e78f135624ce,-87,8.14430632,8.522038493,1.837769044,-0.003038493,0.010076985,-1.0,-1.0,-0.005,0.003038493,-0.005,1.0,0.010076985
1581249639.1859214,b827ebf7d096,e78f135624ce,-92,7.97277596,8.522571911,1.827943146,-0.006314382,0.012371236,-1.0,-1.0,-0.005314382,0.006314382,-0.005314382,1.0,0.012371236
1581249639.6462069,b827ebf7d096,e78f135624ce,-74,7.790613808,8.524859636,1.836760243,-0.007619879,0.007239757,-1.0,-1.0,-0.006380121,0.007619879,-0.006380121,1.0,0.007239757
1581249640.100839,b827ebf7d096,e78f135624ce,-86,7.607598815,8.527657488,1.837937725,-0.006844313,0.005,-1.0,-1.0,-0.006031137,0.006844313,-0.006031137,1.0,0.005
1581249640.5545897,b827ebf7d096,e78f135624ce,-96,7.438880528,8.519131546,1.840593289,-0.001944967,0.003351678,-1.0,-1.0,-0.007351678,0.001593289,-0.007351678,1.0,0.003351678
1581249641.0123172,b827ebf7d096,e78f135624ce,-75,7.282381673,8.539592101,1.832960506,-0.007703949,0.006815798,-1.0,-1.0,-0.009,0.007703949,-0.009,1.0,0.006815798
1581249641.462899,b827ebf7d096,e78f135624ce,-79,7.114022551,8.534,1.834893137,-0.002106863,0.006,-1.0,-1.0,-0.01,0.002106863,-0.01,1.0,0.006106863
1581249641.9147344,b827ebf7d096,e78f135624ce,-78,6.943390612,8.519613203,1.823341516,0.008,0.008045281,-1.0,-1.0,-0.009477359,-0.008,-0.01,1.0,0.008045281
1581249642.36585,b827ebf7d096,e78f135624ce,-78,6.780308572,8.5450525,1.818293214,0.005560179,0.007706786,-1.0,-0.968332861,-0.012853393,-0.006,-0.012853393,0.968332861,0.007706786
1581249642.8213081,b827ebf7d096,e78f135624ce,-74,6.632884226,8.532362927,1.794088781,0.015,0.013424715,-0.999787642,-0.738286164,-0.014849431,-0.014061788,-0.014849431,0.738286164,0.011849431
1581249643.2720768,b827ebf7d096,e78f135624ce,-90,6.550301292,8.583490913,1.822283118,0.000396103,0.008679221,-1.0,0.003309173,0.000283118,-0.006962338,0.000283118,-0.003309173,0.001358441
1581249644.1878726,b827ebf7d096,e78f135624ce,-79,6.277277865,8.683,1.864457573,-0.02139767,0.012252913,-0.999,0.900469223,0.017650583,-0.02139767,0.017650583,-0.900469223,-0.011252913
1581249644.6492581,b827ebf7d096,e78f135624ce,-80,6.165886996,8.633372883,1.885126176,0.000500941,0.01725047,-0.999374765,0.968747648,0.017625235,0.000500941,0.017625235,-0.968747648,-0.01625047
1581249645.1062746,b827ebf7d096,e78f135624ce,-81,5.971493628,8.64993226,1.879,-0.00206774,0.01986452,-0.999,0.67209658,0.01006774,-0.00306774,0.01006774,-0.67209658,-0.01393226
1581249646.0111396,b827ebf7d096,e78f135624ce,-81,5.620375191,8.6774427,1.886,-0.0095573,0.01,-1.0,0.789281011,0.0154427,-0.005,0.0154427,-0.789281011,-0.011
1581249646.4656897,b827ebf7d096,e78f135624ce,-78,5.466837685,8.668095652,1.878301449,-0.004547826,0.007150725,-1.0,0.932533332,0.016849275,-0.003397101,0.016849275,-0.932533332,-0.008
1581249646.9174244,b827ebf7d096,e78f135624ce,-76,5.26894819,8.691264874,1.870466411,-0.019332053,0.005932821,-1.0,0.977798463,0.017,-0.018332053,0.017,-0.978264874,-0.006466411
1581249647.3722587,b827ebf7d096,e78f135624ce,-87,5.087337021,8.717524073,1.858356945,-0.022762036,0.011524073,-1.0,0.548458768,0.007881018,-0.011237964,0.007881018,-0.549339787,-0.004
1581249647.831669,b827ebf7d096,e78f135624ce,-78,4.897932927,8.732837398,1.859,-0.020628049,0.004628049,-0.99979065,0.16295935,0.003418699,-0.005418699,0.003418699,-0.16295935,-0.002
1581249648.2884183,b827ebf7d096,e78f135624ce,-87,4.69462821,8.636441814,1.861860453,0.00670932,0.013,-0.999,0.061581861,0.004569773,-0.00441864,0.004569773,-0.061581861,-0.005
1581249649.1948678,b827ebf7d096,e78f135624ce,-81,4.381674596,8.571514811,1.86296746,0.030742594,0.013644973,-0.999,0.555916968,0.01203254,0.026420108,0.012355027,-0.556916968,-0.009322487
1581249649.650543,b827ebf7d096,e78f135624ce,-82,4.229835787,8.592711745,1.85299034,0.004307574,0.009663447,-0.999,-0.171792088,0.000653787,0.032326894,0.000653787,0.171792088,-0.000326894
1581249650.111929,b827ebf7d096,e78f135624ce,-79,4.029747222,8.619079045,1.846920955,-0.001802388,0.008,-1.0,-0.74376657,-0.008079045,0.012723343,-0.008039522,0.74376657,0.005039522
1581249650.5659425,b827ebf7d096,e78f135624ce,-85,3.814764671,8.641340404,1.850276764,0.010297978,0.006340404,-1.0,-0.91680908,-0.013,-0.006957573,-0.013,0.91680908,0.005340404
1581249651.0169542,b827ebf7d096,e78f135624ce,-92,3.602432051,8.616235051,1.818005436,0.025005436,0.011497282,-0.999,-0.973010872,-0.013748641,-0.024256795,-0.014,0.973010872,0.010748641
1581249651.4725246,b827ebf7d096,e78f135624ce,-79,3.422377365,8.589987679,1.833451289,0.028890258,0.005219484,-0.999,-0.990670774,-0.011109742,-0.028890258,-0.011109742,0.991670774,0.005109742
1581249651.9253757,b827ebf7d096,e78f135624ce,-97,3.2426213,8.576,1.839582722,0.019417278,0.003,-1.0,-0.996527574,-0.011944852,-0.019417278,-0.011944852,0.997527574,0.003
1581249652.3860745,b827ebf7d096,e78f135624ce,-92,3.057962374,8.562549485,1.837549485,0.008098969,0.004225258,-1.0,-0.999,-0.012,-0.008098969,-0.012,0.999,0.004225258
1581249652.8426824,b827ebf7d096,e78f135624ce,-83,2.876113758,8.558412139,1.836,-0.003412139,0.004235145,-1.0,-1.0,-0.011882428,0.003412139,-0.011882428,1.0,0.004235145
1581249653.7477717,b827ebf7d096,e78f135624ce,-84,2.53156318,8.559937597,1.826017829,-0.012973256,0.006991085,-1.0,-1.0,-0.015,0.012973256,-0.015,1.0,0.007982171
1581249654.2012856,b827ebf7d096,e78f135624ce,-84,2.353601882,8.544650078,1.828,-0.006325039,0.005674961,-1.0,-1.0,-0.012975118,0.006325039,-0.012975118,1.0,0.005674961
1581249654.6541355,b827ebf7d096,e78f135624ce,-99,2.175443979,8.537661826,1.834,-0.002,0.002338174,-1.0,-1.0,-0.013661826,0.001661826,-0.013661826,1.0,0.002338174
1581249655.1130345,b827ebf7d096,e78f135624ce,-82,2.000037769,8.541178385,1.841955404,-0.003133788,0.0,-1.0,-1.0,-0.013,0.003133788,-0.013,1.0,0.0
1581249655.5723717,b827ebf7d096,e78f135624ce,-78,1.828958053,8.546687097,1.841687097,-0.009374194,0.001,-1.0,-1.0,-0.013,0.009374194,-0.013,1.0,0.001
1581249656.4875517,b827ebf7d096,e78f135624ce,-79,1.4902338,8.53732998,1.839802012,-0.023,0.002065996,-1.0,-1.0,-0.013,0.023,-0.013,1.0,0.002065996
1581249656.9447806,b827ebf7d096,e78f135624ce,-83,1.320003631,8.536199839,1.84,-0.026599919,0.002,-1.0,-0.999400081,-0.015,0.026599919,-0.014599919,1.0,0.002
1581249657.3948698,b827ebf7d096,e78f135624ce,-85,1.163632454,8.511704057,1.853352028,-0.016352028,-0.003568019,-1.0,-1.0,-0.016,0.016352028,-0.016,1.0,-0.003568019
1581249657.8482244,b827ebf7d096,e78f135624ce,-82,0.998653041,8.503154722,1.852690556,-0.011,-0.003845278,-1.0,-1.0,-0.016,0.011,-0.016,1.0,-0.003845278
1581249658.3033736,b827ebf7d096,e78f135624ce,-85,0.833838519,8.479284791,1.857886083,-0.000585437,-0.004471521,-1.0,-1.0,-0.014943042,0.000585437,-0.014943042,1.0,-0.004471521
1581249658.7611003,b827ebf7d096,e78f135624ce,-87,0.650395571,8.486238486,1.846,0.003238486,0.002,-1.0,-1.0,-0.015,-0.003238486,-0.015,1.0,0.002
1581249659.2149963,b827ebf7d096,e78f135624ce,-84,0.493538428,8.472445751,1.8469783,0.0140217,0.00251085,-1.0,-1.0,-0.017244575,-0.0140217,-0.017244575,1.0,0.001755425
1581249659.66751,b827ebf7d096,e78f135624ce,-85,0.354905474,8.448268978,1.846,0.024170438,0.003609854,-0.999609854,-0.999609854,-0.015,-0.024170438,-0.015,1.0,0.003
1581249660.1241815,b827ebf7d096,e78f135624ce,-89,0.273087056,8.448,1.859130421,0.026043474,0.000956526,-0.999956526,-0.999,-0.011,-0.026043474,-0.011,1.0,0.000956526
