1581249601.4099905,b827ebfd7811,e78f135624ce,-77,18.031,8.465,1.816,0.062,-0.0,-0.998,0.998,0.017,0.062,0.017,-1.0,0.002
1581249601.8643436,b827ebfd7811,e78f135624ce,-77,18.029671865,8.465114577,1.821885423,0.061442712,0.002442712,-0.997442712,0.998557288,0.019,0.061442712,0.019,-0.999,0.000114577
1581249602.3197443,b827ebfd7811,e78f135624ce,-74,18.024099641,8.465199281,1.828096046,0.060900359,0.002398562,-0.998,0.998,0.019099641,0.060900359,0.019099641,-1.0,-0.001298922
1581249602.775541,b827ebfd7811,e78f135624ce,-74,18.014822918,8.456302085,1.843479166,0.058781251,0.005,-0.998,0.918125027,0.017520834,0.058781251,0.017520834,-0.920125027,-0.003
1581249603.2348602,b827ebfd7811,e78f135624ce,-72,17.963847013,8.445961753,1.859038247,0.008577424,-0.003346082,-0.999,-0.332870365,-0.006384329,0.032269589,-0.006384329,0.332870365,-0.006
1581249603.6876817,b827ebfd7811,e78f135624ce,-77,17.928520542,8.444934932,1.827650678,-0.011804797,0.019609593,-0.999,-0.78598978,-0.011934932,0.025065068,-0.011934932,0.785924713,0.018609593
1581249604.1454616,b827ebfd7811,e78f135624ce,-77,17.904466559,8.44163336,1.815566479,-0.01726672,0.021533441,-0.999,-0.932300564,-0.014,0.021,-0.014,0.931933924,0.021533441
1581249604.6004336,b827ebfd7811,e78f135624ce,-73,17.891064804,8.443935196,1.793753072,-0.021623464,0.030623464,-0.999,-0.978870392,-0.014,0.022623464,-0.013688268,0.978182124,0.031311732
1581249605.0513623,b827ebfd7811,e78f135624ce,-72,17.883098705,8.447901295,1.783049353,-0.024901295,0.033,-0.999,-0.992901295,-0.014,0.024901295,-0.013,0.992851942,0.033049353
1581249605.5117013,b827ebfd7811,e78f135624ce,-71,17.879,8.461229721,1.82290093,-0.023819814,0.004049535,-0.999,-0.900882978,-0.015590093,0.025819814,-0.015180186,0.900882978,0.004639628
1581249606.8690832,b827ebfd7811,e78f135624ce,-70,17.876,8.4599663,1.854,-0.02417304,0.002,-0.999,-0.892871892,-0.013804493,0.025770794,-0.013804493,0.893871892,0.003
1581249607.3255498,b827ebfd7811,e78f135624ce,-76,17.860124122,8.437539002,1.841663124,0.0,0.010202126,-0.999,-0.966606377,-0.014,6.7375e-05,-0.014,0.966606377,0.010202126
1581249607.787701,b827ebfd7811,e78f135624ce,-73,17.809878693,8.444727255,1.842515163,0.017303072,0.006484837,-0.999,-0.989030327,-0.014757582,-0.017303072,-0.014757582,0.989272745,0.006484837
1581249608.2460399,b827ebfd7811,e78f135624ce,-78,17.734919033,8.431231219,1.852052031,0.016306344,0.001768781,-0.999410406,-0.996410406,-0.015410406,-0.016306344,-0.015410406,0.996410406,0.001179188
1581249609.1528003,b827ebfd7811,e78f135624ce,-76,17.541798162,8.430722299,1.848030345,-0.023691954,0.009646437,-0.999,-0.999,-0.015,0.023691954,-0.015,0.999,0.010308046
1581249609.6127574,b827ebfd7811,e78f135624ce,-72,17.441160318,8.416071746,1.849414349,-0.016585651,0.011707175,-0.999,-0.884437721,-0.014878476,0.020475111,-0.014524889,0.884437721,0.009585651
1581249610.0677187,b827ebfd7811,e78f135624ce,-73,17.331800191,8.470042816,1.833049952,-0.020971456,0.019971456,-0.999,-0.419578973,-0.006,0.035,-0.005992864,0.420571837,0.013971456
1581249610.5208657,b827ebfd7811,e78f135624ce,-73,17.224864068,8.422740678,1.833086441,-0.003765424,0.018530847,-0.999,-0.715790509,-0.011234576,0.011913559,-0.010617288,0.715790509,0.015148136
1581249610.973782,b827ebfd7811,e78f135624ce,-74,17.110677801,8.421650454,1.824823713,-0.007674773,0.017975681,-0.999,-0.69934349,-0.012224924,0.019775076,-0.011449849,0.69934349,0.015975681
1581249611.429039,b827ebfd7811,e78f135624ce,-71,16.985369761,8.46118067,1.82263866,-0.028863445,0.020317225,-0.998,-0.628502105,-0.01,0.05045378,-0.009,0.629502105,0.016317225
1581249611.8890736,b827ebfd7811,e78f135624ce,-77,16.865771751,8.422879617,1.832004172,-0.006431464,0.015556019,-0.997443981,-0.556667443,-0.007663885,0.049116211,-0.006663885,0.555555405,0.009663885
1581249612.3398395,b827ebfd7811,e78f135624ce,-72,16.751454095,8.376872457,1.841468114,0.017191314,0.015531886,-0.996822705,-0.459200381,-0.00764541,0.050241067,-0.00664541,0.457845791,0.005822705
1581249612.7911203,b827ebfd7811,e78f135624ce,-72,16.640273391,8.405791151,1.845786077,0.042144307,0.011213923,-0.997786077,0.326583727,0.005144307,0.055213923,0.005144307,-0.32879765,-0.001572153
1581249613.2428508,b827ebfd7811,e78f135624ce,-78,16.523182104,8.45758941,1.844016555,0.04534437,0.008672185,-0.998327815,0.778307976,0.010327815,0.049016555,0.011327815,-0.779307976,-0.005672185
1581249613.6999032,b827ebfd7811,e78f135624ce,-73,16.397672778,8.493557206,1.843049199,0.038049199,0.007,-0.999,0.848343236,0.011950801,0.041098399,0.012,-0.849343236,-0.006950801
1581249614.607989,b827ebfd7811,e78f135624ce,-72,16.077640605,8.478294271,1.85418231,0.002940101,0.001997388,-0.998411457,-0.194429744,-0.006588543,0.026294271,-0.006471357,0.193724015,-0.00141407
1581249615.0690348,b827ebfd7811,e78f135624ce,-75,15.922390981,8.464871785,1.846919866,0.003096161,0.005016027,-0.998,-0.207221022,-0.009983973,0.014887812,-0.010983973,0.206237049,0.005
1581249615.5204058,b827ebfd7811,e78f135624ce,-78,15.780975818,8.412987988,1.801433697,0.012060218,0.018313261,-0.998,-0.336132448,-0.011578315,-0.007265055,-0.012,0.335554133,0.019469891
1581249615.974921,b827ebfd7811,e78f135624ce,-72,15.635736963,8.676286911,1.838011099,-0.087220314,0.007659267,-0.98649445,-0.527920628,-0.012329634,0.083385131,-0.013164817,0.539261361,0.005659267
1581249616.4301596,b827ebfd7811,e78f135624ce,-71,15.525136089,8.603982711,1.937972183,-0.051249626,-0.020244362,-0.987331579,-0.633804511,-0.011760902,0.062678949,-0.016429323,0.641043608,-0.025863911
1581249617.3384237,b827ebfd7811,e78f135624ce,-73,15.259868127,8.440941912,1.970910518,-0.033836733,-0.022821036,-0.989178964,-0.901483505,-0.017821036,0.038836733,-0.022731554,0.909304541,-0.021821036
1581249617.7993357,b827ebfd7811,e78f135624ce,-72,15.089727678,8.348609375,1.987719866,0.007424107,-0.017287946,-0.994771205,-0.862475447,-0.017771205,-0.001966518,-0.019771205,0.865475447,-0.019516741
1581249618.2514012,b827ebfd7811,e78f135624ce,-71,14.927642976,8.251602254,1.918115252,0.023167243,0.003512998,-0.997371751,-0.954832757,-0.016371751,-0.021538993,-0.018,0.955832757,0.002512998
1581249618.7059538,b827ebfd7811,e78f135624ce,-71,14.776251198,8.252128819,1.850109496,0.013967795,0.017980677,-0.998,-0.984967795,-0.017006441,-0.013967795,-0.018,0.985961354,0.016987118
1581249619.159028,b827ebfd7811,e78f135624ce,-66,14.652696328,8.377469633,1.891325918,-0.028,0.000102225,-0.994265184,-0.925182203,-0.017265184,0.031367408,-0.018632592,0.928917019,-0.001265184
1581249619.6116707,b827ebfd7811,e78f135624ce,-66,14.504072714,8.402512035,1.870731695,-0.03046339,0.007,-0.997268305,-0.902512541,-0.017731695,0.02846339,-0.017731695,0.903512541,0.007
1581249620.5208018,b827ebfd7811,e78f135624ce,-66,14.26399733,8.258661771,1.873533422,0.008001335,0.006533422,-0.997466578,-0.895536093,-0.018533422,-0.006001335,-0.018,0.897069515,0.006
1581249620.973897,b827ebfd7811,e78f135624ce,-70,14.123155507,8.186557236,1.873861771,0.023146868,0.006855292,-0.997142549,-0.964425486,-0.018857451,-0.023146868,-0.018857451,0.967282938,0.006712743
1581249621.4341059,b827ebfd7811,e78f135624ce,-67,13.963201597,8.32793944,1.828570519,-0.004650996,0.018650996,-0.999,-0.988476494,-0.017174502,0.004650996,-0.017,0.989301992,0.018650996
1581249621.8846538,b827ebfd7811,e78f135624ce,-66,13.823641188,8.419347053,1.792884316,-0.016335293,0.023,-0.999,-0.996445098,-0.018445098,0.016335293,-0.018,0.996445098,0.023
1581249623.2537668,b827ebfd7811,e78f135624ce,-71,13.373209737,8.529,1.757,-0.022655431,0.017,-0.999336142,-0.999,-0.017336142,0.021991573,-0.017,1.0,0.017663858
1581249623.7046175,b827ebfd7811,e78f135624ce,-70,13.211565138,8.527086955,1.762739136,-0.021913045,0.014086955,-0.999,-0.999,-0.014,0.021913045,-0.013913045,1.0,0.014086955
1581249624.1603618,b827ebfd7811,e78f135624ce,-89,13.061347204,8.532806133,1.761030667,-0.025193867,0.0147908,-0.999,-0.999,-0.015,0.025193867,-0.014403067,1.0,0.0147908
1581249624.621606,b827ebfd7811,e78f135624ce,-75,12.903954954,8.528119034,1.751439141,-0.024719571,0.016960322,-0.999,-0.999,-0.017320107,0.024719571,-0.016640215,1.0,0.017640215
1581249625.0730484,b827ebfd7811,e78f135624ce,-77,12.761224883,8.526829877,1.730829877,-0.025931951,0.022102074,-0.999,-0.999,-0.02,0.025897926,-0.02,0.999,0.023068049
1581249625.5294065,b827ebfd7811,e78f135624ce,-78,12.618938438,8.539553851,1.734138463,-0.026,0.021,-0.999,-0.999,-0.019,0.026,-0.018430769,1.0,0.022
1581249625.9852843,b827ebfd7811,e78f135624ce,-73,12.525478201,8.56216812,1.75834496,-0.004982561,0.01232752,-0.999,-0.338282544,-0.0091594,0.03233624,-0.0091594,0.338282544,0.01149564
1581249626.4396172,b827ebfd7811,e78f135624ce,-70,12.459076096,8.581447201,1.7753882,0.0186118,0.001776399,-0.999,0.573467326,0.0026118,0.0303882,0.003417701,-0.573467326,0.0058059
1581249626.8903103,b827ebfd7811,e78f135624ce,-83,12.362237729,8.593176628,1.784823372,0.022411686,-0.000411686,-1.0,0.862290819,0.007411686,0.026,0.007411686,-0.862290819,0.003
1581249627.344035,b827ebfd7811,e78f135624ce,-77,12.238216895,8.59027861,1.796665668,0.019888556,0.000832834,-1.0,0.956668664,0.009,0.021832834,0.009,-0.956668664,0.000111444
1581249627.8026772,b827ebfd7811,e78f135624ce,-73,12.109087023,8.587989978,1.799715717,0.018431435,0.000284283,-1.0,0.985862869,0.012431435,0.019147152,0.012431435,-0.985862869,0.0
1581249628.709916,b827ebfd7811,e78f135624ce,-76,11.824221164,8.57610577,1.817788461,0.026,0.001,-1.0,0.998,0.013947115,0.026947115,0.013947115,-0.998947115,-0.001
1581249629.1604705,b827ebfd7811,e78f135624ce,-81,11.678329421,8.596967351,1.809866471,0.019866471,-0.006566764,-1.0,0.999,0.012433236,0.019866471,0.012433236,-0.999,0.006566764
1581249629.6121645,b827ebfd7811,e78f135624ce,-79,11.534583149,8.586,1.80919518,0.02380482,-0.00719518,-1.0,0.999,0.01119518,0.02380482,0.01119518,-1.0,0.008
1581249630.068867,b827ebfd7811,e78f135624ce,-73,11.390124063,8.573896204,1.811298735,0.025850633,-0.008,-1.0,0.999149367,0.011298735,0.025701265,0.011298735,-1.0,0.008850633
1581249630.5290284,b827ebfd7811,e78f135624ce,-79,11.236216937,8.576593222,1.815074577,0.024481356,-0.005962711,-1.0,1.0,0.011518644,0.024481356,0.011518644,-1.0,0.005962711
1581249630.98535,b827ebfd7811,e78f135624ce,-87,11.083813747,8.578381375,1.815,0.024309313,-0.005,-1.0,1.0,0.01,0.024309313,0.01,-1.0,0.005
1581249631.8881447,b827ebfd7811,e78f135624ce,-82,10.792593906,8.574604972,1.812790056,0.027790056,-0.009,-1.0,0.999604972,0.012395028,0.027395028,0.012,-1.0,0.009
1581249632.3416033,b827ebfd7811,e78f135624ce,-72,10.641334226,8.578962983,1.811074034,0.028037017,-0.007925966,-1.0,0.999962983,0.011037017,0.028037017,0.011037017,-1.0,0.007925966
1581249632.802302,b827ebfd7811,e78f135624ce,-72,10.528945315,8.557700721,1.82257482,0.02,0.00528741,-0.99571259,0.562038155,0.00671259,0.067311148,0.00771259,-0.564038155,0.00328741
1581249633.2534091,b827ebfd7811,e78f135624ce,-88,10.344416932,8.569967928,1.820516036,0.017032072,0.003758018,-0.999,0.856163248,0.010241982,0.032064143,0.011,-0.856921265,-0.001
1581249633.7129638,b827ebfd7811,e78f135624ce,-72,10.152432159,8.583802467,1.818098767,0.003395066,0.003,-0.999901233,0.759753305,0.010197533,0.009395066,0.010197533,-0.759753305,0.0007037
1581249634.6290894,b827ebfd7811,e78f135624ce,-75,9.706318898,8.578080686,1.818489347,-0.001123298,0.009906392,-0.998697869,-0.251864473,-0.002812784,-0.024459657,-0.003114914,0.252468734,0.009604261
1581249635.0851538,b827ebfd7811,e78f135624ce,-70,9.49169954,8.525940465,1.820955348,0.013119071,0.013014884,-0.998985116,-0.76671999,-0.007029768,-0.021148838,-0.008014884,0.76771999,0.013
1581249635.5401304,b827ebfd7811,e78f135624ce,-70,9.324512659,8.530575812,1.824848376,-0.006303247,0.013575812,-0.999,-0.923819482,-0.007,0.003879059,-0.007,0.923819482,0.013575812
1581249636.9017367,b827ebfd7811,e78f135624ce,-90,8.820289713,8.546690636,1.836267977,-0.015577341,0.006154682,-1.0,-0.997422659,-0.004422659,0.015154682,-0.004422659,0.997422659,0.006154682
1581249637.3606305,b827ebfd7811,e78f135624ce,-85,8.648996499,8.551361255,1.834106457,-0.01057417,0.008,-1.0,-0.999,-0.006,0.01057417,-0.006,0.999,0.008
1581249637.82023,b827ebfd7811,e78f135624ce,-72,8.478181735,8.53510671,1.837778658,-0.001442684,0.009778658,-1.0,-1.0,-0.005,0.001442684,-0.005,1.0,0.009778658
1581249638.2730267,b827ebfd7811,e78f135624ce,-72,8.309505758,8.520614703,1.84015589,0.000614703,0.009614703,-1.0,-1.0,-0.004,-0.000614703,-0.004,1.0,0.009614703
1581249638.731077,b827ebfd7811,e78f135624ce,-74,8.144428534,8.522035715,1.837785709,-0.003035715,0.01007143,-1.0,-1.0,-0.005,0.003035715,-0.005,1.0,0.01007143
1581249639.1847105,b827ebfd7811,e78f135624ce,-75,7.973213757,8.522618485,1.827971091,-0.006323697,0.012352606,-1.0,-1.0,-0.005323697,0.006323697,-0.005323697,1.0,0.012352606
1581249639.645653,b827ebfd7811,e78f135624ce,-79,7.790831086,8.524872417,1.836751722,-0.007624139,0.007248278,-1.0,-1.0,-0.006375861,0.007624139,-0.006375861,1.0,0.007248278
1581249640.1039786,b827ebfd7811,e78f135624ce,-79,7.606511985,8.527391819,1.837889422,-0.006723554,0.005,-1.0,-1.0,-0.006055289,0.006723554,-0.006055289,1.0,0.005
1581249641.0115945,b827ebfd7811,e78f135624ce,-72,7.282658688,8.539580057,1.832900285,-0.007709971,0.006839886,-1.0,-1.0,-0.009,0.007709971,-0.009,1.0,0.006839886
1581249641.4617748,b827ebfd7811,e78f135624ce,-86,7.114428971,8.534,1.83488449,-0.00211551,0.006,-1.0,-1.0,-0.01,0.00211551,-0.01,1.0,0.00611551
1581249641.9140615,b827ebfd7811,e78f135624ce,-79,6.943644212,8.519587325,1.823377745,0.008,0.00803493,-1.0,-1.0,-0.009482535,-0.008,-0.01,1.0,0.00803493
1581249642.3646781,b827ebfd7811,e78f135624ce,-78,6.780597022,8.544926303,1.818275186,0.005587221,0.007724814,-1.0,-0.970279896,-0.012862407,-0.006,-0.012862407,0.970279896,0.007724814
1581249642.820638,b827ebfd7811,e78f135624ce,-83,6.63301268,8.532346172,1.794038517,0.015,0.013435885,-0.999782057,-0.739319382,-0.01487177,-0.014089713,-0.01487177,0.739319382,0.01187177
1581249643.2714636,b827ebfd7811,e78f135624ce,-91,6.550435084,8.583412868,1.822260819,0.000423976,0.008684795,-1.0,0.001670221,0.000260819,-0.006945615,0.000260819,-0.001670221,0.00136959
1581249643.7305348,b827ebfd7811,e78f135624ce,-78,6.445385332,8.627821248,1.853821248,-0.009089376,0.010044688,-1.0,0.684860866,0.013910624,-0.011134064,0.012910624,-0.684860866,-0.006955312
1581249644.1885498,b827ebfd7811,e78f135624ce,-83,6.277094078,8.683,1.864520447,-0.021378324,0.012277095,-0.999,0.900628827,0.017655419,-0.021378324,0.017655419,-0.900628827,-0.011277095
1581249644.6498387,b827ebfd7811,e78f135624ce,-80,6.165675511,8.633410204,1.885105442,0.000484354,0.017242177,-0.999378912,0.968789116,0.017621088,0.000484354,0.017621088,-0.968789116,-0.016242177
1581249645.1059918,b827ebfd7811,e78f135624ce,-78,5.971568359,8.64993428,1.879,-0.00206572,0.01986856,-0.999,0.671914803,0.01006572,-0.00306572,0.01006572,-0.671914803,-0.01393428
1581249645.5602827,b827ebfd7811,e78f135624ce,-77,5.80460766,8.656318942,1.867659471,-0.003659471,0.008995682,-0.999668106,0.893383705,0.013668106,-0.004659471,0.013668106,-0.893383705,-0.006995682
1581249646.0137184,b827ebfd7811,e78f135624ce,-81,5.619249924,8.677489587,1.886,-0.009510413,0.01,-1.0,0.790687596,0.015489587,-0.005,0.015489587,-0.790687596,-0.011
1581249646.9177675,b827ebfd7811,e78f135624ce,-76,5.268795122,8.691283347,1.87046905,-0.019345248,0.005938099,-1.0,0.977814298,0.017,-0.018345248,0.017,-0.978283347,-0.00646905
1581249647.371584,b827ebfd7811,e78f135624ce,-81,5.087627671,8.717544834,1.858341375,-0.022772417,0.011544834,-1.0,0.548962216,0.007886208,-0.011227583,0.007886208,-0.549848425,-0.004
1581249647.8314934,b827ebfd7811,e78f135624ce,-81,4.898016391,8.732843256,1.859,-0.020632442,0.004632442,-0.999789186,0.163140921,0.003421628,-0.005421628,0.003421628,-0.163140921,-0.002
1581249648.2889202,b827ebfd7811,e78f135624ce,-82,4.694410732,8.636475272,1.861868818,0.006696773,0.013,-0.999,0.06124728,0.004565591,-0.004393546,0.004565591,-0.06124728,-0.005
1581249648.7434113,b827ebfd7811,e78f135624ce,-89,4.512358904,8.622227646,1.86811731,0.006165504,0.010055168,-0.999,0.046248568,0.003779328,0.001834496,0.003779328,-0.046248568,-0.005779328
1581249649.650133,b827ebfd7811,e78f135624ce,-79,4.229996664,8.592667582,1.852999804,0.00433281,0.009666601,-0.999,-0.171016091,0.000666405,0.032333203,0.000666405,0.171016091,-0.000333203
1581249650.1115057,b827ebfd7811,e78f135624ce,-84,4.029932775,8.619072534,1.846927466,-0.001818664,0.008,-1.0,-0.743538697,-0.008072534,0.01274613,-0.008036267,0.743538697,0.005036267
1581249650.565325,b827ebfd7811,e78f135624ce,-85,3.815078569,8.64134555,1.850235598,0.010272248,0.00634555,-1.0,-0.916670142,-0.013,-0.006926698,-0.013,0.916670142,0.00534555
1581249651.015883,b827ebfd7811,e78f135624ce,-84,3.602878391,8.616333246,1.817969729,0.024969729,0.011515136,-0.999,-0.972939458,-0.013757568,-0.024212161,-0.014,0.972939458,0.010757568
1581249651.4752045,b827ebfd7811,e78f135624ce,-81,3.421367278,8.589802153,1.833554359,0.028910872,0.005178256,-0.999,-0.990732616,-0.011089128,-0.028910872,-0.011089128,0.991732616,0.005089128
1581249652.3848145,b827ebfd7811,e78f135624ce,-82,3.058437312,8.56256887,1.83756887,0.00813774,0.004215565,-1.0,-0.999,-0.012,-0.00813774,-0.012,0.999,0.004215565
1581249652.8423295,b827ebfd7811,e78f135624ce,-79,2.876266663,8.558397436,1.836,-0.003397436,0.004241026,-1.0,-1.0,-0.011879487,0.003397436,-0.011879487,1.0,0.004241026
1581249653.7484593,b827ebfd7811,e78f135624ce,-81,2.531256885,8.559893841,1.826030331,-0.012954503,0.006984834,-1.0,-1.0,-0.015,0.012954503,-0.015,1.0,0.007969669
1581249654.2042744,b827ebfd7811,e78f135624ce,-83,2.352577146,8.544607381,1.828,-0.006303691,0.005696309,-1.0,-1.0,-0.012911072,0.006303691,-0.012911072,1.0,0.005696309
1581249655.1126506,b827ebfd7811,e78f135624ce,-92,2.000158409,8.541167417,1.841958146,-0.003125563,0.0,-1.0,-1.0,-0.013,0.003125563,-0.013,1.0,0.0
1581249655.571709,b827ebfd7811,e78f135624ce,-79,1.829265354,8.546681071,1.841681071,-0.009362143,0.001,-1.0,-1.0,-0.013,0.009362143,-0.013,1.0,0.001
1581249656.0301747,b827ebfd7811,e78f135624ce,-79,1.657253519,8.535427901,1.841786049,-0.014124413,-0.000393025,-1.0,-1.0,-0.015303488,0.014124413,-0.015303488,1.0,-0.000393025
1581249656.4879003,b827ebfd7811,e78f135624ce,-88,1.490111801,8.537317531,1.839809482,-0.023,0.002063506,-1.0,-1.0,-0.013,0.023,-0.013,1.0,0.002063506
1581249656.9436274,b827ebfd7811,e78f135624ce,-83,1.320402826,8.536182097,1.84,-0.026591048,0.002,-1.0,-0.999408952,-0.015,0.026591048,-0.014591048,1.0,0.002
1581249657.3941867,b827ebfd7811,e78f135624ce,-83,1.163884664,8.511735583,1.853367792,-0.016367792,-0.003578528,-1.0,-1.0,-0.016,0.016367792,-0.016,1.0,-0.003578528
1581249657.8488812,b827ebfd7811,e78f135624ce,-80,0.998417672,8.503149248,1.852701504,-0.011,-0.003850752,-1.0,-1.0,-0.016,0.011,-0.016,1.0,-0.003850752
1581249658.3027687,b827ebfd7811,e78f135624ce,-83,0.834075426,8.479335197,1.857865921,-0.000600559,-0.00446648,-1.0,-1.0,-0.014932961,0.000600559,-0.014932961,1.0,-0.00446648
1581249658.7659407,b827ebfd7811,e78f135624ce,-85,0.648499756,8.486319159,1.846,0.003319159,0.002,-1.0,-1.0,-0.015,-0.003319159,-0.015,1.0,0.002
1581249659.668024,b827ebfd7811,e78f135624ce,-83,0.354782898,8.4482413,1.846,0.0241823,0.0036059,-0.9996059,-0.9996059,-0.015,-0.0241823,-0.015,1.0,0.003
1581249660.1230714,b827ebfd7811,e78f135624ce,-83,0.273224183,8.448,1.859110831,0.026036944,0.000963056,-0.999963056,-0.999,-0.011,-0.026036944,-0.011,1.0,0.000963056
