1581249601.4086823,b827eb4521b4,e78f135624ce,-87,18.031,8.465,1.816,0.062,-0.0,-0.998,0.998,0.017,0.062,0.017,-1.0,0.002
1581249601.8649704,b827eb4521b4,e78f135624ce,-72,18.0296574,8.465104933,1.821895067,0.061447533,0.002447533,-0.997447533,0.998552467,0.019,0.061447533,0.019,-0.999,0.000104933
1581249602.319176,b827eb4521b4,e78f135624ce,-73,18.024095268,8.465190537,1.828047951,0.060904732,0.002381073,-0.998,0.998,0.019095268,0.060904732,0.019095268,-1.0,-0.001285805
1581249602.7724986,b827eb4521b4,e78f135624ce,-76,18.015000395,8.456428854,1.843428458,0.058857312,0.005,-0.998,0.920863243,0.017571542,0.058857312,0.017571542,-0.922863243,-0.003
1581249603.2278662,b827eb4521b4,e78f135624ce,-75,17.964609997,8.446152499,1.858847501,0.009022498,-0.0032825,-0.999,-0.320217555,-0.006130001,0.032587499,-0.006130001,0.320217555,-0.006
1581249603.686966,b827eb4521b4,e78f135624ce,-81,17.928561441,8.44492982,1.827701802,-0.01178946,0.019578919,-0.999,-0.785596128,-0.01192982,0.02507018,-0.01192982,0.785525948,0.018578919
1581249604.146011,b827eb4521b4,e78f135624ce,-74,17.904450858,8.441637286,1.815539001,-0.017274571,0.021549142,-0.999,-0.932382997,-0.014,0.021,-0.014,0.932020283,0.021549142
1581249605.506884,b827eb4521b4,e78f135624ce,-74,17.879,8.4613611,1.822462998,-0.0239074,0.004268501,-0.999,-0.899481595,-0.0155463,0.0259074,-0.0150926,0.899481595,0.004814801
1581249605.963325,b827eb4521b4,e78f135624ce,-86,17.878601232,8.447196305,1.862,-0.016797537,-0.012398768,-0.999150308,-0.967352771,-0.017849692,0.017797537,-0.017849692,0.967352771,-0.011549076
1581249606.4155807,b827eb4521b4,e78f135624ce,-76,17.878,8.443445863,1.859554137,-0.019222931,-0.002,-0.999,-0.989108274,-0.015222931,0.019445863,-0.015222931,0.989331206,-0.001777069
1581249606.8679278,b827eb4521b4,e78f135624ce,-79,17.876,8.460099613,1.854,-0.02427969,0.002,-0.999,-0.892587492,-0.013786718,0.025886331,-0.013786718,0.893587492,0.003
1581249607.3260972,b827eb4521b4,e78f135624ce,-71,17.860069382,8.437572688,1.84164207,0.0,0.010214758,-0.999,-0.966644274,-0.014,7.1586e-05,-0.014,0.966644274,0.010214758
1581249607.7832136,b827eb4521b4,e78f135624ce,-80,17.810476997,8.444839437,1.842440375,0.017041314,0.006559625,-0.999,-0.988880751,-0.014720188,-0.017041314,-0.014720188,0.989160563,0.006559625
1581249608.2416623,b827eb4521b4,e78f135624ce,-74,17.735903995,8.431121778,1.851869631,0.016634665,0.001878222,-0.999373926,-0.996373926,-0.015373926,-0.016634665,-0.015373926,0.996373926,0.001252148
1581249608.6937542,b827eb4521b4,e78f135624ce,-73,17.641584033,8.432186891,1.858883193,-0.007953277,0.001046723,-0.999,-0.998,-0.016976639,0.007953277,-0.016976639,0.998976639,0.001046723
1581249609.1531918,b827eb4521b4,e78f135624ce,-71,17.541719866,8.430689174,1.848012277,-0.023676897,0.009658482,-0.999,-0.999,-0.015,0.023676897,-0.015,0.999,0.010323103
1581249610.063171,b827eb4521b4,e78f135624ce,-78,17.332995542,8.469396641,1.83315084,-0.02084916,0.02,-0.999,-0.422503938,-0.006030168,0.03484916,-0.006030168,0.42347377,0.013969832
1581249610.5160499,b827eb4521b4,e78f135624ce,-78,17.226108155,8.423342656,1.832885781,-0.003845687,0.018691375,-0.999,-0.71209838,-0.011154313,0.012114219,-0.010577156,0.71209838,0.015268531
1581249610.9687827,b827eb4521b4,e78f135624ce,-70,17.112219284,8.421900424,1.824115464,-0.007549788,0.018350637,-0.999,-0.695760584,-0.012183263,0.019816737,-0.011366525,0.695760584,0.016350637
1581249611.4285874,b827eb4521b4,e78f135624ce,-79,16.985480916,8.461159828,1.822680343,-0.028859971,0.020299857,-0.998,-0.628540315,-0.01,0.050439886,-0.009,0.629540315,0.016299857
1581249611.887964,b827eb4521b4,e78f135624ce,-81,16.865882711,8.423050325,1.831927354,-0.006670454,0.015547484,-0.997452516,-0.558698863,-0.007715097,0.049022321,-0.006715097,0.557603895,0.009715097
1581249612.3391614,b827eb4521b4,e78f135624ce,-71,16.751558413,8.376935048,1.841483762,0.017097429,0.015516238,-0.996827921,-0.460165316,-0.007655841,0.050204556,-0.006655841,0.458821157,0.005827921
1581249613.6951342,b827eb4521b4,e78f135624ce,-79,16.398830983,8.493250622,1.843083264,0.038083264,0.007,-0.999,0.846503732,0.011916736,0.041166528,0.012,-0.847503732,-0.006916736
1581249614.1528938,b827eb4521b4,e78f135624ce,-75,16.236479088,8.481389734,1.847845057,0.011154943,0.007384981,-0.997615019,-0.086708172,-0.002845057,0.027539924,-0.001845057,0.087093153,0.000615019
1581249614.607614,b827eb4521b4,e78f135624ce,-72,16.077753114,8.478291593,1.854080516,0.002958852,0.002042927,-0.998416815,-0.194116324,-0.006583185,0.026291593,-0.006457963,0.193407917,-0.001373888
1581249615.067905,b827eb4521b4,e78f135624ce,-71,15.922697658,8.464936349,1.846960218,0.003047738,0.005007956,-0.998,-0.208116844,-0.009992044,0.014944305,-0.010992044,0.2071248,0.005
1581249615.5192587,b827eb4521b4,e78f135624ce,-72,15.781445059,8.412789864,1.801642248,0.012185349,0.01827155,-0.998,-0.336580834,-0.011567888,-0.007296337,-0.012,0.336012946,0.019407326
1581249615.9717205,b827eb4521b4,e78f135624ce,-76,15.636842602,8.678178136,1.838185674,-0.088064091,0.007542884,-0.986407163,-0.524050892,-0.012271442,0.084199812,-0.013135721,0.535508008,0.005542884
1581249616.4258535,b827eb4521b4,e78f135624ce,-74,15.525966546,8.600261032,1.935542327,-0.049834773,-0.01947542,-0.987546882,-0.634419664,-0.011883933,0.061171823,-0.01633705,0.641535731,-0.025033454
1581249616.884782,b827eb4521b4,e78f135624ce,-70,15.39995572,8.368480116,1.935646987,0.020460844,-0.011661747,-0.993446084,-0.823220174,-0.017553916,-0.012338253,-0.019553916,0.827774089,-0.013769578
1581249617.337902,b827eb4521b4,e78f135624ce,-71,15.260008574,8.441034206,1.970914531,-0.033888899,-0.022829061,-0.989170939,-0.901820577,-0.017829061,0.038888899,-0.022743592,0.909649639,-0.021829061
1581249617.7981634,b827eb4521b4,e78f135624ce,-73,15.090313831,8.349019681,1.987964096,0.007228723,-0.017385638,-0.994761436,-0.862026063,-0.017761436,-0.001751595,-0.019761436,0.865026063,-0.019624202
1581249618.7027183,b827eb4521b4,e78f135624ce,-71,14.77722187,8.2526266,1.85053261,0.01384335,0.01790601,-0.998,-0.98484335,-0.01703133,-0.01384335,-0.018,0.98581202,0.01693734
1581249619.154233,b827eb4521b4,e78f135624ce,-72,14.654171735,8.377617173,1.890957066,-0.028,0.00021288,-0.994191413,-0.924296959,-0.017191413,0.031404293,-0.018595707,0.928105546,-0.001191413
1581249620.065268,b827eb4521b4,e78f135624ce,-70,14.366648956,8.387288075,1.862327824,-0.03,0.00819205,-0.998,-0.968847698,-0.018,0.029,-0.018,0.968943723,0.008288075
1581249620.521322,b827eb4521b4,e78f135624ce,-68,14.263867272,8.258423332,1.873537758,0.008066364,0.006537758,-0.997462242,-0.895670485,-0.018537758,-0.006066364,-0.018,0.897208243,0.006
1581249620.9741476,b827eb4521b4,e78f135624ce,-67,14.123069892,8.186653291,1.873830448,0.023119722,0.006867821,-0.997144637,-0.964446368,-0.018855363,-0.023119722,-0.018855363,0.967301731,0.006723184
1581249621.431129,b827eb4521b4,e78f135624ce,-66,13.964277858,8.327275364,1.828776611,-0.004605198,0.018605198,-0.999,-0.988407796,-0.017197401,0.004605198,-0.017,0.989210395,0.018605198
1581249621.8817089,b827eb4521b4,e78f135624ce,-68,13.824524671,8.418871331,1.79304289,-0.016267333,0.023,-0.999,-0.996422444,-0.018422444,0.016267333,-0.018,0.996422444,0.023
1581249622.3421187,b827eb4521b4,e78f135624ce,-71,13.668401696,8.469650673,1.76676419,-0.01723581,0.02476419,-0.999,-0.998117905,-0.019,0.01723581,-0.019,0.998117905,0.02476419
1581249622.7953432,b827eb4521b4,e78f135624ce,-73,13.510579167,8.498427604,1.765,-0.022475868,0.018262066,-0.999,-0.999,-0.015262066,0.021737934,-0.015262066,0.999,0.018524132
1581249623.2537405,b827eb4521b4,e78f135624ce,-82,13.373220227,8.529,1.757,-0.022656384,0.017,-0.999335904,-0.999,-0.017335904,0.021992288,-0.017,1.0,0.017664096
1581249623.7051754,b827eb4521b4,e78f135624ce,-71,13.211401754,8.52708297,1.762751091,-0.02191703,0.01408297,-0.999,-0.999,-0.014,0.02191703,-0.01391703,1.0,0.01408297
1581249624.6168053,b827eb4521b4,e78f135624ce,-81,12.905566649,8.528427656,1.751713472,-0.024856736,0.016857448,-0.999,-0.999,-0.017285816,0.024856736,-0.016571632,1.0,0.017571632
1581249625.0689635,b827eb4521b4,e78f135624ce,-72,12.762561736,8.526644203,1.730644203,-0.025857681,0.022213478,-0.999,-0.999,-0.02,0.025786522,-0.02,0.999,0.023142319
1581249625.528218,b827eb4521b4,e78f135624ce,-70,12.619338212,8.539467414,1.734116853,-0.026,0.021,-0.999,-0.999,-0.019,0.026,-0.018441573,1.0,0.022
1581249625.9856958,b827eb4521b4,e78f135624ce,-67,12.525422086,8.562171861,1.758374888,-0.004937669,0.012312556,-0.999,-0.336864702,-0.009140695,0.032343722,-0.009140695,0.336864702,0.011484417
1581249626.438388,b827eb4521b4,e78f135624ce,-68,12.459260453,8.58137697,1.775405757,0.018594243,0.001811515,-0.999,0.572176826,0.002594243,0.030405757,0.003391364,-0.572176826,0.005797121
1581249626.889199,b827eb4521b4,e78f135624ce,-73,12.362502723,8.593193724,1.784806276,0.022403138,-0.000403138,-1.0,0.861931794,0.007403138,0.026,0.007403138,-0.861931794,0.003
1581249627.3409128,b827eb4521b4,e78f135624ce,-70,12.238985409,8.59015853,1.796809764,0.019936588,0.000904882,-1.0,0.956380472,0.009,0.021904882,0.009,-0.956380472,6.3412e-05
1581249627.797886,b827eb4521b4,e78f135624ce,-64,12.110644184,8.588269469,1.79967579,0.01835158,0.00032421,-1.0,0.985703161,0.01235158,0.01902737,0.01235158,-0.985703161,0.0
1581249628.2541628,b827eb4521b4,e78f135624ce,-70,11.970608485,8.578754278,1.803688569,0.023622861,-0.000622861,-1.0,0.995311431,0.013688569,0.023622861,0.013688569,-0.995311431,0.001311431
1581249628.7087965,b827eb4521b4,e78f135624ce,-72,11.824582885,8.576122995,1.817754011,0.026,0.001,-1.0,0.998,0.013938503,0.026938503,0.013938503,-0.998938503,-0.001
1581249629.161119,b827eb4521b4,e78f135624ce,-63,11.678129883,8.59700227,1.809856494,0.019856494,-0.006571753,-1.0,0.999,0.012428247,0.019856494,0.012428247,-0.999,0.006571753
1581249629.6118996,b827eb4521b4,e78f135624ce,-67,11.534660577,8.586,1.809193143,0.023806857,-0.007193143,-1.0,0.999,0.011193143,0.023806857,0.011193143,-1.0,0.008
1581249630.067708,b827eb4521b4,e78f135624ce,-64,11.390520039,8.573954152,1.811318051,0.025840975,-0.008,-1.0,0.999159025,0.011318051,0.025681949,0.011318051,-1.0,0.008840975
1581249630.524994,b827eb4521b4,e78f135624ce,-70,11.23762902,8.576425117,1.814940093,0.024514977,-0.006029953,-1.0,1.0,0.011485023,0.024514977,0.011485023,-1.0,0.006029953
1581249630.9817245,b827eb4521b4,e78f135624ce,-67,11.085022213,8.578502221,1.815,0.024248889,-0.005,-1.0,1.0,0.01,0.024248889,0.01,-1.0,0.005
1581249631.43394,b827eb4521b4,e78f135624ce,-83,10.940108059,8.575252701,1.813747299,0.026747299,-0.006,-1.0,1.0,0.011494597,0.026747299,0.011494597,-1.0,0.006747299
1581249631.8878012,b827eb4521b4,e78f135624ce,-63,10.792696974,8.574607615,1.812784771,0.027784771,-0.009,-1.0,0.999607615,0.012392385,0.027392385,0.012,-1.0,0.009
1581249632.342116,b827eb4521b4,e78f135624ce,-62,10.641156705,8.578959038,1.811081924,0.028040962,-0.007918076,-1.0,0.999959038,0.011040962,0.028040962,0.011040962,-1.0,0.007918076
1581249633.7088168,b827eb4521b4,e78f135624ce,-64,10.154061357,8.583743223,1.818128388,0.003513553,0.003,-0.999871612,0.765677662,0.010256777,0.009513553,0.010256777,-0.765677662,0.000614835
1581249634.1668055,b827eb4521b4,e78f135624ce,-69,9.940708111,8.583856937,1.828286126,0.002,0.007571531,-1.0,-0.184598185,0.003856937,-0.001,0.003856937,0.184598185,0.005571531
1581249634.6279562,b827eb4521b4,e78f135624ce,-59,9.707006914,8.578533967,1.818529818,-0.001414693,0.009882109,-0.998705964,-0.250099914,-0.002764218,-0.024233017,-0.003058254,0.250687987,0.009588073
1581249635.081875,b827eb4521b4,e78f135624ce,-61,9.493100455,8.525821238,1.820865928,0.013357524,0.013044691,-0.998955309,-0.764156615,-0.007089381,-0.021446905,-0.008044691,0.765156615,0.013
1581249635.5353289,b827eb4521b4,e78f135624ce,-60,9.326520566,8.530532162,1.824935677,-0.006128646,0.013532162,-0.999,-0.922771879,-0.007,0.003660808,-0.007,0.922771879,0.013532162
1581249635.994099,b827eb4521b4,e78f135624ce,-58,9.162762203,8.540314687,1.830629374,-0.019157343,0.01152797,-1.0,-0.975101404,-0.003842657,0.018314687,-0.003842657,0.975101404,0.01152797
1581249636.4441407,b827eb4521b4,e78f135624ce,-63,8.994194439,8.541166087,1.833699652,-0.018699652,0.008766783,-1.0,-0.992300348,-0.003,0.018466435,-0.002766783,0.992300348,0.008766783
1581249636.9023814,b827eb4521b4,e78f135624ce,-61,8.820046717,8.546710472,1.836282854,-0.015572382,0.006144764,-1.0,-0.997427618,-0.004427618,0.015144764,-0.004427618,0.997427618,0.006144764
1581249637.3594768,b827eb4521b4,e78f135624ce,-70,8.649413608,8.551414503,1.834097583,-0.010609669,0.008,-1.0,-0.999,-0.006,0.010609669,-0.006,0.999,0.008
1581249637.8154187,b827eb4521b4,e78f135624ce,-69,8.480026063,8.535307181,1.837738564,-0.001522872,0.009738564,-1.0,-1.0,-0.005,0.001522872,-0.005,1.0,0.009738564
1581249638.2689104,b827eb4521b4,e78f135624ce,-67,8.311152278,8.520649006,1.840052983,0.000649006,0.009649006,-1.0,-1.0,-0.004,-0.000649006,-0.004,1.0,0.009649006
1581249638.7300632,b827eb4521b4,e78f135624ce,-65,8.144800245,8.522027267,1.837836397,-0.003027267,0.010054534,-1.0,-1.0,-0.005,0.003027267,-0.005,1.0,0.010054534
1581249639.1853585,b827eb4521b4,e78f135624ce,-66,7.972979472,8.522593561,1.827956137,-0.006318712,0.012362576,-1.0,-1.0,-0.005318712,0.006318712,-0.005318712,1.0,0.012362576
1581249639.6425712,b827eb4521b4,e78f135624ce,-60,7.792040098,8.524943535,1.83670431,-0.007647845,0.00729569,-1.0,-1.0,-0.006352155,0.007647845,-0.006352155,1.0,0.00729569
1581249640.099169,b827eb4521b4,e78f135624ce,-64,7.608176851,8.527798786,1.837963416,-0.006908539,0.005,-1.0,-1.0,-0.006018292,0.006908539,-0.006018292,1.0,0.005
1581249640.5544403,b827eb4521b4,e78f135624ce,-64,7.438940324,8.519117842,1.840588306,-0.00194123,0.003352923,-1.0,-1.0,-0.007352923,0.001588306,-0.007352923,1.0,0.003352923
1581249641.0116303,b827eb4521b4,e78f135624ce,-79,7.282644979,8.539580653,1.832903266,-0.007709673,0.006838694,-1.0,-1.0,-0.009,0.007709673,-0.009,1.0,0.006838694
1581249641.4624631,b827eb4521b4,e78f135624ce,-71,7.11418012,8.534,1.834889785,-0.002110215,0.006,-1.0,-1.0,-0.01,0.002110215,-0.01,1.0,0.006110215
1581249641.914111,b827eb4521b4,e78f135624ce,-62,6.94362561,8.519589223,1.823375087,0.008,0.008035689,-1.0,-1.0,-0.009482155,-0.008,-0.01,1.0,0.008035689
1581249642.365283,b827eb4521b4,e78f135624ce,-61,6.780448131,8.544991443,1.818284492,0.005573262,0.007715508,-1.0,-0.969274885,-0.012857754,-0.006,-0.012857754,0.969274885,0.007715508
1581249642.8195124,b827eb4521b4,e78f135624ce,-67,6.633228415,8.532318033,1.793954098,0.015,0.013454645,-0.999772678,-0.741054644,-0.01490929,-0.014136612,-0.01490929,0.741054644,0.01190929
1581249643.726529,b827eb4521b4,e78f135624ce,-63,6.446272354,8.627706793,1.853706793,-0.009146603,0.010073302,-1.0,0.6815703,0.013853397,-0.011219905,0.012853397,-0.6815703,-0.006926698
1581249644.1872792,b827eb4521b4,e78f135624ce,-69,6.277438937,8.683,1.864402469,-0.021414625,0.012231719,-0.999,0.900329344,0.017646344,-0.021414625,0.017646344,-0.900329344,-0.011231719
1581249644.648568,b827eb4521b4,e78f135624ce,-60,6.166138434,8.633328512,1.885150827,0.000520662,0.017260331,-0.999369835,0.968698346,0.017630165,0.000520662,0.017630165,-0.968698346,-0.016260331
1581249645.1027703,b827eb4521b4,e78f135624ce,-67,5.972419758,8.649957291,1.879,-0.002042709,0.019914581,-0.999,0.669843833,0.010042709,-0.003042709,0.010042709,-0.669843833,-0.013957291
1581249645.5554333,b827eb4521b4,e78f135624ce,-65,5.806415178,8.6567598,1.8678799,-0.0038799,0.00912794,-0.99962402,0.891840702,0.01362402,-0.0048799,0.01362402,-0.891840702,-0.00712794
1581249646.0093608,b827eb4521b4,e78f135624ce,-67,5.621151413,8.677410358,1.886,-0.009589642,0.01,-1.0,0.788310733,0.015410358,-0.005,0.015410358,-0.788310733,-0.011
1581249646.465065,b827eb4521b4,e78f135624ce,-76,5.4670697,8.668068881,1.878310373,-0.00453444,0.007155187,-1.0,0.93243071,0.016844813,-0.003379254,0.016844813,-0.93243071,-0.008
1581249646.917298,b827eb4521b4,e78f135624ce,-62,5.269004567,8.69125807,1.870465439,-0.019327193,0.005930877,-1.0,0.977792631,0.017,-0.018327193,0.017,-0.97825807,-0.006465439
1581249647.3716145,b827eb4521b4,e78f135624ce,-69,5.087614525,8.717543895,1.858342079,-0.022771947,0.011543895,-1.0,0.548939445,0.007885974,-0.011228053,0.007885974,-0.549825419,-0.004
1581249648.284786,b827eb4521b4,e78f135624ce,-66,4.696202211,8.63619966,1.861799915,0.006800128,0.013,-0.999,0.064003401,0.004600043,-0.004600255,0.004600043,-0.064003401,-0.005
1581249648.7385252,b827eb4521b4,e78f135624ce,-68,4.515046289,8.622797698,1.868768797,0.00604335,0.01001445,-0.999,0.049017389,0.003942199,0.00195665,0.003942199,-0.049017389,-0.005942199
1581249649.1946487,b827eb4521b4,e78f135624ce,-66,4.381725159,8.571538407,1.862972516,0.030730796,0.013648344,-0.999,0.555670895,0.012027484,0.026406624,0.012351656,-0.556670895,-0.009324172
1581249649.6488657,b827eb4521b4,e78f135624ce,-65,4.230493794,8.592531115,1.853029047,0.004410791,0.009676349,-0.999,-0.168618171,0.000705396,0.032352698,0.000705396,0.168618171,-0.000352698
1581249650.562108,b827eb4521b4,e78f135624ce,-75,3.81671387,8.641372359,1.850021132,0.010138207,0.006372359,-1.0,-0.91594632,-0.013,-0.006765849,-0.013,0.91594632,0.005372359
1581249651.0126324,b827eb4521b4,e78f135624ce,-76,3.604232808,8.616631218,1.817861375,0.024861375,0.011569312,-0.999,-0.972722751,-0.013784656,-0.024076719,-0.014,0.972722751,0.010784656
1581249651.4719121,b827eb4521b4,e78f135624ce,-65,3.422608229,8.590030083,1.833427732,0.028885546,0.005228907,-0.999,-0.990656639,-0.011114454,-0.028885546,-0.011114454,0.991656639,0.005114454
1581249651.9247732,b827eb4521b4,e78f135624ce,-77,3.242853024,8.576,1.839568819,0.019431181,0.003,-1.0,-0.99652294,-0.011954121,-0.019431181,-0.011954121,0.99752294,0.003
1581249652.3854005,b827eb4521b4,e78f135624ce,-80,3.058216423,8.562559854,1.837559854,0.008119708,0.004220073,-1.0,-0.999,-0.012,-0.008119708,-0.012,0.999,0.004220073
1581249653.293053,b827eb4521b4,e78f135624ce,-72,2.705233581,8.566,1.835738314,-0.015841124,0.005420562,-1.0,-1.0,-0.010420562,0.015841124,-0.010420562,1.0,0.005420562
1581249653.7442737,b827eb4521b4,e78f135624ce,-84,2.532917075,8.560035964,1.825964036,-0.013035964,0.007053946,-1.0,-1.0,-0.014964036,0.013035964,-0.014964036,1.0,0.008035964
1581249654.1994696,b827eb4521b4,e78f135624ce,-86,2.354224522,8.544676022,1.828,-0.006338011,0.005661989,-1.0,-1.0,-0.013014033,0.006338011,-0.013014033,1.0,0.005661989
1581249654.6542194,b827eb4521b4,e78f135624ce,-72,2.175416405,8.537661226,1.834,-0.002,0.002338774,-1.0,-1.0,-0.013661226,0.001661226,-0.013661226,1.0,0.002338774
1581249655.1124144,b827eb4521b4,e78f135624ce,-70,2.000232666,8.541160667,1.841959833,-0.0031205,0.0,-1.0,-1.0,-0.013,0.0031205,-0.013,1.0,0.0
1581249656.4867384,b827eb4521b4,e78f135624ce,-83,1.490518436,8.537359024,1.839784586,-0.023,0.002071805,-1.0,-1.0,-0.013,0.023,-0.013,1.0,0.002071805
1581249656.9441397,b827eb4521b4,e78f135624ce,-70,1.32022547,8.536189979,1.84,-0.02659499,0.002,-1.0,-0.99940501,-0.015,0.02659499,-0.01459499,1.0,0.002
1581249657.3942034,b827eb4521b4,e78f135624ce,-71,1.163878502,8.511734813,1.853367406,-0.016367406,-0.003578271,-1.0,-1.0,-0.016,0.016367406,-0.016,1.0,-0.003578271
1581249657.8477201,b827eb4521b4,e78f135624ce,-81,0.998833733,8.503158924,1.852682152,-0.011,-0.003841076,-1.0,-1.0,-0.016,0.011,-0.016,1.0,-0.003841076
1581249658.7592824,b827eb4521b4,e78f135624ce,-73,0.651107598,8.486208187,1.846,0.003208187,0.002,-1.0,-1.0,-0.015,-0.003208187,-0.015,1.0,0.002
1581249659.2151284,b827eb4521b4,e78f135624ce,-74,0.493498802,8.47243559,1.846974236,0.014025764,0.002512882,-1.0,-1.0,-0.017243559,-0.014025764,-0.017243559,1.0,0.001756441
1581249659.6668293,b827eb4521b4,e78f135624ce,-75,0.355067792,8.44830563,1.846,0.02415473,0.00361509,-0.99961509,-0.99961509,-0.015,-0.02415473,-0.015,1.0,0.003
1581249660.1235597,b827eb4521b4,e78f135624ce,-74,0.273163866,8.448,1.859119448,0.026039816,0.000960184,-0.999960184,-0.999,-0.011,-0.026039816,-0.011,1.0,0.000960184
