1581249601.4138405,000000000401,e78f135624ce,-69,18.031,8.465,1.816,0.062,-0.0,-0.998,0.998,0.017,0.062,0.017,-1.0,0.002
1581249601.8687818,000000000401,e78f135624ce,-64,18.029569446,8.465046297,1.821953703,0.061476851,0.002476851,-0.997476851,0.998523149,0.019,0.061476851,0.019,-0.999,4.6297e-05
1581249602.3246217,000000000401,e78f135624ce,-66,18.024137158,8.465274317,1.828508743,0.060862842,0.002548634,-0.998,0.998,0.019137158,0.060862842,0.019137158,-1.0,-0.001411475
1581249602.7826169,000000000401,e78f135624ce,-62,18.014410164,8.45600726,1.843597096,0.058604356,0.005,-0.998,0.911756813,0.017402904,0.058604356,0.017402904,-0.913756813,-0.003
1581249603.2327383,000000000401,e78f135624ce,-61,17.964078496,8.446019624,1.858980376,0.008712456,-0.003326792,-0.999,-0.329031606,-0.006307168,0.03236604,-0.006307168,0.329031606,-0.006
1581249603.6897404,000000000401,e78f135624ce,-60,17.9284029,8.444949638,1.827503625,-0.011848913,0.019697825,-0.999,-0.787122089,-0.011949638,0.025050362,-0.011949638,0.787071726,0.018697825
1581249604.1497266,000000000401,e78f135624ce,-64,17.9043447,8.441663825,1.815353225,-0.01732765,0.0216553,-0.999,-0.932940324,-0.014,0.021,-0.014,0.932604149,0.0216553
1581249604.6047254,000000000401,e78f135624ce,-64,17.890972837,8.444027163,1.79363045,-0.021684775,0.030684775,-0.999,-0.979054325,-0.014,0.022684775,-0.013657612,0.978396713,0.031342388
1581249605.0547671,000000000401,e78f135624ce,-63,17.883036799,8.447963201,1.783018399,-0.024963201,0.033,-0.999,-0.992963201,-0.014,0.024963201,-0.013,0.992944802,0.033018399
1581249605.9667242,000000000401,e78f135624ce,-66,17.878724837,8.44682549,1.862,-0.016550327,-0.012275163,-0.999181209,-0.967630882,-0.017818791,0.017550327,-0.017818791,0.967630882,-0.011456373
1581249606.4187398,000000000401,e78f135624ce,-62,17.878,8.443400734,1.859599266,-0.019200367,-0.002,-0.999,-0.989198533,-0.015200367,0.019400734,-0.015200367,0.9893989,-0.001799633
1581249606.8726962,000000000401,e78f135624ce,-70,17.876,8.459549417,1.854,-0.023839533,0.002,-0.999,-0.893761244,-0.013860078,0.025409495,-0.013860078,0.894761244,0.003
1581249607.3297307,000000000401,e78f135624ce,-67,17.859706032,8.437796288,1.84150232,0.0,0.010298608,-0.999,-0.966895824,-0.014,9.9536e-05,-0.014,0.966895824,0.010298608
1581249607.790051,000000000401,e78f135624ce,-62,17.809565347,8.444668502,1.842554332,0.017440161,0.006445668,-0.999,-0.989108663,-0.014777166,-0.017440161,-0.014777166,0.989331498,0.006445668
1581249608.2446232,000000000401,e78f135624ce,-65,17.735237787,8.431195801,1.851993002,0.016412596,0.001804199,-0.9993986,-0.9963986,-0.0153986,-0.016412596,-0.0153986,0.9963986,0.001202799
1581249608.6966503,000000000401,e78f135624ce,-61,17.641027097,8.432008671,1.858994581,-0.007997832,0.001002168,-0.999,-0.998,-0.016998916,0.007997832,-0.016998916,0.998998916,0.001002168
1581249609.156745,000000000401,e78f135624ce,-61,17.541009236,8.430388523,1.847848285,-0.023540238,0.00976781,-0.999,-0.999,-0.015,0.023540238,-0.015,0.999,0.010459762
1581249609.6195035,000000000401,e78f135624ce,-69,17.439863001,8.417109599,1.84962192,-0.01637808,0.01181096,-0.999,-0.867624495,-0.01456712,0.02083836,-0.01416164,0.867624495,0.00937808
1581249610.0717158,000000000401,e78f135624ce,-65,17.33093928,8.470227297,1.83326518,-0.020848469,0.019848469,-0.999,-0.417764912,-0.006,0.035,-0.005962117,0.418727029,0.013848469
1581249610.973721,000000000401,e78f135624ce,-59,17.11069662,8.421653506,1.824815066,-0.007673247,0.017980259,-0.999,-0.699299748,-0.012224416,0.019775584,-0.011448831,0.699299748,0.015980259
1581249611.4326744,000000000401,e78f135624ce,-62,16.984474893,8.461348458,1.822303085,-0.02889141,0.020457048,-0.998,-0.628194494,-0.01,0.050565638,-0.009,0.629194494,0.016457048
1581249611.8926868,000000000401,e78f135624ce,-65,16.865410428,8.422323735,1.832254319,-0.00565323,0.015583813,-0.997416187,-0.550052452,-0.007497121,0.049421945,-0.006497121,0.548884826,0.009497121
1581249612.3437152,000000000401,e78f135624ce,-59,16.750857829,8.376514698,1.841378674,0.017727954,0.015621326,-0.996792891,-0.453684921,-0.007585783,0.05044976,-0.006585783,0.452270704,0.005792891
1581249612.7947948,000000000401,e78f135624ce,-67,16.63923228,8.406250465,1.845816698,0.042266791,0.011183302,-0.997816698,0.33365716,0.005266791,0.055183302,0.005266791,-0.335840462,-0.001633395
1581249613.2467022,000000000401,e78f135624ce,-64,16.522026679,8.458079591,1.843911516,0.045274344,0.008637172,-0.998362828,0.780583814,0.010362828,0.048911516,0.011362828,-0.781583814,-0.005637172
1581249614.1556935,000000000401,e78f135624ce,-59,16.235519175,8.481109759,1.847905052,0.011094948,0.007364983,-0.997635017,-0.090047871,-0.002905052,0.027459931,-0.001905052,0.090412854,0.000635017
1581249614.6106985,000000000401,e78f135624ce,-51,16.076827789,8.478313624,1.854917715,0.002804631,0.001668391,-0.998372752,-0.196694017,-0.006627248,0.026313624,-0.00656812,0.196007641,-0.001704361
1581249615.0731874,000000000401,e78f135624ce,-54,15.921263864,8.464634498,1.846771561,0.003274127,0.005045688,-0.998,-0.203928657,-0.009954312,0.014680186,-0.010954312,0.202974344,0.005
1581249615.523685,000000000401,e78f135624ce,-57,15.779634322,8.413554397,1.800837476,0.011702486,0.018432505,-0.998,-0.334850574,-0.011608126,-0.007175621,-0.012,0.334242448,0.019648757
1581249615.978698,000000000401,e78f135624ce,-53,15.634432171,8.674055029,1.83780508,-0.086224552,0.007796614,-0.98659746,-0.532487402,-0.012398307,0.082423705,-0.013199153,0.543690788,0.005796614
1581249616.8886862,000000000401,e78f135624ce,-56,15.399144869,8.367098665,1.935286608,0.02076116,-0.011571652,-0.993476116,-0.821147997,-0.017523884,-0.012428348,-0.019523884,0.825671881,-0.01361942
1581249617.340681,000000000401,e78f135624ce,-51,15.25926038,8.440542536,1.970893154,-0.033610998,-0.022786307,-0.989213693,-0.900024913,-0.017786307,0.038610998,-0.022679461,0.90781122,-0.021786307
1581249617.8027172,000000000401,e78f135624ce,-58,15.088036931,8.347425852,1.987015388,0.00798769,-0.017006155,-0.994799384,-0.863771686,-0.017799384,-0.002586459,-0.019799384,0.866771686,-0.019206771
1581249618.2548163,000000000401,e78f135624ce,-60,14.926390768,8.251801469,1.918200629,0.022797272,0.003399161,-0.99740021,-0.955202728,-0.01640021,-0.021197482,-0.018,0.956202728,0.002399161
1581249618.7096796,000000000401,e78f135624ce,-59,14.775037185,8.25202407,1.849711156,0.013927789,0.01802407,-0.998,-0.985096281,-0.017,-0.013927789,-0.018,0.986072211,0.017048141
1581249620.0677154,000000000401,e78f135624ce,-59,14.365873956,8.387226891,1.862470587,-0.03,0.008151261,-0.998,-0.969092435,-0.018,0.029,-0.018,0.969168065,0.008226891
1581249620.5246463,000000000401,e78f135624ce,-67,14.263036204,8.256899707,1.87356546,0.008481898,0.00656546,-0.99743454,-0.896529256,-0.01856546,-0.006481898,-0.018,0.898094716,0.006
1581249620.9776537,000000000401,e78f135624ce,-68,14.121871945,8.18799733,1.873392175,0.022739885,0.00704313,-0.997173855,-0.96473855,-0.018826145,-0.022739885,-0.018826145,0.967564695,0.006869275
1581249621.4376771,000000000401,e78f135624ce,-77,13.961910446,8.328736108,1.828323277,-0.004705938,0.018705938,-0.999,-0.988558908,-0.017147031,0.004705938,-0.017,0.989411877,0.018705938
1581249621.8886778,000000000401,e78f135624ce,-83,13.82243398,8.419997088,1.792667637,-0.016428155,0.023,-0.999,-0.996476052,-0.018476052,0.016428155,-0.018,0.996476052,0.023
1581249622.345638,000000000401,e78f135624ce,-80,13.667345908,8.470029674,1.766710047,-0.017289953,0.024710047,-0.999,-0.998144977,-0.019,0.017289953,-0.019,0.998144977,0.024710047
1581249622.7976425,000000000401,e78f135624ce,-69,13.509659443,8.49854257,1.765,-0.02251419,0.018242905,-0.999,-0.999,-0.015242905,0.021757095,-0.015242905,0.999,0.01848581
1581249623.2566867,000000000401,e78f135624ce,-68,13.372041771,8.529,1.757,-0.022549252,0.017,-0.999362687,-0.999,-0.017362687,0.021911939,-0.017,1.0,0.017637313
1581249623.7086549,000000000401,e78f135624ce,-61,13.210382764,8.527058116,1.762825651,-0.021941884,0.014058116,-0.999,-0.999,-0.014,0.021941884,-0.013941884,1.0,0.014058116
1581249624.1646683,000000000401,e78f135624ce,-60,13.059870672,8.532744611,1.760723057,-0.025255389,0.014883083,-0.999,-0.999,-0.015,0.025255389,-0.014372306,1.0,0.014883083
1581249625.0736158,000000000401,e78f135624ce,-60,12.761039177,8.52685567,1.73085567,-0.025942268,0.022086598,-0.999,-0.999,-0.02,0.025913402,-0.02,0.999,0.023057732
1581249625.5345511,000000000401,e78f135624ce,-59,12.617207981,8.539928004,1.734232001,-0.026,0.021,-0.999,-0.999,-0.019,0.026,-0.018383999,1.0,0.022
1581249625.989641,000000000401,e78f135624ce,-61,12.524884115,8.562207726,1.758661805,-0.004507292,0.012169097,-0.999,-0.323271984,-0.008961372,0.032415451,-0.008961372,0.323271984,0.011376823
1581249626.4428673,000000000401,e78f135624ce,-60,12.458588578,8.581632923,1.775341769,0.018658231,0.001683539,-0.999,0.576879951,0.002658231,0.030341769,0.003487346,-0.576879951,0.005829115
1581249626.8937492,000000000401,e78f135624ce,-64,12.361417672,8.593123721,1.784876279,0.02243814,-0.00043814,-1.0,0.863401863,0.00743814,0.026,0.00743814,-0.863401863,0.003
1581249627.347662,000000000401,e78f135624ce,-69,12.23732408,8.590418112,1.796498265,0.019832755,0.000749133,-1.0,0.95700347,0.009,0.021749133,0.009,-0.95700347,0.000167245
1581249627.802676,000000000401,e78f135624ce,-77,12.10908741,8.587990048,1.799715707,0.018431415,0.000284293,-1.0,0.98586283,0.012431415,0.019147122,0.012431415,-0.98586283,0.0
1581249628.2566185,000000000401,e78f135624ce,-66,11.96972852,8.578672421,1.803668105,0.02366379,-0.00066379,-1.0,0.995331895,0.013668105,0.02366379,0.013668105,-0.995331895,0.001331895
1581249628.7135987,000000000401,e78f135624ce,-73,11.823031398,8.576049114,1.817901772,0.026,0.001,-1.0,0.998,0.013975443,0.026975443,0.013975443,-0.998975443,-0.001
1581249629.1646087,000000000401,e78f135624ce,-65,11.67705612,8.597190179,1.809802806,0.019802806,-0.006598597,-1.0,0.999,0.012401403,0.019802806,0.012401403,-0.999,0.006598597
1581249629.6156194,000000000401,e78f135624ce,-61,11.533573249,8.586,1.809221757,0.023778243,-0.007221757,-1.0,0.999,0.011221757,0.023778243,0.011221757,-1.0,0.008
1581249630.0716789,000000000401,e78f135624ce,-62,11.389163327,8.573755609,1.81125187,0.025874065,-0.008,-1.0,0.999125935,0.01125187,0.02574813,0.01125187,-1.0,0.008874065
1581249630.9846282,000000000401,e78f135624ce,-69,11.084054312,8.578405431,1.815,0.024297284,-0.005,-1.0,1.0,0.01,0.024297284,0.01,-1.0,0.005
1581249631.4366202,000000000401,e78f135624ce,-69,10.939283351,8.575232084,1.813767916,0.026767916,-0.006,-1.0,1.0,0.011535832,0.026767916,0.011535832,-1.0,0.006767916
1581249631.890592,000000000401,e78f135624ce,-71,10.791859696,8.574586146,1.812827708,0.027827708,-0.009,-1.0,0.999586146,0.012413854,0.027413854,0.012,-1.0,0.009
1581249631.8935983,000000000401,e78f135624ce,-69,10.790957831,8.574563021,1.812873957,0.027873957,-0.009,-1.0,0.999563021,0.012436979,0.027436979,0.012,-1.0,0.009
1581249632.3456032,000000000401,e78f135624ce,-65,10.63994963,8.578932214,1.811135572,0.028067786,-0.007864428,-1.0,0.999932214,0.011067786,0.028067786,0.011067786,-1.0,0.007864428
1581249632.8056219,000000000401,e78f135624ce,-65,10.527506656,8.557922053,1.822519487,0.02,0.005259743,-0.995740257,0.566077466,0.006740257,0.066896151,0.007740257,-0.568077466,0.003259743
1581249633.2575986,000000000401,e78f135624ce,-68,10.342436443,8.570120274,1.820439863,0.016879726,0.003719932,-0.999,0.857762873,0.010280068,0.031759453,0.011,-0.858482805,-0.001
1581249633.713576,000000000401,e78f135624ce,-66,10.152191629,8.583811213,1.818094393,0.003377573,0.003,-0.999905607,0.75887865,0.010188787,0.009377573,0.010188787,-0.75887865,0.00071682
1581249634.1706326,000000000401,e78f135624ce,-64,9.939067929,8.583802264,1.828395471,0.002,0.007598868,-1.0,-0.191705642,0.003802264,-0.001,0.003802264,0.191705642,0.005598868
1581249634.6326208,000000000401,e78f135624ce,-60,9.704174802,8.576668105,1.818363224,-0.00021521,0.009982066,-0.998672645,-0.25736345,-0.002964132,-0.025165948,-0.003291487,0.258018161,0.009654711
1581249635.0886195,000000000401,e78f135624ce,-68,9.490373109,8.52601306,1.82102612,0.012921639,0.01301306,-0.999,-0.768822794,-0.00698694,-0.020895518,-0.00797388,0.769809734,0.01301306
1581249635.9966242,000000000401,e78f135624ce,-71,9.161706155,8.540360602,1.830721204,-0.019180301,0.011459097,-1.0,-0.975262107,-0.003819699,0.018360602,-0.003819699,0.975262107,0.011459097
1581249636.4476018,000000000401,e78f135624ce,-68,8.993007769,8.541042476,1.833625486,-0.018625486,0.008791505,-1.0,-0.992374514,-0.003,0.01841699,-0.002791505,0.992374514,0.008791505
1581249636.9055963,000000000401,e78f135624ce,-67,8.818834972,8.54680939,1.836357043,-0.015547652,0.006095305,-1.0,-0.997452348,-0.004452348,0.015095305,-0.004452348,0.997452348,0.006095305
1581249637.3636446,000000000401,e78f135624ce,-81,8.647906791,8.551222144,1.834129643,-0.010481429,0.008,-1.0,-0.999,-0.006,0.010481429,-0.006,0.999,0.008
1581249638.2735472,000000000401,e78f135624ce,-68,8.309297571,8.520610366,1.840168902,0.000610366,0.009610366,-1.0,-1.0,-0.004,-0.000610366,-0.004,1.0,0.009610366
1581249638.7345805,000000000401,e78f135624ce,-62,8.143143894,8.522064912,1.837610531,-0.003064912,0.010129823,-1.0,-1.0,-0.005,0.003064912,-0.005,1.0,0.010129823
1581249639.188565,000000000401,e78f135624ce,-64,7.971820203,8.522470234,1.827882141,-0.006294047,0.012411906,-1.0,-1.0,-0.005294047,0.006294047,-0.005294047,1.0,0.012411906
1581249639.6495924,000000000401,e78f135624ce,-78,7.789285634,8.524781508,1.836812328,-0.007593836,0.007187672,-1.0,-1.0,-0.006406164,0.007593836,-0.006406164,1.0,0.007187672
1581249640.1036012,000000000401,e78f135624ce,-67,7.606642629,8.527423754,1.837895228,-0.00673807,0.005,-1.0,-1.0,-0.006052386,0.00673807,-0.006052386,1.0,0.005
1581249640.557577,000000000401,e78f135624ce,-75,7.437685669,8.519405368,1.840692861,-0.002019646,0.003326785,-1.0,-1.0,-0.007326785,0.001692861,-0.007326785,1.0,0.003326785
1581249641.0145886,000000000401,e78f135624ce,-66,7.281510963,8.539629958,1.833149791,-0.007685021,0.006740084,-1.0,-1.0,-0.009,0.007685021,-0.009,1.0,0.006740084
1581249641.465553,000000000401,e78f135624ce,-66,7.113063001,8.534,1.834913553,-0.002086447,0.006,-1.0,-1.0,-0.01,0.002086447,-0.01,1.0,0.006086447
1581249641.91755,000000000401,e78f135624ce,-67,6.942329302,8.5197215,1.8231899,0.008,0.0080886,-1.0,-1.0,-0.0094557,-0.008,-0.01,1.0,0.0080886
1581249642.3685787,000000000401,e78f135624ce,-69,6.779636892,8.54534636,1.818335194,0.005497209,0.007664806,-1.0,-0.963799024,-0.012832403,-0.006,-0.012832403,0.963799024,0.007664806
1581249642.823599,000000000401,e78f135624ce,-70,6.632445124,8.532420201,1.794260604,0.015,0.013386533,-0.999806734,-0.734754258,-0.014773065,-0.013966331,-0.014773065,0.734754258,0.011773065
1581249643.274623,000000000401,e78f135624ce,-69,6.549745785,8.583814959,1.822375703,0.000280372,0.008656074,-1.0,0.010114135,0.000375703,-0.007031777,0.000375703,-0.010114135,0.001312149
1581249644.653537,000000000401,e78f135624ce,-66,6.164328256,8.633647955,1.884973358,0.000378687,0.017189343,-0.999405328,0.969053283,0.017594672,0.000378687,0.017594672,-0.969053283,-0.016189343
1581249645.1095636,000000000401,e78f135624ce,-78,5.970624397,8.649908767,1.879,-0.002091233,0.019817535,-0.999,0.674210925,0.010091233,-0.003091233,0.010091233,-0.674210925,-0.013908767
1581249646.013572,000000000401,e78f135624ce,-71,5.619313802,8.677486925,1.886,-0.009513075,0.01,-1.0,0.790607747,0.015486925,-0.005,0.015486925,-0.790607747,-0.011
1581249646.4685473,000000000401,e78f135624ce,-72,5.46577626,8.668218124,1.878260625,-0.004609062,0.007130313,-1.0,0.933002808,0.016869687,-0.003478749,0.016869687,-0.933002808,-0.008
1581249646.9205554,000000000401,e78f135624ce,-68,5.267551322,8.691433461,1.870490494,-0.019452472,0.005980989,-1.0,0.977942967,0.017,-0.018452472,0.017,-0.978433461,-0.006490494
1581249646.9235156,000000000401,e78f135624ce,-83,5.266230617,8.691592857,1.870513265,-0.019566326,0.00602653,-1.0,0.978079591,0.017,-0.018566326,0.017,-0.978592857,-0.006513265
1581249647.3745444,000000000401,e78f135624ce,-75,5.086352404,8.717453743,1.858409693,-0.022726872,0.011453743,-1.0,0.546753272,0.007863436,-0.011273128,0.007863436,-0.547616708,-0.004
1581249647.834572,000000000401,e78f135624ce,-68,4.896554008,8.732740632,1.859,-0.020555474,0.004555474,-0.999814842,0.159959596,0.003370316,-0.005370316,0.003370316,-0.159959596,-0.002
1581249648.7425296,000000000401,e78f135624ce,-65,4.512843824,8.622330508,1.868234866,0.006143463,0.010047821,-0.999,0.046748182,0.003808717,0.001856537,0.003808717,-0.046748182,-0.005808717
1581249649.197538,000000000401,e78f135624ce,-72,4.381058431,8.571227268,1.862905843,0.030886366,0.013603895,-0.999,0.558915637,0.012094157,0.026584418,0.012396105,-0.559915637,-0.009301948
1581249649.6539004,000000000401,e78f135624ce,-69,4.22851865,8.593073312,1.852912862,0.004100965,0.009637621,-0.999,-0.178145336,0.000550482,0.032275241,0.000550482,0.178145336,-0.000275241
1581249650.114713,000000000401,e78f135624ce,-71,4.02852654,8.619121876,1.846878124,-0.00169531,0.008,-1.0,-0.745265653,-0.008121876,0.012573435,-0.008060938,0.745265653,0.005060938
1581249650.56856,000000000401,e78f135624ce,-69,3.813434179,8.641318593,1.850451255,0.010407035,0.006318593,-1.0,-0.917397987,-0.013,-0.007088441,-0.013,0.917397987,0.005318593
1581249651.0195332,000000000401,e78f135624ce,-70,3.601357477,8.615998645,1.818091402,0.025091402,0.011454299,-0.999,-0.973182804,-0.01372715,-0.024364252,-0.014,0.973182804,0.01072715
1581249651.4754746,000000000401,e78f135624ce,-68,3.421265461,8.589783452,1.833564749,0.02891295,0.0051741,-0.999,-0.990738849,-0.01108705,-0.02891295,-0.01108705,0.991738849,0.00508705
1581249651.9285278,000000000401,e78f135624ce,-77,3.241408943,8.576,1.839655463,0.019344537,0.003,-1.0,-0.996551821,-0.011896358,-0.019344537,-0.011896358,0.997551821,0.003
1581249652.388552,000000000401,e78f135624ce,-68,3.057028583,8.562511371,1.837511371,0.008022741,0.004244315,-1.0,-0.999,-0.012,-0.008022741,-0.012,0.999,0.004244315
1581249652.8455522,000000000401,e78f135624ce,-74,2.874870157,8.558531716,1.836,-0.003531716,0.004187314,-1.0,-1.0,-0.011906343,0.003531716,-0.011906343,1.0,0.004187314
1581249654.203516,000000000401,e78f135624ce,-69,2.352837172,8.544618216,1.828,-0.006309108,0.005690892,-1.0,-1.0,-0.012927323,0.006309108,-0.012927323,1.0,0.005690892
1581249654.6596265,000000000401,e78f135624ce,-62,2.173639789,8.537622604,1.834,-0.002,0.002377396,-1.0,-1.0,-0.013622604,0.001622604,-0.013622604,1.0,0.002377396
1581249655.115541,000000000401,e78f135624ce,-66,1.999250014,8.541249999,1.8419375,-0.003187499,0.0,-1.0,-1.0,-0.013,0.003187499,-0.013,1.0,0.0
1581249655.5755022,000000000401,e78f135624ce,-75,1.827506668,8.546715556,1.841715556,-0.009431111,0.001,-1.0,-1.0,-0.013,0.009431111,-0.013,1.0,0.001
1581249656.490537,000000000401,e78f135624ce,-73,1.489188967,8.537223364,1.839865982,-0.023,0.002044673,-1.0,-1.0,-0.013,0.023,-0.013,1.0,0.002044673
1581249656.9475222,000000000401,e78f135624ce,-73,1.319054625,8.536242017,1.84,-0.026621008,0.002,-1.0,-0.999378992,-0.015,0.026621008,-0.014621008,1.0,0.002
1581249657.3975139,000000000401,e78f135624ce,-72,1.162656186,8.511582023,1.853291012,-0.016291012,-0.003527341,-1.0,-1.0,-0.016,0.016291012,-0.016,1.0,-0.003527341
1581249657.852481,000000000401,e78f135624ce,-75,0.997127798,8.503119251,1.852761498,-0.011,-0.003880749,-1.0,-1.0,-0.016,0.011,-0.016,1.0,-0.003880749
1581249658.3065038,000000000401,e78f135624ce,-68,0.832612524,8.479023941,1.857990424,-0.000507182,-0.004497606,-1.0,-1.0,-0.014995212,0.000507182,-0.014995212,1.0,-0.004497606
1581249658.7634835,000000000401,e78f135624ce,-69,0.649462137,8.486278207,1.846,0.003278207,0.002,-1.0,-1.0,-0.015,-0.003278207,-0.015,1.0,0.002
1581249659.2175033,000000000401,e78f135624ce,-69,0.492786337,8.472252907,1.846901163,0.014098837,0.002549419,-1.0,-1.0,-0.017225291,-0.014098837,-0.017225291,1.0,0.001774709
1581249659.6705081,000000000401,e78f135624ce,-70,0.35419054,8.448107541,1.846,0.024239625,0.003586792,-0.999586792,-0.999586792,-0.015,-0.024239625,-0.015,1.0,0.003
1581249660.127503,000000000401,e78f135624ce,-84,0.272676765,8.448,1.859189034,0.026063011,0.000936989,-0.999936989,-0.999,-0.011,-0.026063011,-0.011,1.0,0.000936989
