1581249601.8675563,b827eb917e19,e78f135624ce,-76,18.029597726,8.465065151,1.821934849,0.061467425,0.002467425,-0.997467425,0.998532575,0.019,0.061467425,0.019,-0.999,6.5151e-05
1581249602.3204577,b827eb917e19,e78f135624ce,-76,18.024105128,8.465210256,1.828156406,0.060894872,0.002420511,-0.998,0.998,0.019105128,0.060894872,0.019105128,-1.0,-0.001315383
1581249602.7738266,b827eb917e19,e78f135624ce,-74,18.014922929,8.456373521,1.843450592,0.058824112,0.005,-0.998,0.919668049,0.017549408,0.058824112,0.017549408,-0.921668049,-0.003
1581249603.2289903,b827eb917e19,e78f135624ce,-73,17.964487363,8.446121841,1.858878159,0.008950962,-0.00329272,-0.999,-0.322251235,-0.006170879,0.032536401,-0.006170879,0.322251235,-0.006
1581249603.6883686,b827eb917e19,e78f135624ce,-79,17.928481292,8.444939839,1.827601615,-0.011819516,0.019639031,-0.999,-0.786367566,-0.011939839,0.025060161,-0.011939839,0.786307405,0.018639031
1581249604.147387,b827eb917e19,e78f135624ce,-75,17.904411546,8.441647114,1.815470205,-0.017294227,0.021588454,-0.999,-0.932589384,-0.014,0.021,-0.014,0.932236497,0.021588454
1581249605.5083458,b827eb917e19,e78f135624ce,-74,17.879,8.461321235,1.822595884,-0.023880823,0.004202058,-0.999,-0.89990683,-0.015559588,0.025880823,-0.015119177,0.89990683,0.004761646
1581249605.9646912,b827eb917e19,e78f135624ce,-73,17.878650909,8.447047272,1.862,-0.016698181,-0.012349091,-0.999162727,-0.967464546,-0.017837273,0.017698181,-0.017837273,0.967464546,-0.011511818
1581249606.417005,b827eb917e19,e78f135624ce,-77,17.878,8.443425516,1.859574484,-0.019212758,-0.002,-0.999,-0.989148969,-0.015212758,0.019425516,-0.015212758,0.989361727,-0.001787242
1581249606.8692565,b827eb917e19,e78f135624ce,-80,17.876,8.459946301,1.854,-0.024157041,0.002,-0.999,-0.892914558,-0.01380716,0.025753461,-0.01380716,0.893914558,0.003
1581249607.3275774,b827eb917e19,e78f135624ce,-79,17.859921371,8.437663771,1.841585143,0.0,0.010248914,-0.999,-0.966746743,-0.014,8.2971e-05,-0.014,0.966746743,0.010248914
1581249607.7846437,b827eb917e19,e78f135624ce,-86,17.810286325,8.444803686,1.842464209,0.017124733,0.006535791,-0.999,-0.988928419,-0.014732105,-0.017124733,-0.014732105,0.989196314,0.006535791
1581249608.2428155,b827eb917e19,e78f135624ce,-75,17.735644518,8.431150609,1.851917682,0.016548173,0.001849391,-0.999383536,-0.996383536,-0.015383536,-0.016548173,-0.015383536,0.996383536,0.001232927
1581249608.6950645,b827eb917e19,e78f135624ce,-79,17.641332043,8.432106254,1.858933591,-0.007973437,0.001026563,-0.999,-0.998,-0.016986718,0.007973437,-0.016986718,0.998986718,0.001026563
1581249609.1570437,b827eb917e19,e78f135624ce,-76,17.540949488,8.430363245,1.847834497,-0.023528748,0.009777002,-0.999,-0.999,-0.015,0.023528748,-0.015,0.999,0.010471252
1581249610.064601,b827eb917e19,e78f135624ce,-87,17.332602282,8.469634981,1.833091255,-0.020908745,0.02,-0.999,-0.42151483,-0.006018251,0.034908745,-0.006018251,0.422496579,0.013981749
1581249610.517408,b827eb917e19,e78f135624ce,-82,17.225757329,8.423172901,1.832942366,-0.003823054,0.018646107,-0.999,-0.713139539,-0.011176946,0.012057634,-0.010588473,0.713139539,0.01523458
1581249610.9700806,b827eb917e19,e78f135624ce,-77,17.111819082,8.421835527,1.824299341,-0.007582237,0.01825329,-0.999,-0.696690783,-0.012194079,0.019805921,-0.011388158,0.696690783,0.01625329
1581249611.429855,b827eb917e19,e78f135624ce,-77,16.985168874,8.461218336,1.822563328,-0.028869723,0.020348614,-0.998,-0.62843305,-0.01,0.050478891,-0.009,0.62943305,0.016348614
1581249611.88923,b827eb917e19,e78f135624ce,-88,16.865756111,8.422855555,1.832015,-0.006397777,0.015557222,-0.997442778,-0.556381106,-0.007656667,0.049129445,-0.006656667,0.555266662,0.009656667
1581249612.3404665,b827eb917e19,e78f135624ce,-90,16.751357628,8.376814577,1.841453644,0.017278135,0.015546356,-0.996817881,-0.458308055,-0.007635763,0.05027483,-0.006635763,0.456943818,0.005817881
1581249613.696392,b827eb917e19,e78f135624ce,-71,16.398525495,8.493331487,1.843074279,0.038074279,0.007,-0.999,0.84698892,0.011925721,0.041148559,0.012,-0.84798892,-0.006925721
1581249614.154186,b827eb917e19,e78f135624ce,-72,16.236036039,8.481260511,1.847872748,0.011127252,0.007375751,-0.997624249,-0.088249616,-0.002872748,0.027503003,-0.001872748,0.088625366,0.000624249
1581249614.6088407,b827eb917e19,e78f135624ce,-73,16.077385116,8.478300354,1.854413467,0.002897519,0.001893975,-0.998399291,-0.195141464,-0.006600709,0.026300354,-0.006501772,0.194441818,-0.001505316
1581249615.06917,b827eb917e19,e78f135624ce,-74,15.922354288,8.464864061,1.846915038,0.003101955,0.005016992,-0.998,-0.207113841,-0.009983008,0.014881053,-0.010983008,0.206130834,0.005
1581249615.5206792,b827eb917e19,e78f135624ce,-73,15.780863945,8.413035223,1.801383976,0.012030385,0.018323205,-0.998,-0.336025548,-0.011580801,-0.007257596,-0.012,0.335444746,0.019484807
1581249615.9729881,b827eb917e19,e78f135624ce,-75,15.636404679,8.677429056,1.838116528,-0.087729887,0.007588981,-0.986441736,-0.525583623,-0.012294491,0.083877132,-0.013147245,0.536994642,0.005588981
1581249616.4272044,b827eb917e19,e78f135624ce,-77,15.52570602,8.601428578,1.936304608,-0.050278633,-0.019716648,-0.987479338,-0.634226681,-0.011845336,0.061644631,-0.016365998,0.641381345,-0.02529398
1581249616.886086,b827eb917e19,e78f135624ce,-75,15.399684908,8.368018732,1.935526626,0.020561145,-0.011631656,-0.993456115,-0.822528099,-0.017543885,-0.012368344,-0.019543885,0.827071984,-0.013719427
1581249617.3389919,b827eb917e19,e78f135624ce,-71,15.259715163,8.440841393,1.970906148,-0.033779918,-0.022812295,-0.989187705,-0.901116392,-0.017812295,0.038779918,-0.022718443,0.908928687,-0.021812295
1581249617.7995565,b827eb917e19,e78f135624ce,-71,15.08961729,8.348532103,1.987673871,0.007460903,-0.017269548,-0.994773045,-0.862560078,-0.017773045,-0.002006994,-0.019773045,0.865560078,-0.019496503
1581249618.7038572,b827eb917e19,e78f135624ce,-76,14.776880193,8.252451381,1.850383674,0.013887155,0.017932293,-0.998,-0.984887155,-0.017022569,-0.013887155,-0.018,0.985864586,0.016954862
1581249619.1553295,b827eb917e19,e78f135624ce,-74,14.653834354,8.377583435,1.891041411,-0.028,0.000187577,-0.994208282,-0.924499387,-0.017208282,0.031395859,-0.018604141,0.928291105,-0.001208282
1581249619.6082623,b827eb917e19,e78f135624ce,-77,14.505042805,8.402852878,1.870757914,-0.030515827,0.007,-0.997242086,-0.901778418,-0.017757914,0.028515827,-0.017757914,0.902778418,0.007
1581249620.0663695,b827eb917e19,e78f135624ce,-69,14.366300149,8.387260538,1.862392078,-0.03,0.008173692,-0.998,-0.968957848,-0.018,0.029,-0.018,0.969044694,0.008260538
1581249620.5225987,b827eb917e19,e78f135624ce,-72,14.263548089,8.257838163,1.873548397,0.008225955,0.006548397,-0.997451603,-0.896000308,-0.018548397,-0.006225955,-0.018,0.897548705,0.006
1581249620.9754515,b827eb917e19,e78f135624ce,-74,14.122624389,8.187153124,1.873667459,0.022978465,0.006933016,-0.997155503,-0.964555027,-0.018844497,-0.022978465,-0.018844497,0.967399524,0.006777514
1581249621.432414,b827eb917e19,e78f135624ce,-76,13.963813254,8.327562035,1.828687644,-0.004624968,0.018624968,-0.999,-0.988437452,-0.017187516,0.004624968,-0.017,0.989249936,0.018624968
1581249621.8826485,b827eb917e19,e78f135624ce,-68,13.824242789,8.419023114,1.792992295,-0.016289016,0.023,-0.999,-0.996429672,-0.018429672,0.016289016,-0.018,0.996429672,0.023
1581249622.3435247,b827eb917e19,e78f135624ce,-71,13.667979911,8.469802083,1.76674256,-0.01725744,0.02474256,-0.999,-0.99812872,-0.019,0.01725744,-0.019,0.99812872,0.02474256
1581249622.7964501,b827eb917e19,e78f135624ce,-74,13.510136376,8.498482953,1.765,-0.022494318,0.018252841,-0.999,-0.999,-0.015252841,0.021747159,-0.015252841,0.999,0.018505682
1581249623.255146,b827eb917e19,e78f135624ce,-73,13.372658036,8.529,1.757,-0.022605276,0.017,-0.999348681,-0.999,-0.017348681,0.021953957,-0.017,1.0,0.017651319
1581249623.7062998,b827eb917e19,e78f135624ce,-75,13.211072471,8.527074938,1.762775185,-0.021925062,0.014074938,-0.999,-0.999,-0.014,0.021925062,-0.013925062,1.0,0.014074938
1581249624.618109,b827eb917e19,e78f135624ce,-71,12.905128988,8.528343849,1.751638977,-0.024819488,0.016885384,-0.999,-0.999,-0.017295128,0.024819488,-0.016590256,1.0,0.017590256
1581249625.070122,b827eb917e19,e78f135624ce,-79,12.762182598,8.526696861,1.730696861,-0.025878745,0.022181883,-0.999,-0.999,-0.02,0.025818117,-0.02,0.999,0.023121255
1581249625.5295784,b827eb917e19,e78f135624ce,-71,12.618880617,8.539566353,1.734141588,-0.026,0.021,-0.999,-0.999,-0.019,0.026,-0.018429206,1.0,0.022
1581249625.987031,b827eb917e19,e78f135624ce,-79,12.525240021,8.562183999,1.758471989,-0.004792016,0.012264005,-0.999,-0.332264519,-0.009080007,0.032367997,-0.009080007,0.332264519,0.011448004
1581249626.439639,b827eb917e19,e78f135624ce,-72,12.459072806,8.581448455,1.775387886,0.018612114,0.001775773,-0.999,0.573490357,0.002612114,0.030387886,0.003418171,-0.573490357,0.005806057
1581249626.892675,b827eb917e19,e78f135624ce,-83,12.361673855,8.593140249,1.784859751,0.022429876,-0.000429876,-1.0,0.863054778,0.007429876,0.026,0.007429876,-0.863054778,0.003
1581249627.3422666,b827eb917e19,e78f135624ce,-85,12.238652181,8.590210597,1.796747284,0.019915761,0.000873642,-1.0,0.956505432,0.009,0.021873642,0.009,-0.956505432,8.4239e-05
1581249627.7990124,b827eb917e19,e78f135624ce,-71,12.110278062,8.588203755,1.799685178,0.018370356,0.000314822,-1.0,0.985740712,0.012370356,0.019055534,0.012370356,-0.985740712,0.0
1581249628.2553718,b827eb917e19,e78f135624ce,-67,11.970175252,8.578713977,1.803678494,0.023643012,-0.000643012,-1.0,0.995321506,0.013678494,0.023643012,0.013678494,-0.995321506,0.001321506
1581249628.710126,b827eb917e19,e78f135624ce,-71,11.82415338,8.576102542,1.817794916,0.026,0.001,-1.0,0.998,0.013948729,0.026948729,0.013948729,-0.998948729,-0.001
1581249629.1624613,b827eb917e19,e78f135624ce,-71,11.677716869,8.597074548,1.809835843,0.019835843,-0.006582078,-1.0,0.999,0.012417922,0.019835843,0.012417922,-0.999,0.006582078
1581249629.6132677,b827eb917e19,e78f135624ce,-83,11.534260687,8.586,1.809203666,0.023796334,-0.007203666,-1.0,0.999,0.011203666,0.023796334,0.011203666,-1.0,0.008
1581249630.0688426,b827eb917e19,e78f135624ce,-71,11.390132372,8.57389742,1.81129914,0.02585043,-0.008,-1.0,0.99914957,0.01129914,0.02570086,0.01129914,-1.0,0.00885043
1581249630.5262418,b827eb917e19,e78f135624ce,-71,11.237192261,8.576477112,1.814981689,0.024504578,-0.006009155,-1.0,1.0,0.011495422,0.024504578,0.011495422,-1.0,0.006009155
1581249630.982834,b827eb917e19,e78f135624ce,-67,11.084652346,8.578465235,1.815,0.024267383,-0.005,-1.0,1.0,0.01,0.024267383,0.01,-1.0,0.005
1581249631.4351861,b827eb917e19,e78f135624ce,-69,10.939724608,8.575243115,1.813756885,0.026756885,-0.006,-1.0,1.0,0.01151377,0.026756885,0.01151377,-1.0,0.006756885
1581249631.8888328,b827eb917e19,e78f135624ce,-80,10.792387483,8.574599679,1.812800642,0.027800642,-0.009,-1.0,0.999599679,0.012400321,0.027400321,0.012,-1.0,0.009
1581249632.3434572,b827eb917e19,e78f135624ce,-71,10.640692477,8.578948722,1.811102557,0.028051278,-0.007897443,-1.0,0.999948722,0.011051278,0.028051278,0.011051278,-1.0,0.007897443
1581249633.7101064,b827eb917e19,e78f135624ce,-70,10.153554726,8.583761646,1.818119177,0.003476707,0.003,-0.999880823,0.763835369,0.010238354,0.009476707,0.010238354,-0.763835369,0.000642469
1581249634.1678805,b827eb917e19,e78f135624ce,-73,9.940247385,8.583841579,1.828316841,0.002,0.00757921,-1.0,-0.186594667,0.003841579,-0.001,0.003841579,0.186594667,0.00557921
1581249634.6292655,b827eb917e19,e78f135624ce,-69,9.706211925,8.578010209,1.818483054,-0.001077992,0.009910167,-0.998696611,-0.252138828,-0.002820335,-0.024494895,-0.003123724,0.252745606,0.009606778
1581249635.0832565,b827eb917e19,e78f135624ce,-65,9.492510221,8.525871471,1.820903603,0.013257059,0.013032132,-0.998967868,-0.765236618,-0.007064265,-0.021321324,-0.008032132,0.766236618,0.013
1581249635.5364408,b827eb917e19,e78f135624ce,-68,9.326055554,8.530542271,1.824915459,-0.006169082,0.013542271,-0.999,-0.923014494,-0.007,0.003711353,-0.007,0.923014494,0.013542271
1581249635.995188,b827eb917e19,e78f135624ce,-69,9.162306763,8.540334489,1.830668977,-0.019167244,0.011498267,-1.0,-0.97517071,-0.003832756,0.018334489,-0.003832756,0.97517071,0.011498267
1581249636.445253,b827eb917e19,e78f135624ce,-70,8.993813106,8.541126365,1.833675819,-0.018675819,0.008774727,-1.0,-0.992324181,-0.003,0.018450546,-0.002774727,0.992324181,0.008774727
1581249636.9036624,b827eb917e19,e78f135624ce,-67,8.81956387,8.546749888,1.836312416,-0.015562528,0.006125056,-1.0,-0.997437472,-0.004437472,0.015125056,-0.004437472,0.997437472,0.006125056
1581249637.8164918,b827eb917e19,e78f135624ce,-66,8.479614699,8.535262467,1.837747507,-0.001504987,0.009747507,-1.0,-1.0,-0.005,0.001504987,-0.005,1.0,0.009747507
1581249638.2701273,b827eb917e19,e78f135624ce,-77,8.310665522,8.520638865,1.840083405,0.000638865,0.009638865,-1.0,-1.0,-0.004,-0.000638865,-0.004,1.0,0.009638865
1581249638.732196,b827eb917e19,e78f135624ce,-70,8.144018183,8.522045041,1.837729752,-0.003045041,0.010090083,-1.0,-1.0,-0.005,0.003045041,-0.005,1.0,0.010090083
1581249639.1863725,b827eb917e19,e78f135624ce,-61,7.972612875,8.522554561,1.827932737,-0.006310912,0.012378176,-1.0,-1.0,-0.005310912,0.006310912,-0.005310912,1.0,0.012378176
1581249639.643837,b827eb917e19,e78f135624ce,-66,7.79154353,8.524914325,1.836723783,-0.007638108,0.007276217,-1.0,-1.0,-0.006361892,0.007638108,-0.006361892,1.0,0.007276217
1581249640.1003401,b827eb917e19,e78f135624ce,-65,7.607771467,8.527699692,1.837945399,-0.006863496,0.005,-1.0,-1.0,-0.006027301,0.006863496,-0.006027301,1.0,0.005
1581249640.5558271,b827eb917e19,e78f135624ce,-65,7.438385571,8.519244973,1.840634536,-0.001975902,0.003341366,-1.0,-1.0,-0.007341366,0.001634536,-0.007341366,1.0,0.003341366
1581249641.0127325,b827eb917e19,e78f135624ce,-67,7.282222465,8.539599023,1.832995116,-0.007700488,0.006801953,-1.0,-1.0,-0.009,0.007700488,-0.009,1.0,0.006801953
1581249641.4636953,b827eb917e19,e78f135624ce,-74,7.113734651,8.534,1.834899263,-0.002100737,0.006,-1.0,-1.0,-0.01,0.002100737,-0.01,1.0,0.006100737
1581249641.915171,b827eb917e19,e78f135624ce,-68,6.943226068,8.519629993,1.82331801,0.008,0.008051997,-1.0,-1.0,-0.009474001,-0.008,-0.01,1.0,0.008051997
1581249642.366329,b827eb917e19,e78f135624ce,-70,6.780190669,8.545104082,1.818300583,0.005549125,0.007699417,-1.0,-0.967537014,-0.012849708,-0.006,-0.012849708,0.967537014,0.007699417
1581249643.7275546,b827eb917e19,e78f135624ce,-68,6.44604524,8.627736098,1.853736098,-0.009131951,0.010065975,-1.0,0.68241282,0.013868049,-0.011197926,0.012868049,-0.68241282,-0.006934025
1581249644.1886501,b827eb917e19,e78f135624ce,-63,6.277066834,8.683,1.864529767,-0.021375456,0.01228068,-0.999,0.900652486,0.017656136,-0.021375456,0.017656136,-0.900652486,-0.01128068
1581249644.6533117,b827eb917e19,e78f135624ce,-68,6.164410332,8.633633471,1.884981405,0.000385124,0.017192562,-0.999403719,0.96903719,0.017596281,0.000385124,0.017596281,-0.96903719,-0.016192562
1581249645.1038778,b827eb917e19,e78f135624ce,-60,5.972127074,8.64994938,1.879,-0.00205062,0.019898761,-0.999,0.670555767,0.01005062,-0.00305062,0.01005062,-0.670555767,-0.01394938
1581249645.556548,b827eb917e19,e78f135624ce,-67,5.805999645,8.65665845,1.867829225,-0.003829225,0.009097535,-0.999634155,0.892195425,0.013634155,-0.004829225,0.013634155,-0.892195425,-0.007097535
1581249646.010654,b827eb917e19,e78f135624ce,-73,5.620587115,8.67743387,1.886,-0.00956613,0.01,-1.0,0.789016106,0.01543387,-0.005,0.01543387,-0.789016106,-0.011
1581249646.466333,b827eb917e19,e78f135624ce,-76,5.466598762,8.66812322,1.87829226,-0.00456161,0.00714613,-1.0,0.932639009,0.01685387,-0.00341548,0.01685387,-0.932639009,-0.008
1581249646.9186766,b827eb917e19,e78f135624ce,-71,5.268389528,8.691332298,1.870476043,-0.019380213,0.005952085,-1.0,0.977856256,0.017,-0.018380213,0.017,-0.978332298,-0.006476043
1581249647.3727233,b827eb917e19,e78f135624ce,-65,5.087136852,8.717509775,1.858367669,-0.022754888,0.011509775,-1.0,0.548112047,0.007877444,-0.011245112,0.007877444,-0.548989491,-0.004
1581249648.286166,b827eb917e19,e78f135624ce,-72,4.695604225,8.636291658,1.861822914,0.006765628,0.013,-0.999,0.063083423,0.004588543,-0.004531257,0.004588543,-0.063083423,-0.005
1581249648.7397742,b827eb917e19,e78f135624ce,-73,4.514359297,8.622651972,1.868602254,0.006074577,0.010024859,-0.999,0.048309579,0.003900563,0.001925423,0.003900563,-0.048309579,-0.005900563
1581249649.1960466,b827eb917e19,e78f135624ce,-65,4.381402579,8.57138787,1.862940258,0.030806065,0.013626839,-0.999,0.557240784,0.012059742,0.026492646,0.012373161,-0.558240784,-0.009313419
1581249649.6501217,b827eb917e19,e78f135624ce,-62,4.23000106,8.592666376,1.853000062,0.0043335,0.009666687,-0.999,-0.170994887,0.00066675,0.032333375,0.00066675,0.170994887,-0.000333375
1581249650.5635285,b827eb917e19,e78f135624ce,-72,3.815991782,8.641360521,1.850115832,0.010197395,0.006360521,-1.0,-0.916265932,-0.013,-0.006836874,-0.013,0.916265932,0.005360521
1581249651.0139995,b827eb917e19,e78f135624ce,-71,3.603663186,8.616505901,1.817906945,0.024906945,0.011546527,-0.999,-0.97281389,-0.013773264,-0.024133681,-0.014,0.97281389,0.010773264
1581249651.4733045,b827eb917e19,e78f135624ce,-70,3.422083415,8.589933689,1.833481284,0.028896257,0.005207486,-0.999,-0.99068877,-0.011103743,-0.028896257,-0.011103743,0.99168877,0.005103743
1581249651.92615,b827eb917e19,e78f135624ce,-65,3.24232346,8.576,1.839600592,0.019399408,0.003,-1.0,-0.996533531,-0.011932938,-0.019399408,-0.011932938,0.997533531,0.003
1581249652.386495,b827eb917e19,e78f135624ce,-66,3.057803851,8.562543014,1.837543014,0.008086029,0.004228493,-1.0,-0.999,-0.012,-0.008086029,-0.012,0.999,0.004228493
1581249653.2943852,b827eb917e19,e78f135624ce,-67,2.704664332,8.566,1.835701979,-0.015865348,0.005432674,-1.0,-1.0,-0.010432674,0.015865348,-0.010432674,1.0,0.005432674
1581249653.745358,b827eb917e19,e78f135624ce,-67,2.53252207,8.560020473,1.825979527,-0.013020473,0.00703071,-1.0,-1.0,-0.014979527,0.013020473,-0.014979527,1.0,0.008020473
1581249654.2009242,b827eb917e19,e78f135624ce,-79,2.353725805,8.544655242,1.828,-0.006327621,0.005672379,-1.0,-1.0,-0.012982863,0.006327621,-0.012982863,1.0,0.005672379
1581249654.655336,b827eb917e19,e78f135624ce,-71,2.17504955,8.537653251,1.834,-0.002,0.002346749,-1.0,-1.0,-0.013653251,0.001653251,-0.013653251,1.0,0.002346749
1581249655.1137393,b827eb917e19,e78f135624ce,-80,1.999816271,8.541198521,1.84195037,-0.003148891,0.0,-1.0,-1.0,-0.013,0.003148891,-0.013,1.0,0.0
1581249656.0272074,b827eb917e19,e78f135624ce,-72,1.658386512,8.535212093,1.841893953,-0.013935581,-0.000446977,-1.0,-1.0,-0.015276512,0.013935581,-0.015276512,1.0,-0.000446977
1581249656.4880657,b827eb917e19,e78f135624ce,-71,1.490053889,8.537311621,1.839813027,-0.023,0.002062324,-1.0,-1.0,-0.013,0.023,-0.013,1.0,0.002062324
1581249656.945203,b827eb917e19,e78f135624ce,-80,1.319857389,8.536206338,1.84,-0.026603169,0.002,-1.0,-0.999396831,-0.015,0.026603169,-0.014603169,1.0,0.002
1581249657.3953264,b827eb917e19,e78f135624ce,-71,1.163463874,8.511682984,1.853341492,-0.016341492,-0.003560995,-1.0,-1.0,-0.016,0.016341492,-0.016,1.0,-0.003560995
1581249657.8489172,b827eb917e19,e78f135624ce,-70,0.998404772,8.503148948,1.852702104,-0.011,-0.003851052,-1.0,-1.0,-0.016,0.011,-0.016,1.0,-0.003851052
1581249658.760577,b827eb917e19,e78f135624ce,-79,0.650600541,8.486229764,1.846,0.003229764,0.002,-1.0,-1.0,-0.015,-0.003229764,-0.015,1.0,0.002
1581249659.2163432,b827eb917e19,e78f135624ce,-71,0.49313438,8.472342149,1.846936859,0.014063141,0.00253157,-1.0,-1.0,-0.017234215,-0.014063141,-0.017234215,1.0,0.001765785
1581249659.6682138,b827eb917e19,e78f135624ce,-70,0.354737643,8.448231081,1.846,0.02418668,0.00360444,-0.99960444,-0.99960444,-0.015,-0.02418668,-0.015,1.0,0.003
1581249660.126515,b827eb917e19,e78f135624ce,-71,0.272798813,8.448,1.859171598,0.026057199,0.000942801,-0.999942801,-0.999,-0.011,-0.026057199,-0.011,1.0,0.000942801
