1581249601.4137018,000000000302,e78f135624ce,-74,18.031,8.465,1.816,0.062,-0.0,-0.998,0.998,0.017,0.062,0.017,-1.0,0.002
1581249602.7768414,000000000302,e78f135624ce,-80,18.014747065,8.456247904,1.843500838,0.058748742,0.005,-0.998,0.916954724,0.017499162,0.058748742,0.017499162,-0.918954724,-0.003
1581249603.2327142,000000000302,e78f135624ce,-63,17.964081123,8.446020281,1.858979719,0.008713988,-0.003326573,-0.999,-0.328988042,-0.006306292,0.032367135,-0.006306292,0.328988042,-0.006
1581249603.6907642,000000000302,e78f135624ce,-65,17.928344399,8.44495695,1.827430498,-0.01187085,0.019741701,-0.999,-0.787685162,-0.01195695,0.02504305,-0.01195695,0.787642112,0.018741701
1581249603.6937237,000000000302,e78f135624ce,-77,17.928175285,8.444978089,1.827219107,-0.011934268,0.019868536,-0.999,-0.78931288,-0.011978089,0.025021911,-0.011978089,0.789290969,0.018868536
1581249604.1497467,000000000302,e78f135624ce,-78,17.904344128,8.441663968,1.815352224,-0.017327936,0.021655872,-0.999,-0.932943328,-0.014,0.021,-0.014,0.932607296,0.021655872
1581249605.9676938,000000000302,e78f135624ce,-63,17.878760096,8.446719711,1.862,-0.016479807,-0.012239904,-0.999190024,-0.967710217,-0.017809976,0.017479807,-0.017809976,0.967710217,-0.011429928
1581249606.41974,000000000302,e78f135624ce,-68,17.878,8.443386446,1.859613554,-0.019193223,-0.002,-0.999,-0.989227109,-0.015193223,0.019386446,-0.015193223,0.989420332,-0.001806777
1581249606.8726866,000000000302,e78f135624ce,-68,17.876,8.459550517,1.854,-0.023840414,0.002,-0.999,-0.893758897,-0.013859931,0.025410448,-0.013859931,0.894758897,0.003
1581249607.3310812,000000000302,e78f135624ce,-74,17.859570992,8.43787939,1.841450381,0.0,0.010329771,-0.999,-0.966989313,-0.014,0.000109924,-0.014,0.966989313,0.010329771
1581249607.7876682,000000000302,e78f135624ce,-77,17.809883048,8.444728071,1.842514619,0.017301167,0.006485381,-0.999,-0.989029238,-0.01475731,-0.017301167,-0.01475731,0.989271929,0.006485381
1581249608.2456906,000000000302,e78f135624ce,-70,17.734997622,8.431222486,1.852037477,0.016332541,0.001777514,-0.999407495,-0.996407495,-0.015407495,-0.016332541,-0.015407495,0.996407495,0.001185009
1581249608.697679,000000000302,e78f135624ce,-69,17.640807628,8.432,1.859007399,-0.008036995,0.001,-0.999,-0.998007399,-0.016992601,0.008036995,-0.016992601,0.999,0.001
1581249609.1567717,000000000302,e78f135624ce,-60,17.541003895,8.430386263,1.847847053,-0.023539211,0.009768631,-0.999,-0.999,-0.015,0.023539211,-0.015,0.999,0.010460789
1581249609.6136916,000000000302,e78f135624ce,-74,17.440980679,8.416215457,1.849443091,-0.016556909,0.011721546,-0.999,-0.882109599,-0.014835363,0.02052541,-0.01447459,0.882109599,0.009556909
1581249610.068667,000000000302,e78f135624ce,-67,17.331595965,8.470086579,1.833101009,-0.020942281,0.019942281,-0.999,-0.419148641,-0.006,0.035,-0.00598557,0.420134211,0.013942281
1581249610.5196884,000000000302,e78f135624ce,-74,17.225168206,8.422887842,1.833037386,-0.003785046,0.018570091,-0.999,-0.714887903,-0.011214954,0.011962614,-0.010607477,0.714887903,0.015177568
1581249610.9736822,000000000302,e78f135624ce,-68,17.110708603,8.421655449,1.824809561,-0.007672275,0.017983174,-0.999,-0.699271897,-0.012224092,0.019775908,-0.011448184,0.699271897,0.015983174
1581249611.4336803,000000000302,e78f135624ce,-66,16.98422729,8.461394883,1.822210234,-0.028899147,0.020495736,-0.998,-0.628109381,-0.01,0.050596589,-0.009,0.629109381,0.016495736
1581249613.2436373,000000000302,e78f135624ce,-64,16.522946141,8.457689516,1.843995104,0.045330069,0.008665035,-0.998334965,0.778772752,0.010334965,0.048995104,0.011334965,-0.779772752,-0.005665035
1581249613.6986406,000000000302,e78f135624ce,-78,16.397979424,8.493476035,1.843058218,0.038058218,0.007,-0.999,0.847856208,0.011941782,0.041116437,0.012,-0.848856208,-0.006941782
1581249614.1567292,000000000302,e78f135624ce,-74,16.235164081,8.48100619,1.847927245,0.011072755,0.007357585,-0.997642415,-0.091283301,-0.002927245,0.02743034,-0.001927245,0.091640886,0.000642415
1581249614.612618,000000000302,e78f135624ce,-67,16.076251937,8.478327335,1.855438724,0.002708656,0.001435308,-0.99834533,-0.198298176,-0.00665467,0.026327335,-0.006636674,0.197625511,-0.001910023
1581249615.975628,000000000302,e78f135624ce,-60,15.635492757,8.67586919,1.837972541,-0.087033947,0.007684973,-0.98651373,-0.528775349,-0.012342486,0.08320519,-0.013171243,0.540090376,0.005684973
1581249616.4296465,000000000302,e78f135624ce,-67,15.52523504,8.603539267,1.937682662,-0.051081044,-0.020152741,-0.987357233,-0.633877807,-0.011775561,0.062499372,-0.016418329,0.641102246,-0.02576496
1581249616.888631,000000000302,e78f135624ce,-69,15.399156307,8.367118153,1.935291692,0.020756923,-0.011572923,-0.993475692,-0.821177229,-0.017524308,-0.012427077,-0.019524308,0.825701537,-0.013621538
1581249617.3416426,000000000302,e78f135624ce,-75,15.259001504,8.440372417,1.970885757,-0.033514844,-0.022771515,-0.989228485,-0.899403609,-0.017771515,0.038514844,-0.022657272,0.907175124,-0.021771515
1581249617.3445995,000000000302,e78f135624ce,-66,15.258205425,8.439849279,1.970863012,-0.033219158,-0.022726024,-0.989273976,-0.89749302,-0.017726024,0.038219158,-0.022589036,0.905219044,-0.021726024
1581249618.7065842,000000000302,e78f135624ce,-64,14.776062084,8.252031838,1.850027062,0.01399204,0.017995224,-0.998,-0.98499204,-0.017001592,-0.01399204,-0.018,0.985990449,0.016996816
1581249619.157601,000000000302,e78f135624ce,-67,14.653135385,8.377513538,1.891216154,-0.028,0.000135154,-0.994243231,-0.924918769,-0.017243231,0.031378385,-0.018621615,0.928675538,-0.001243231
1581249619.610597,000000000302,e78f135624ce,-67,14.504378344,8.402619418,1.870739955,-0.030479911,0.007,-0.997260045,-0.902281253,-0.017739955,0.028479911,-0.017739955,0.903281253,0.007
1581249620.0696023,000000000302,e78f135624ce,-75,14.365276455,8.38717972,1.862580653,-0.03,0.008119813,-0.998,-0.96928112,-0.018,0.029,-0.018,0.969341026,0.00817972
1581249620.5259511,000000000302,e78f135624ce,-70,14.262709987,8.256301644,1.873576334,0.008645006,0.006576334,-0.997423666,-0.896866346,-0.018576334,-0.006645006,-0.018,0.89844268,0.006
1581249620.9785817,000000000302,e78f135624ce,-65,14.121554904,8.188353035,1.873276184,0.02263936,0.007089526,-0.997181588,-0.964815877,-0.018818412,-0.02263936,-0.018818412,0.967634289,0.006907939
1581249621.434589,000000000302,e78f135624ce,-73,13.963026961,8.328047194,1.828537078,-0.004658427,0.018658427,-0.999,-0.988487641,-0.017170786,0.004658427,-0.017,0.989316854,0.018658427
1581249621.8856137,000000000302,e78f135624ce,-67,13.823353226,8.419502109,1.79283263,-0.016357444,0.023,-0.999,-0.996452481,-0.018452481,0.016357444,-0.018,0.996452481,0.023
1581249622.346545,000000000302,e78f135624ce,-65,13.667073825,8.470127345,1.766696094,-0.017303906,0.024696094,-0.999,-0.998151953,-0.019,0.017303906,-0.019,0.998151953,0.024696094
1581249622.799575,000000000302,e78f135624ce,-70,13.508886393,8.498639201,1.765,-0.0225464,0.0182268,-0.999,-0.999,-0.0152268,0.0217732,-0.0152268,0.999,0.0184536
1581249623.2575593,000000000302,e78f135624ce,-72,13.371692726,8.529,1.757,-0.022517521,0.017,-0.99937062,-0.999,-0.01737062,0.02188814,-0.017,1.0,0.01762938
1581249623.7085793,000000000302,e78f135624ce,-63,13.210404897,8.527058656,1.762824032,-0.021941344,0.014058656,-0.999,-0.999,-0.014,0.021941344,-0.013941344,1.0,0.014058656
1581249625.073566,000000000302,e78f135624ce,-71,12.761055484,8.526853405,1.730853405,-0.025941362,0.022087957,-0.999,-0.999,-0.02,0.025912043,-0.02,0.999,0.023058638
1581249625.5335565,000000000302,e78f135624ce,-73,12.617542557,8.539855663,1.734213916,-0.026,0.021,-0.999,-0.999,-0.019,0.026,-0.018393042,1.0,0.022
1581249625.989564,000000000302,e78f135624ce,-68,12.524894617,8.562207026,1.758656204,-0.004515693,0.012171898,-0.999,-0.323537316,-0.008964872,0.032414051,-0.008964872,0.323537316,0.011378923
1581249627.3445508,000000000302,e78f135624ce,-70,12.238089895,8.590298454,1.796641855,0.019880618,0.000820928,-1.0,0.956716289,0.009,0.021820928,0.009,-0.956716289,0.000119382
1581249627.8015363,000000000302,e78f135624ce,-67,12.109457794,8.588056527,1.79970621,0.018412421,0.00029379,-1.0,0.985824842,0.012412421,0.019118631,0.012412421,-0.985824842,0.0
1581249627.804523,000000000302,e78f135624ce,-71,12.108487125,8.587882305,1.799731099,0.018462199,0.000268901,-1.0,0.985924397,0.012462199,0.019193298,0.012462199,-0.985924397,0.0
1581249628.2585497,000000000302,e78f135624ce,-78,11.96903651,8.578608047,1.803652012,0.023695976,-0.000695976,-1.0,0.995347988,0.013652012,0.023695976,0.013652012,-0.995347988,0.001347988
1581249628.7135036,000000000302,e78f135624ce,-78,11.823062132,8.576050578,1.817898845,0.026,0.001,-1.0,0.998,0.013974711,0.026974711,0.013974711,-0.998974711,-0.001
1581249629.164518,000000000302,e78f135624ce,-68,11.677083997,8.597185301,1.8098042,0.0198042,-0.0065979,-1.0,0.999,0.0124021,0.0198042,0.0124021,-0.999,0.0065979
1581249629.6154995,000000000302,e78f135624ce,-69,11.533608304,8.586,1.809220834,0.023779166,-0.007220834,-1.0,0.999,0.011220834,0.023779166,0.011220834,-1.0,0.008
1581249630.5285394,000000000302,e78f135624ce,-68,11.236388086,8.576572847,1.815058278,0.024485431,-0.005970861,-1.0,1.0,0.011514569,0.024485431,0.011514569,-1.0,0.005970861
1581249630.9854949,000000000302,e78f135624ce,-70,11.083765428,8.578376543,1.815,0.024311729,-0.005,-1.0,1.0,0.01,0.024311729,0.01,-1.0,0.005
1581249631.437493,000000000302,e78f135624ce,-67,10.939014782,8.57522537,1.81377463,0.02677463,-0.006,-1.0,1.0,0.011549261,0.02677463,0.011549261,-1.0,0.00677463
1581249631.8935268,000000000302,e78f135624ce,-63,10.790979289,8.574563572,1.812872857,0.027872857,-0.009,-1.0,0.999563572,0.012436428,0.027436428,0.012,-1.0,0.009
1581249632.3464813,000000000302,e78f135624ce,-62,10.639645674,8.578925459,1.811149081,0.028074541,-0.007850919,-1.0,0.999925459,0.011074541,0.028074541,0.011074541,-1.0,0.007850919
1581249632.802527,000000000302,e78f135624ce,-71,10.528847785,8.557715725,1.822571069,0.02,0.005285534,-0.995714466,0.562311987,0.006714466,0.067283015,0.007714466,-0.564311987,0.003285534
1581249633.2544878,000000000302,e78f135624ce,-74,10.343907045,8.57000715,1.820496425,0.01699285,0.003748212,-0.999,0.856575079,0.010251788,0.031985699,0.011,-0.857323292,-0.001
1581249633.7134852,000000000302,e78f135624ce,-75,10.152227315,8.583809916,1.818095042,0.003380168,0.003,-0.999904958,0.759008418,0.010190084,0.009380168,0.010190084,-0.759008418,0.000714874
1581249634.1705012,000000000302,e78f135624ce,-74,9.93912423,8.583804141,1.828391718,0.002,0.00759793,-1.0,-0.191461672,0.003804141,-0.001,0.003804141,0.191461672,0.00559793
1581249635.085476,000000000302,e78f135624ce,-75,9.491561914,8.525952178,1.820964133,0.013095645,0.013011956,-0.998988044,-0.766971817,-0.007023911,-0.021119556,-0.008011956,0.767971817,0.013
1581249635.5415523,000000000302,e78f135624ce,-76,9.323918034,8.530588738,1.824822523,-0.006354954,0.013588738,-0.999,-0.924129722,-0.007,0.003943692,-0.007,0.924129722,0.013588738
1581249635.9974575,000000000302,e78f135624ce,-79,9.161357695,8.540375752,1.830751505,-0.019187876,0.011436371,-1.0,-0.975315133,-0.003812124,0.018375752,-0.003812124,0.975315133,0.011436371
1581249636.4484944,000000000302,e78f135624ce,-70,8.992701722,8.541010596,1.833606358,-0.018606358,0.008797881,-1.0,-0.992393642,-0.003,0.018404238,-0.002797881,0.992393642,0.008797881
1581249636.906453,000000000302,e78f135624ce,-70,8.818512086,8.546835748,1.836376811,-0.015541063,0.006082126,-1.0,-0.997458937,-0.004458937,0.015082126,-0.004458937,0.997458937,0.006082126
1581249637.8194404,000000000302,e78f135624ce,-74,8.478484431,8.535139612,1.837772078,-0.001455845,0.009772078,-1.0,-1.0,-0.005,0.001455845,-0.005,1.0,0.009772078
1581249638.2734573,000000000302,e78f135624ce,-66,8.309333524,8.520611115,1.840166655,0.000611115,0.009611115,-1.0,-1.0,-0.004,-0.000611115,-0.004,1.0,0.009611115
1581249638.7344322,000000000302,e78f135624ce,-71,8.143198269,8.522063676,1.837617946,-0.003063676,0.010127351,-1.0,-1.0,-0.005,0.003063676,-0.005,1.0,0.010127351
1581249639.1894526,000000000302,e78f135624ce,-69,7.97149929,8.522436095,1.827861657,-0.006287219,0.012425562,-1.0,-1.0,-0.005287219,0.006287219,-0.005287219,1.0,0.012425562
1581249639.6464097,000000000302,e78f135624ce,-68,7.790534211,8.524854954,1.836763364,-0.007618318,0.007236636,-1.0,-1.0,-0.006381682,0.007618318,-0.006381682,1.0,0.007236636
1581249640.1044152,000000000302,e78f135624ce,-71,7.606360874,8.52735488,1.837882705,-0.006706764,0.005,-1.0,-1.0,-0.006058647,0.006706764,-0.006058647,1.0,0.005
1581249640.5584993,000000000302,e78f135624ce,-69,7.437316692,8.519489925,1.840723609,-0.002042707,0.003319098,-1.0,-1.0,-0.007319098,0.001723609,-0.007319098,1.0,0.003319098
1581249641.0154142,000000000302,e78f135624ce,-80,7.281194466,8.539643719,1.833218594,-0.007678141,0.006712562,-1.0,-1.0,-0.009,0.007678141,-0.009,1.0,0.006712562
1581249641.4664178,000000000302,e78f135624ce,-74,7.112750363,8.534,1.834920205,-0.002079795,0.006,-1.0,-1.0,-0.01,0.002079795,-0.01,1.0,0.006079795
1581249641.9184308,000000000302,e78f135624ce,-70,6.941997339,8.519755374,1.823142477,0.008,0.008102149,-1.0,-1.0,-0.009448925,-0.008,-0.01,1.0,0.008102149
1581249642.369439,000000000302,e78f135624ce,-77,6.779425148,8.545438998,1.818348428,0.005477358,0.007651572,-1.0,-0.962369747,-0.012825786,-0.006,-0.012825786,0.962369747,0.007651572
1581249643.7304108,000000000302,e78f135624ce,-71,6.445412784,8.627817705,1.853817705,-0.009091147,0.010045574,-1.0,0.684759027,0.013908853,-0.011136721,0.012908853,-0.684759027,-0.006954426
1581249644.1914048,000000000302,e78f135624ce,-68,6.276319133,8.683,1.86478556,-0.021296751,0.012379061,-0.999,0.901301805,0.017675812,-0.021296751,0.017675812,-0.901301805,-0.011379061
1581249644.194396,000000000302,e78f135624ce,-69,6.275507237,8.683,1.865063314,-0.021211288,0.01248589,-0.999,0.902006873,0.017697178,-0.021211288,0.017697178,-0.902006873,-0.01148589
1581249645.1063697,000000000302,e78f135624ce,-75,5.971468487,8.649931581,1.879,-0.002068419,0.019863161,-0.999,0.672157734,0.010068419,-0.003068419,0.010068419,-0.672157734,-0.013931581
1581249645.5594282,000000000302,e78f135624ce,-73,5.804926153,8.656396623,1.867698311,-0.003698311,0.009018987,-0.999660338,0.893111821,0.013660338,-0.004698311,0.013660338,-0.893111821,-0.007018987
1581249646.0143855,000000000302,e78f135624ce,-84,5.618958827,8.677501716,1.886,-0.009498284,0.01,-1.0,0.791051466,0.015501716,-0.005,0.015501716,-0.791051466,-0.011
1581249646.469406,000000000302,e78f135624ce,-80,5.465457372,8.668254919,1.87824836,-0.004627459,0.00712418,-1.0,0.933143855,0.01687582,-0.003503279,0.01687582,-0.933143855,-0.008
1581249646.9213958,000000000302,e78f135624ce,-79,5.267176364,8.691478715,1.870496959,-0.019484796,0.005993918,-1.0,0.977981755,0.017,-0.018484796,0.017,-0.978478715,-0.006496959
1581249647.375311,000000000302,e78f135624ce,-80,5.086022213,8.717430158,1.858427381,-0.022715079,0.011430158,-1.0,0.546181334,0.00785754,-0.011284921,0.00785754,-0.547038873,-0.004
1581249648.7433429,000000000302,e78f135624ce,-77,4.512396538,8.622235629,1.868126433,0.006163794,0.010054598,-0.999,0.046287342,0.003781608,0.001836206,0.003781608,-0.046287342,-0.005781608
1581249649.198357,000000000302,e78f135624ce,-74,4.380869383,8.571139046,1.862886938,0.030930477,0.013591292,-0.999,0.559835667,0.012113062,0.026634831,0.012408708,-0.560835667,-0.009295646
1581249649.6543949,000000000302,e78f135624ce,-76,4.228324662,8.593126563,1.852901451,0.004070535,0.009633817,-0.999,-0.179081044,0.000535268,0.032267634,0.000535268,0.179081044,-0.000267634
1581249650.5663142,000000000302,e78f135624ce,-83,3.814575726,8.641337307,1.850301544,0.010313465,0.006337307,-1.0,-0.916892712,-0.013,-0.006976158,-0.013,0.916892712,0.005337307
1581249651.9283488,000000000302,e78f135624ce,-80,3.241477809,8.576,1.839651331,0.019348669,0.003,-1.0,-0.996550444,-0.011899112,-0.019348669,-0.011899112,0.997550444,0.003
1581249652.3893561,000000000302,e78f135624ce,-80,3.056725467,8.562498999,1.837498999,0.007997997,0.004250501,-1.0,-0.999,-0.012,-0.007997997,-0.012,0.999,0.004250501
1581249652.8433108,000000000302,e78f135624ce,-81,2.87584142,8.558438325,1.836,-0.003438325,0.00422467,-1.0,-1.0,-0.011887665,0.003438325,-0.011887665,1.0,0.00422467
1581249653.7482905,000000000302,e78f135624ce,-78,2.531332078,8.559904583,1.826027262,-0.012959107,0.006986369,-1.0,-1.0,-0.015,0.012959107,-0.015,1.0,0.007972738
1581249654.2043154,000000000302,e78f135624ce,-77,2.352563086,8.544606795,1.828,-0.006303398,0.005696602,-1.0,-1.0,-0.012910193,0.006303398,-0.012910193,1.0,0.005696602
1581249654.6583207,000000000302,e78f135624ce,-75,2.174068843,8.537631931,1.834,-0.002,0.002368069,-1.0,-1.0,-0.013631931,0.001631931,-0.013631931,1.0,0.002368069
1581249655.116298,000000000302,e78f135624ce,-70,1.999012107,8.541271627,1.841932093,-0.00320372,0.0,-1.0,-1.0,-0.013,0.00320372,-0.013,1.0,0.0
1581249656.0302973,000000000302,e78f135624ce,-78,1.657206729,8.535436814,1.841781593,-0.014132212,-0.000390797,-1.0,-1.0,-0.015304602,0.014132212,-0.015304602,1.0,-0.000390797
1581249656.4903424,000000000302,e78f135624ce,-80,1.489257059,8.537230312,1.839861813,-0.023,0.002046062,-1.0,-1.0,-0.013,0.023,-0.013,1.0,0.002046062
1581249656.948284,000000000302,e78f135624ce,-72,1.318790944,8.536253736,1.84,-0.026626868,0.002,-1.0,-0.999373132,-0.015,0.026626868,-0.014626868,1.0,0.002
1581249657.398269,000000000302,e78f135624ce,-69,1.162377391,8.511547174,1.853273587,-0.016273587,-0.003515725,-1.0,-1.0,-0.016,0.016273587,-0.016,1.0,-0.003515725
1581249657.8522677,000000000302,e78f135624ce,-67,0.997204176,8.503121027,1.852757945,-0.011,-0.003878973,-1.0,-1.0,-0.016,0.011,-0.016,1.0,-0.003878973
1581249658.3033643,000000000302,e78f135624ce,-79,0.833842161,8.479285566,1.857885774,-0.00058567,-0.004471443,-1.0,-1.0,-0.014942887,0.00058567,-0.014942887,1.0,-0.004471443
1581249658.7642572,000000000302,e78f135624ce,-79,0.649159117,8.486291101,1.846,0.003291101,0.002,-1.0,-1.0,-0.015,-0.003291101,-0.015,1.0,0.002
1581249659.2192786,000000000302,e78f135624ce,-79,0.492253758,8.472116348,1.846846539,0.014153461,0.00257673,-1.0,-1.0,-0.017211635,-0.014153461,-0.017211635,1.0,0.001788365
1581249659.6712856,000000000302,e78f135624ce,-80,0.354005141,8.448065677,1.846,0.024257567,0.003580811,-0.999580811,-0.999580811,-0.015,-0.024257567,-0.015,1.0,0.003
1581249660.1272702,000000000302,e78f135624ce,-71,0.27270551,8.448,1.859184927,0.026061642,0.000938358,-0.999938358,-0.999,-0.011,-0.026061642,-0.011,1.0,0.000938358
