1581249601.4127088,000000000301,e78f135624ce,-74,18.031,8.465,1.816,0.062,-0.0,-0.998,0.998,0.017,0.062,0.017,-1.0,0.002
1581249601.8687396,000000000301,e78f135624ce,-68,18.02957042,8.465046946,1.821953054,0.061476527,0.002476527,-0.997476527,0.998523473,0.019,0.061476527,0.019,-0.999,4.6946e-05
1581249602.322714,000000000301,e78f135624ce,-69,18.024122485,8.465244969,1.828347332,0.060877515,0.002489939,-0.998,0.998,0.019122485,0.060877515,0.019122485,-1.0,-0.001367454
1581249603.23173,000000000301,e78f135624ce,-79,17.96418849,8.446047122,1.858952878,0.008776619,-0.003317626,-0.999,-0.327207548,-0.006270503,0.032411871,-0.006270503,0.327207548,-0.006
1581249603.6927402,000000000301,e78f135624ce,-72,17.928231484,8.444971065,1.827289355,-0.011913194,0.019826387,-0.999,-0.788771968,-0.011971065,0.025028935,-0.011971065,0.788743033,0.018826387
1581249604.149707,000000000301,e78f135624ce,-72,17.904345259,8.441663685,1.815354203,-0.017327371,0.021654741,-0.999,-0.932937391,-0.014,0.021,-0.014,0.932601077,0.021654741
1581249604.60372,000000000301,e78f135624ce,-71,17.890994382,8.444005618,1.793659176,-0.021670412,0.030670412,-0.999,-0.979011236,-0.014,0.022670412,-0.013664794,0.978346442,0.031335206
1581249605.0537114,000000000301,e78f135624ce,-72,17.883055994,8.447944006,1.783027997,-0.024944006,0.033,-0.999,-0.992944006,-0.014,0.024944006,-0.013,0.992916009,0.033027997
1581249605.5107024,000000000301,e78f135624ce,-77,17.879,8.461256966,1.822810115,-0.023837977,0.004094943,-0.999,-0.900592367,-0.015581011,0.025837977,-0.015162023,0.900592367,0.004675954
1581249605.9668224,000000000301,e78f135624ce,-82,17.878728408,8.446814775,1.862,-0.016543183,-0.012271592,-0.999182102,-0.967638919,-0.017817898,0.017543183,-0.017817898,0.967638919,-0.011453694
1581249606.4222112,000000000301,e78f135624ce,-72,17.878,8.443351143,1.859648857,-0.019175571,-0.002,-0.999,-0.989297715,-0.015175571,0.019351143,-0.015175571,0.989473286,-0.001824429
1581249606.8717022,000000000301,e78f135624ce,-72,17.876,8.459664105,1.854,-0.023931284,0.002,-0.999,-0.893516576,-0.013844786,0.025508891,-0.013844786,0.894516576,0.003
1581249607.329739,000000000301,e78f135624ce,-68,17.859705198,8.437796802,1.841501999,0.0,0.010298801,-0.999,-0.966896402,-0.014,9.96e-05,-0.014,0.966896402,0.010298801
1581249608.2436998,000000000301,e78f135624ce,-72,17.735445551,8.431172717,1.851954528,0.01648185,0.001827283,-0.999390906,-0.996390906,-0.015390906,-0.01648185,-0.015390906,0.996390906,0.001218189
1581249609.1567595,000000000301,e78f135624ce,-76,17.541006327,8.430387292,1.847847614,-0.023539678,0.009768257,-0.999,-0.999,-0.015,0.023539678,-0.015,0.999,0.010460322
1581249609.615722,000000000301,e78f135624ce,-86,17.440590223,8.416527822,1.849505564,-0.016494436,0.011752782,-0.999,-0.87704929,-0.014741654,0.020634738,-0.014365262,0.87704929,0.009494436
1581249610.5196881,000000000301,e78f135624ce,-79,17.225168268,8.422887872,1.833037376,-0.00378505,0.018570099,-0.999,-0.714887721,-0.01121495,0.011962624,-0.010607475,0.714887721,0.015177574
1581249610.9726849,000000000301,e78f135624ce,-73,17.111016105,8.421705314,1.824668276,-0.007647343,0.018057972,-0.999,-0.698557161,-0.012215781,0.019784219,-0.011431562,0.698557161,0.016057972
1581249611.4326792,000000000301,e78f135624ce,-71,16.984473719,8.461348678,1.822302645,-0.028891446,0.020457231,-0.998,-0.628194091,-0.01,0.050565785,-0.009,0.629194091,0.016457231
1581249611.8916469,000000000301,e78f135624ce,-75,16.865514426,8.422483733,1.83218232,-0.005877226,0.015575813,-0.997424187,-0.551956417,-0.00754512,0.049333947,-0.00654512,0.55080479,0.00954512
1581249612.3436348,000000000301,e78f135624ce,-78,16.75087019,8.376522114,1.841380529,0.017716829,0.015619471,-0.99679351,-0.453799261,-0.007587019,0.050445433,-0.006587019,0.45238628,0.00579351
1581249612.793842,000000000301,e78f135624ce,-79,16.639502217,8.406131375,1.845808758,0.042235033,0.011191242,-0.997808758,0.331823171,0.005235033,0.055191242,0.005235033,-0.334014412,-0.001617517
1581249613.2474427,000000000301,e78f135624ce,-74,16.52180452,8.45817384,1.84389132,0.04526088,0.00863044,-0.99836956,0.781021399,0.01036956,0.04889132,0.01136956,-0.782021399,-0.00563044
1581249613.698656,000000000301,e78f135624ce,-69,16.397975661,8.493477031,1.843058108,0.038058108,0.007,-0.999,0.847862186,0.011941892,0.041116215,0.012,-0.848862186,-0.006941892
1581249614.6116445,000000000301,e78f135624ce,-70,16.076543975,8.478320382,1.855174498,0.002757329,0.001553514,-0.998359237,-0.19748464,-0.006640763,0.026320382,-0.006601908,0.196805021,-0.001805723
1581249615.0716088,000000000301,e78f135624ce,-72,15.921692333,8.464724702,1.846827939,0.003206474,0.005034412,-0.998,-0.205180236,-0.009965588,0.014759114,-0.010965588,0.204214648,0.005
1581249615.523607,000000000301,e78f135624ce,-74,15.779666216,8.413540931,1.800851651,0.011710991,0.01842967,-0.998,-0.334881051,-0.011607417,-0.007177748,-0.012,0.334273633,0.019644505
1581249616.42973,000000000301,e78f135624ce,-74,15.525218946,8.603611388,1.937729749,-0.051108462,-0.020167642,-0.98735306,-0.633865886,-0.011773177,0.062528579,-0.016420117,0.641092709,-0.025781054
1581249616.887638,000000000301,e78f135624ce,-81,15.399362548,8.367469526,1.935383355,0.020680538,-0.011595839,-0.993468054,-0.82170429,-0.017531946,-0.012404161,-0.019531946,0.826236236,-0.013659731
1581249617.3416245,000000000301,e78f135624ce,-69,15.259006382,8.440375623,1.970885897,-0.033516656,-0.022771793,-0.989228207,-0.899415317,-0.017771793,0.038516656,-0.02265769,0.907187111,-0.021771793
1581249617.802612,000000000301,e78f135624ce,-71,15.088089502,8.347462652,1.987037293,0.007970166,-0.017014917,-0.994798508,-0.863731381,-0.017798508,-0.002567182,-0.019798508,0.866731381,-0.019216409
1581249618.253628,000000000301,e78f135624ce,-78,14.926826471,8.251732152,1.918170922,0.022926003,0.00343877,-0.997390307,-0.955073997,-0.016390307,-0.02131631,-0.018,0.956073997,0.00243877
1581249619.6105998,000000000301,e78f135624ce,-72,14.50437753,8.402619132,1.870739933,-0.030479866,0.007,-0.997260067,-0.902281869,-0.017739933,0.028479866,-0.017739933,0.903281869,0.007
1581249620.0676203,000000000301,e78f135624ce,-74,14.36590408,8.387229269,1.862465038,-0.03,0.008152846,-0.998,-0.969082922,-0.018,0.029,-0.018,0.969159345,0.008229269
1581249620.524607,000000000301,e78f135624ce,-71,14.263046039,8.256917738,1.873565132,0.008476981,0.006565132,-0.997434868,-0.896519093,-0.018565132,-0.006476981,-0.018,0.898084225,0.006
1581249620.9776044,000000000301,e78f135624ce,-70,14.121888807,8.187978411,1.873398344,0.022745232,0.007040662,-0.997173444,-0.964734437,-0.018826556,-0.022745232,-0.018826556,0.967560993,0.006867219
1581249622.345586,000000000301,e78f135624ce,-75,13.667361501,8.470024077,1.766710846,-0.017289154,0.024710846,-0.999,-0.998144577,-0.019,0.017289154,-0.019,0.998144577,0.024710846
1581249622.7995849,000000000301,e78f135624ce,-74,13.508882483,8.49863969,1.765,-0.022546563,0.018226718,-0.999,-0.999,-0.015226718,0.021773282,-0.015226718,0.999,0.018453437
1581249623.2570055,000000000301,e78f135624ce,-79,13.371914265,8.529,1.757,-0.02253766,0.017,-0.999365585,-0.999,-0.017365585,0.021903245,-0.017,1.0,0.017634415
1581249623.708603,000000000301,e78f135624ce,-74,13.210397985,8.527058487,1.762824538,-0.021941513,0.014058487,-0.999,-0.999,-0.014,0.021941513,-0.013941513,1.0,0.014058487
1581249624.1636164,000000000301,e78f135624ce,-81,13.060231324,8.532759638,1.760798192,-0.025240362,0.014860542,-0.999,-0.999,-0.015,0.025240362,-0.014379819,1.0,0.014860542
1581249624.6205394,000000000301,e78f135624ce,-78,12.904313055,8.528187606,1.751500095,-0.024750047,0.016937465,-0.999,-0.999,-0.017312488,0.024750047,-0.016624976,1.0,0.017624976
1581249625.0725632,000000000301,e78f135624ce,-82,12.76138367,8.526807824,1.730807824,-0.025923129,0.022115306,-0.999,-0.999,-0.02,0.025884694,-0.02,0.999,0.023076871
1581249625.532549,000000000301,e78f135624ce,-76,12.617881463,8.539782386,1.734195597,-0.026,0.021,-0.999,-0.999,-0.019,0.026,-0.018402202,1.0,0.022
1581249625.9895618,000000000301,e78f135624ce,-70,12.524894909,8.562207006,1.758656048,-0.004515927,0.012171976,-0.999,-0.323544709,-0.00896497,0.032414012,-0.00896497,0.323544709,0.011378982
1581249626.4425302,000000000301,e78f135624ce,-76,12.458639147,8.581613658,1.775346585,0.018653415,0.001693171,-0.999,0.576525971,0.002653415,0.030346585,0.003480122,-0.576525971,0.005826707
1581249626.893541,000000000301,e78f135624ce,-74,12.361467306,8.593126923,1.784873077,0.022436539,-0.000436539,-1.0,0.863334618,0.007436539,0.026,0.007436539,-0.863334618,0.003
1581249627.3475704,000000000301,e78f135624ce,-74,12.237346616,8.590414591,1.796502491,0.019834164,0.000751245,-1.0,0.956995019,0.009,0.021751245,0.009,-0.956995019,0.000165836
1581249627.8015323,000000000301,e78f135624ce,-68,12.109459111,8.588056764,1.799706177,0.018412353,0.000293823,-1.0,0.985824707,0.012412353,0.01911853,0.012412353,-0.985824707,0.0
1581249628.2565527,000000000301,e78f135624ce,-74,11.9697521,8.578674614,1.803668653,0.023662693,-0.000662693,-1.0,0.995331347,0.013668653,0.023662693,0.013668653,-0.995331347,0.001331347
1581249628.7125292,000000000301,e78f135624ce,-81,11.823376943,8.576065569,1.817868863,0.026,0.001,-1.0,0.998,0.013967216,0.026967216,0.013967216,-0.998967216,-0.001
1581249629.1635416,000000000301,e78f135624ce,-71,11.677384477,8.597132717,1.809819224,0.019819224,-0.006590388,-1.0,0.999,0.012409612,0.019819224,0.012409612,-0.999,0.006590388
1581249629.6145208,000000000301,e78f135624ce,-68,11.533894388,8.586,1.809213306,0.023786694,-0.007213306,-1.0,0.999,0.011213306,0.023786694,0.011213306,-1.0,0.008
1581249630.0715108,000000000301,e78f135624ce,-70,11.389220756,8.573764013,1.811254671,0.025872664,-0.008,-1.0,0.999127336,0.011254671,0.025745329,0.011254671,-1.0,0.008872664
1581249630.5284982,000000000301,e78f135624ce,-80,11.236402522,8.576571128,1.815056903,0.024485774,-0.005971549,-1.0,1.0,0.011514226,0.024485774,0.011514226,-1.0,0.005971549
1581249630.9845376,000000000301,e78f135624ce,-69,11.084084512,8.578408451,1.815,0.024295774,-0.005,-1.0,1.0,0.01,0.024295774,0.01,-1.0,0.005
1581249631.4365191,000000000301,e78f135624ce,-68,10.939314455,8.575232861,1.813767139,0.026767139,-0.006,-1.0,1.0,0.011534277,0.026767139,0.011534277,-1.0,0.006767139
1581249631.8914893,000000000301,e78f135624ce,-64,10.791590546,8.574579245,1.81284151,0.02784151,-0.009,-1.0,0.999579245,0.012420755,0.027420755,0.012,-1.0,0.009
1581249632.345502,000000000301,e78f135624ce,-76,10.639984705,8.578932993,1.811134013,0.028067007,-0.007865987,-1.0,0.999932993,0.011067007,0.028067007,0.011067007,-1.0,0.007865987
1581249632.804501,000000000301,e78f135624ce,-67,10.527992339,8.557847332,1.822538167,0.02,0.005269083,-0.995730917,0.564713818,0.006730917,0.067036252,0.007730917,-0.566713818,0.003269083
1581249633.257166,000000000301,e78f135624ce,-65,10.342641006,8.570104538,1.820447731,0.016895462,0.003723866,-0.999,0.857597649,0.010276134,0.031790924,0.011,-0.858321514,-0.001
1581249633.712499,000000000301,e78f135624ce,-72,10.152614804,8.583795825,1.818102087,0.003408349,0.003,-0.999897913,0.760417471,0.010204175,0.009408349,0.010204175,-0.760417471,0.000693738
1581249634.1704793,000000000301,e78f135624ce,-70,9.93913363,8.583804454,1.828391091,0.002,0.007597773,-1.0,-0.191420936,0.003804454,-0.001,0.003804454,0.191420936,0.005597773
1581249634.6324604,000000000301,e78f135624ce,-70,9.704272221,8.576732287,1.818368954,-0.00025647,0.009978627,-0.998673791,-0.257113598,-0.002957255,-0.025133857,-0.003283464,0.257766016,0.009652418
1581249635.5394802,000000000301,e78f135624ce,-72,9.324784547,8.530569901,1.824860198,-0.006279605,0.013569901,-0.999,-0.923677627,-0.007,0.003849506,-0.007,0.923677627,0.013569901
1581249635.9964724,000000000301,e78f135624ce,-68,9.161769666,8.540357841,1.830715681,-0.01917892,0.011463239,-1.0,-0.975252442,-0.00382108,0.018357841,-0.00382108,0.975252442,0.011463239
1581249636.4474437,000000000301,e78f135624ce,-72,8.993061965,8.541048121,1.833628873,-0.018628873,0.008790376,-1.0,-0.992371127,-0.003,0.018419249,-0.002790376,0.992371127,0.008790376
1581249636.905464,000000000301,e78f135624ce,-69,8.818884848,8.546805319,1.836353989,-0.01554867,0.006097341,-1.0,-0.99745133,-0.00445133,0.015097341,-0.00445133,0.99745133,0.006097341
1581249637.3636918,000000000301,e78f135624ce,-71,8.647889724,8.551219965,1.834130006,-0.010479977,0.008,-1.0,-0.999,-0.006,0.010479977,-0.006,0.999,0.008
1581249637.8194451,000000000301,e78f135624ce,-83,8.478482603,8.535139413,1.837772117,-0.001455765,0.009772117,-1.0,-1.0,-0.005,0.001455765,-0.005,1.0,0.009772117
1581249638.2724814,000000000301,e78f135624ce,-68,8.309723863,8.520619247,1.840142259,0.000619247,0.009619247,-1.0,-1.0,-0.004,-0.000619247,-0.004,1.0,0.009619247
1581249638.733485,000000000301,e78f135624ce,-74,8.14354559,8.522055782,1.837665308,-0.003055782,0.010111564,-1.0,-1.0,-0.005,0.003055782,-0.005,1.0,0.010111564
1581249639.1894581,000000000301,e78f135624ce,-72,7.971497308,8.522435884,1.82786153,-0.006287177,0.012425646,-1.0,-1.0,-0.005287177,0.006287177,-0.005287177,1.0,0.012425646
1581249640.1034477,000000000301,e78f135624ce,-68,7.606695778,8.527436746,1.83789759,-0.006743975,0.005,-1.0,-1.0,-0.006051205,0.006743975,-0.006051205,1.0,0.005
1581249640.556413,000000000301,e78f135624ce,-75,7.438151253,8.519298671,1.840654062,-0.001990547,0.003336484,-1.0,-1.0,-0.007336484,0.001654062,-0.007336484,1.0,0.003336484
1581249640.5594022,000000000301,e78f135624ce,-70,7.436955535,8.51957269,1.840753705,-0.002065279,0.003311574,-1.0,-1.0,-0.007311574,0.001753705,-0.007311574,1.0,0.003311574
1581249641.0149539,000000000301,e78f135624ce,-71,7.281370948,8.539636046,1.833180229,-0.007681977,0.006727909,-1.0,-1.0,-0.009,0.007681977,-0.009,1.0,0.006727909
1581249641.4654403,000000000301,e78f135624ce,-72,7.113103773,8.534,1.834912686,-0.002087314,0.006,-1.0,-1.0,-0.01,0.002087314,-0.01,1.0,0.006087314
1581249641.9174743,000000000301,e78f135624ce,-66,6.942357879,8.519718584,1.823193983,0.008,0.008087434,-1.0,-1.0,-0.009456283,-0.008,-0.01,1.0,0.008087434
1581249642.3694232,000000000301,e78f135624ce,-75,6.779429021,8.545437303,1.818348186,0.005477721,0.007651814,-1.0,-0.962395892,-0.012825907,-0.006,-0.012825907,0.962395892,0.007651814
1581249642.8234124,000000000301,e78f135624ce,-73,6.632480905,8.532415534,1.794246603,0.015,0.013389644,-0.999805178,-0.735042059,-0.014779288,-0.01397411,-0.014779288,0.735042059,0.011779288
1581249643.2744174,000000000301,e78f135624ce,-77,6.549790625,8.583788802,1.822368229,0.000289714,0.008657943,-1.0,0.009564844,0.000368229,-0.007026172,0.000368229,-0.009564844,0.001315885
1581249643.7303996,000000000301,e78f135624ce,-77,6.445415265,8.627817385,1.853817385,-0.009091307,0.010045654,-1.0,0.684749822,0.013908693,-0.011136961,0.012908693,-0.684749822,-0.006954346
1581249644.1914198,000000000301,e78f135624ce,-71,6.276315056,8.683,1.864786954,-0.021296322,0.012379598,-0.999,0.901305346,0.01767592,-0.021296322,0.01767592,-0.901305346,-0.011379598
1581249644.6523995,000000000301,e78f135624ce,-77,6.164742629,8.63357483,1.885013983,0.000411187,0.017205593,-0.999397203,0.968972034,0.017602797,0.000411187,0.017602797,-0.968972034,-0.016205593
1581249645.5594285,000000000301,e78f135624ce,-68,5.804926064,8.656396601,1.867698301,-0.003698301,0.00901898,-0.99966034,0.893111896,0.01366034,-0.004698301,0.01366034,-0.893111896,-0.00701898
1581249646.0133832,000000000301,e78f135624ce,-76,5.6193962,8.677483492,1.886,-0.009516508,0.01,-1.0,0.79050475,0.015483492,-0.005,0.015483492,-0.79050475,-0.011
1581249646.4693806,000000000301,e78f135624ce,-74,5.465466759,8.668253836,1.878248721,-0.004626918,0.007124361,-1.0,0.933139703,0.016875639,-0.003502557,0.016875639,-0.933139703,-0.008
1581249646.9213789,000000000301,e78f135624ce,-73,5.267183916,8.691477803,1.870496829,-0.019484145,0.005993658,-1.0,0.977980974,0.017,-0.018484145,0.017,-0.978477803,-0.006496829
1581249647.3743114,000000000301,e78f135624ce,-75,5.086452745,8.71746091,1.858404317,-0.022730455,0.01146091,-1.0,0.546927077,0.007865228,-0.011269545,0.007865228,-0.547792305,-0.004
1581249647.8343692,000000000301,e78f135624ce,-82,4.896650383,8.732747395,1.859,-0.020560546,0.004560546,-0.999813151,0.160169254,0.003373698,-0.005373698,0.003373698,-0.160169254,-0.002
1581249648.2884262,000000000301,e78f135624ce,-71,4.6946248,8.636442338,1.861860585,0.006709123,0.013,-0.999,0.061576616,0.004569708,-0.004418246,0.004569708,-0.061576616,-0.005
1581249648.7423427,000000000301,e78f135624ce,-71,4.51294663,8.622352315,1.868259789,0.00613879,0.010046263,-0.999,0.046854104,0.003814947,0.00186121,0.003814947,-0.046854104,-0.005814947
1581249649.198403,000000000301,e78f135624ce,-82,4.38085882,8.571134116,1.862885882,0.030932942,0.013590588,-0.999,0.559887078,0.012114118,0.026637648,0.012409412,-0.560887078,-0.009295294
1581249649.6523697,000000000301,e78f135624ce,-73,4.229119134,8.592908473,1.852948184,0.004195158,0.009649395,-0.999,-0.175248883,0.000597579,0.03229879,0.000597579,0.175248883,-0.00029879
1581249650.114329,000000000301,e78f135624ce,-80,4.028694845,8.61911597,1.84688403,-0.001710074,0.008,-1.0,-0.745058963,-0.00811597,0.012594104,-0.008057985,0.745058963,0.005057985
1581249651.4753346,000000000301,e78f135624ce,-77,3.421318211,8.589793141,1.833559366,0.028911873,0.005176254,-0.999,-0.99073562,-0.011088127,-0.028911873,-0.011088127,0.99173562,0.005088127
1581249651.928376,000000000301,e78f135624ce,-72,3.241467355,8.576,1.839651959,0.019348041,0.003,-1.0,-0.996550653,-0.011898694,-0.019348041,-0.011898694,0.997550653,0.003
1581249652.3893387,000000000301,e78f135624ce,-78,3.056732027,8.562499266,1.837499266,0.007998533,0.004250367,-1.0,-0.999,-0.012,-0.007998533,-0.012,0.999,0.004250367
1581249652.845343,000000000301,e78f135624ce,-88,2.874960764,8.558523003,1.836,-0.003523003,0.004190799,-1.0,-1.0,-0.011904601,0.003523003,-0.011904601,1.0,0.004190799
1581249653.7483275,000000000301,e78f135624ce,-74,2.531315617,8.559902231,1.826027934,-0.012958099,0.006986033,-1.0,-1.0,-0.015,0.012958099,-0.015,1.0,0.007972066
1581249654.2033195,000000000301,e78f135624ce,-74,2.352904529,8.544621022,1.828,-0.006310511,0.005689489,-1.0,-1.0,-0.012931533,0.006310511,-0.012931533,1.0,0.005689489
1581249654.65634,000000000301,e78f135624ce,-75,2.174719671,8.53764608,1.834,-0.002,0.00235392,-1.0,-1.0,-0.01364608,0.00164608,-0.01364608,1.0,0.00235392
1581249655.1153796,000000000301,e78f135624ce,-78,1.999300743,8.541245387,1.841938653,-0.00318404,0.0,-1.0,-1.0,-0.013,0.00318404,-0.013,1.0,0.0
1581249655.5743153,000000000301,e78f135624ce,-84,1.828056934,8.546704766,1.841704766,-0.009409532,0.001,-1.0,-1.0,-0.013,0.009409532,-0.013,1.0,0.001
1581249656.0303051,000000000301,e78f135624ce,-69,1.657203725,8.535437386,1.841781307,-0.014132713,-0.000390654,-1.0,-1.0,-0.015304673,0.014132713,-0.015304673,1.0,-0.000390654
1581249656.490374,000000000301,e78f135624ce,-77,1.489245961,8.53722918,1.839862492,-0.023,0.002045836,-1.0,-1.0,-0.013,0.023,-0.013,1.0,0.002045836
1581249656.9473147,000000000301,e78f135624ce,-77,1.319126426,8.536238826,1.84,-0.026619413,0.002,-1.0,-0.999380587,-0.015,0.026619413,-0.014619413,1.0,0.002
1581249657.3973134,000000000301,e78f135624ce,-74,1.16273022,8.511591278,1.853295639,-0.016295639,-0.003530426,-1.0,-1.0,-0.016,0.016295639,-0.016,1.0,-0.003530426
1581249657.851316,000000000301,e78f135624ce,-72,0.997545226,8.503128959,1.852742083,-0.011,-0.003871041,-1.0,-1.0,-0.016,0.011,-0.016,1.0,-0.003871041
1581249658.3054087,000000000301,e78f135624ce,-83,0.833041421,8.479115196,1.857953922,-0.000534559,-0.00448848,-1.0,-1.0,-0.014976961,0.000534559,-0.014976961,1.0,-0.00448848
1581249658.7633543,000000000301,e78f135624ce,-80,0.649512749,8.486276053,1.846,0.003276053,0.002,-1.0,-1.0,-0.015,-0.003276053,-0.015,1.0,0.002
1581249659.2192805,000000000301,e78f135624ce,-76,0.492253186,8.472116201,1.846846481,0.014153519,0.00257676,-1.0,-1.0,-0.01721162,-0.014153519,-0.01721162,1.0,0.00178838
1581249659.6712968,000000000301,e78f135624ce,-77,0.354002469,8.448065074,1.846,0.024257826,0.003580725,-0.999580725,-0.999580725,-0.015,-0.024257826,-0.015,1.0,0.003
1581249660.1262856,000000000301,e78f135624ce,-77,0.272827145,8.448,1.859167551,0.02605585,0.00094415,-0.99994415,-0.999,-0.011,-0.02605585,-0.011,1.0,0.00094415
