1581249601.4125385,000000000402,e78f135624ce,-76,18.031,8.465,1.816,0.062,-0.0,-0.998,0.998,0.017,0.062,0.017,-1.0,0.002
1581249601.868774,000000000402,e78f135624ce,-74,18.029569627,8.465046418,1.821953582,0.061476791,0.002476791,-0.997476791,0.998523209,0.019,0.061476791,0.019,-0.999,4.6418e-05
1581249602.3218439,000000000402,e78f135624ce,-74,18.024115791,8.465231581,1.828273697,0.060884209,0.002463163,-0.998,0.998,0.019115791,0.060884209,0.019115791,-1.0,-0.001347372
1581249602.779757,000000000402,e78f135624ce,-76,18.014576987,8.45612642,1.843549432,0.058675852,0.005,-0.998,0.914330663,0.017450568,0.058675852,0.017450568,-0.916330663,-0.003
1581249603.6897473,000000000402,e78f135624ce,-68,17.928402505,8.444949687,1.827503131,-0.011849061,0.019698121,-0.999,-0.787125892,-0.011949687,0.025050313,-0.011949687,0.787075579,0.018698121
1581249604.1497202,000000000402,e78f135624ce,-75,17.904344884,8.441663779,1.815353547,-0.017327558,0.021655116,-0.999,-0.932939358,-0.014,0.021,-0.014,0.932603137,0.021655116
1581249604.602887,000000000402,e78f135624ce,-75,17.891012233,8.443987767,1.793682977,-0.021658512,0.030658512,-0.999,-0.978975535,-0.014,0.022658512,-0.013670744,0.978304791,0.031329256
1581249605.0544388,000000000402,e78f135624ce,-74,17.883042768,8.447957232,1.783021384,-0.024957232,0.033,-0.999,-0.992957232,-0.014,0.024957232,-0.013,0.992935848,0.033021384
1581249605.966787,000000000402,e78f135624ce,-69,17.878727125,8.446818624,1.862,-0.016545749,-0.012272875,-0.999181781,-0.967636032,-0.017818219,0.017545749,-0.017818219,0.967636032,-0.011454656
1581249606.4187474,000000000402,e78f135624ce,-68,17.878,8.443400625,1.859599375,-0.019200312,-0.002,-0.999,-0.989198751,-0.015200312,0.019400625,-0.015200312,0.989399063,-0.001799688
1581249606.8717177,000000000402,e78f135624ce,-78,17.876,8.459662317,1.854,-0.023929854,0.002,-0.999,-0.89352039,-0.013845024,0.025507341,-0.013845024,0.89452039,0.003
1581249607.3297358,000000000402,e78f135624ce,-82,17.859705531,8.437796596,1.841502127,0.0,0.010298724,-0.999,-0.966896171,-0.014,9.9575e-05,-0.014,0.966896171,0.010298724
1581249607.789748,000000000402,e78f135624ce,-70,17.809605751,8.444676078,1.842549281,0.017422484,0.006450719,-0.999,-0.989098562,-0.014774641,-0.017422484,-0.014774641,0.989323922,0.006450719
1581249608.6981106,000000000402,e78f135624ce,-73,17.640714128,8.432,1.859010995,-0.008054975,0.001,-0.999,-0.998010995,-0.016989005,0.008054975,-0.016989005,0.999,0.001
1581249609.1567624,000000000402,e78f135624ce,-74,17.541005755,8.43038705,1.847847482,-0.023539568,0.009768345,-0.999,-0.999,-0.015,0.023539568,-0.015,0.999,0.010460432
1581249609.6167264,000000000402,e78f135624ce,-73,17.440397058,8.416682353,1.849536471,-0.016463529,0.011768235,-0.999,-0.874545875,-0.014695294,0.020688824,-0.014311176,0.874545875,0.009463529
1581249610.0697916,000000000402,e78f135624ce,-74,17.33135374,8.470138484,1.833161565,-0.020907677,0.019907677,-0.999,-0.418638237,-0.006,0.035,-0.005976919,0.419615156,0.013907677
1581249610.5237162,000000000402,e78f135624ce,-79,17.224127679,8.422384361,1.833205213,-0.003717915,0.01843583,-0.999,-0.71797592,-0.011282085,0.011794787,-0.010641043,0.71797592,0.015076872
1581249611.4317102,000000000402,e78f135624ce,-75,16.984712225,8.461303958,1.822392085,-0.028883993,0.020419965,-0.998,-0.628276077,-0.01,0.050535972,-0.009,0.629276077,0.016419965
1581249611.8917139,000000000402,e78f135624ce,-77,16.865507727,8.422473426,1.832186959,-0.005862796,0.015576329,-0.997423671,-0.551833764,-0.007542028,0.049339616,-0.006542028,0.550681106,0.009542028
1581249612.3416858,000000000402,e78f135624ce,-70,16.751170047,8.376702028,1.841425507,0.017446957,0.015574493,-0.996808502,-0.456572938,-0.007617005,0.050340483,-0.006617005,0.455189942,0.005808502
1581249612.7937071,000000000402,e78f135624ce,-69,16.639540452,8.406114507,1.845807634,0.042230535,0.011192366,-0.997807634,0.331563402,0.005230535,0.055192366,0.005230535,-0.333755768,-0.001615268
1581249613.2466779,000000000402,e78f135624ce,-67,16.522033975,8.458076496,1.84391218,0.045274786,0.008637393,-0.998362607,0.780569444,0.010362607,0.04891218,0.011362607,-0.781569444,-0.005637393
1581249613.7016747,000000000402,e78f135624ce,-74,16.397242569,8.493671085,1.843036546,0.038036546,0.007,-0.999,0.849026509,0.011963454,0.041073092,0.012,-0.850026509,-0.006963454
1581249614.1556535,000000000402,e78f135624ce,-72,16.235532908,8.481113765,1.847904193,0.011095807,0.007365269,-0.997634731,-0.090000092,-0.002904193,0.027461076,-0.001904193,0.090365361,0.000634731
1581249614.6107028,000000000402,e78f135624ce,-78,16.076826501,8.478313655,1.85491888,0.002804417,0.00166787,-0.998372691,-0.196697604,-0.006627309,0.026313655,-0.006568274,0.196011258,-0.001704821
1581249615.0717013,000000000402,e78f135624ce,-80,15.921667224,8.464719416,1.846824635,0.003210438,0.005035073,-0.998,-0.205106891,-0.009964927,0.014754489,-0.010964927,0.204141965,0.005
1581249615.5226812,000000000402,e78f135624ce,-74,15.780044944,8.413381024,1.801019975,0.011811985,0.018396005,-0.998,-0.335242947,-0.011599001,-0.007202996,-0.012,0.334643945,0.019594007
1581249615.978735,000000000402,e78f135624ce,-91,15.634419405,8.674033192,1.837803064,-0.086214809,0.007797957,-0.986598468,-0.532532084,-0.012398979,0.082414298,-0.013199489,0.543734126,0.005797957
1581249616.4329057,000000000402,e78f135624ce,-70,15.524606484,8.606356129,1.93952177,-0.052151917,-0.020734737,-0.987194274,-0.63341221,-0.011682442,0.063640085,-0.016488168,0.640729768,-0.026393516
1581249616.8886857,000000000402,e78f135624ce,-78,15.399144968,8.367098834,1.935286652,0.020761123,-0.011571663,-0.993476112,-0.82114825,-0.017523888,-0.012428337,-0.019523888,0.825672138,-0.013619438
1581249617.3409028,000000000402,e78f135624ce,-80,15.259200684,8.440503307,1.970891448,-0.033588826,-0.022782896,-0.989217104,-0.899881642,-0.017782896,0.038588826,-0.022674344,0.907664538,-0.021782896
1581249617.8017828,000000000402,e78f135624ce,-73,15.088504113,8.347752879,1.987210047,0.007831962,-0.017084019,-0.994791598,-0.863413514,-0.017791598,-0.002415159,-0.019791598,0.866413514,-0.019292421
1581249618.2536783,000000000402,e78f135624ce,-70,14.926808025,8.251735087,1.91817218,0.022920553,0.003437093,-0.997390727,-0.955079447,-0.016390727,-0.02131128,-0.018,0.956079447,0.002437093
1581249618.7096584,000000000402,e78f135624ce,-71,14.775044258,8.252023894,1.849713278,0.013928319,0.018023894,-0.998,-0.985095574,-0.017,-0.013928319,-0.018,0.986071681,0.017047787
1581249619.1616488,000000000402,e78f135624ce,-66,14.651889961,8.377388996,1.89152751,-0.028,4.1747e-05,-0.994305502,-0.925666024,-0.017305502,0.031347249,-0.018652751,0.929360522,-0.001305502
1581249620.0676842,000000000402,e78f135624ce,-69,14.365883846,8.387227672,1.862468765,-0.03,0.008151781,-0.998,-0.969089312,-0.018,0.029,-0.018,0.969165202,0.008227672
1581249620.5236752,000000000402,e78f135624ce,-68,14.263278974,8.257344785,1.873557368,0.008360513,0.006557368,-0.997442632,-0.896278394,-0.018557368,-0.006360513,-0.018,0.897835761,0.006
1581249620.9776478,000000000402,e78f135624ce,-69,14.121873982,8.187995045,1.87339292,0.022740531,0.007042832,-0.997173805,-0.964738053,-0.018826195,-0.022740531,-0.018826195,0.967564248,0.006869027
1581249621.4376867,000000000402,e78f135624ce,-80,13.961906998,8.328738235,1.828322617,-0.004706085,0.018706085,-0.999,-0.988559128,-0.017146957,0.004706085,-0.017,0.98941217,0.018706085
1581249621.8886805,000000000402,e78f135624ce,-73,13.822433193,8.419997511,1.792667496,-0.016428216,0.023,-0.999,-0.996476072,-0.018476072,0.016428216,-0.018,0.996476072,0.023
1581249622.3456388,000000000402,e78f135624ce,-75,13.667345694,8.470029751,1.766710036,-0.017289964,0.024710036,-0.999,-0.998144982,-0.019,0.017289964,-0.019,0.998144982,0.024710036
1581249622.7976649,000000000402,e78f135624ce,-70,13.509650478,8.49854369,1.765,-0.022514563,0.018242718,-0.999,-0.999,-0.015242718,0.021757282,-0.015242718,0.999,0.018485437
1581249623.25667,000000000402,e78f135624ce,-77,13.372048447,8.529,1.757,-0.022549859,0.017,-0.999362535,-0.999,-0.017362535,0.021912394,-0.017,1.0,0.017637465
1581249623.7086756,000000000402,e78f135624ce,-83,13.210376689,8.527057968,1.762826096,-0.021942032,0.014057968,-0.999,-0.999,-0.014,0.021942032,-0.013942032,1.0,0.014057968
1581249624.1630013,000000000402,e78f135624ce,-74,13.060442222,8.532768426,1.76084213,-0.025231574,0.014847361,-0.999,-0.999,-0.015,0.025231574,-0.014384213,1.0,0.014847361
1581249624.6236527,000000000402,e78f135624ce,-69,12.903267887,8.527987468,1.751322194,-0.024661097,0.017004177,-0.999,-0.999,-0.017334726,0.024661097,-0.016669452,1.0,0.017669452
1581249625.531729,000000000402,e78f135624ce,-73,12.618157255,8.539722756,1.734180689,-0.026,0.021,-0.999,-0.999,-0.019,0.026,-0.018409656,1.0,0.022
1581249625.9896555,000000000402,e78f135624ce,-79,12.524882132,8.562207858,1.758662863,-0.004505706,0.012168569,-0.999,-0.323221875,-0.008960711,0.032415716,-0.008960711,0.323221875,0.011376426
1581249626.4417074,000000000402,e78f135624ce,-71,12.458762564,8.581566642,1.775358339,0.018641661,0.001716679,-0.999,0.57566205,0.002641661,0.030358339,0.003462491,-0.57566205,0.00582083
1581249626.8926554,000000000402,e78f135624ce,-76,12.361678517,8.593140549,1.784859451,0.022429725,-0.000429725,-1.0,0.863048461,0.007429725,0.026,0.007429725,-0.863048461,0.003
1581249627.3476467,000000000402,e78f135624ce,-66,12.237327836,8.590417526,1.796498969,0.01983299,0.000749485,-1.0,0.957002061,0.009,0.021749485,0.009,-0.957002061,0.00016701
1581249628.7126236,000000000402,e78f135624ce,-84,11.82334644,8.576064116,1.817871768,0.026,0.001,-1.0,0.998,0.013967942,0.026967942,0.013967942,-0.998967942,-0.001
1581249629.162639,000000000402,e78f135624ce,-71,11.677662216,8.597084112,1.809833111,0.019833111,-0.006583445,-1.0,0.999,0.012416555,0.019833111,0.012416555,-0.999,0.006583445
1581249629.6156383,000000000402,e78f135624ce,-84,11.533567744,8.586,1.809221901,0.023778099,-0.007221901,-1.0,0.999,0.011221901,0.023778099,0.011221901,-1.0,0.008
1581249630.0706038,000000000402,e78f135624ce,-78,11.389530629,8.57380936,1.811269787,0.025865107,-0.008,-1.0,0.999134893,0.011269787,0.025730213,0.011269787,-1.0,0.008865107
1581249630.5316193,000000000402,e78f135624ce,-78,11.235310123,8.576701176,1.815160941,0.024459765,-0.00591953,-1.0,1.0,0.011540235,0.024459765,0.011540235,-1.0,0.00591953
1581249630.9846284,000000000402,e78f135624ce,-72,11.084054232,8.578405423,1.815,0.024297288,-0.005,-1.0,1.0,0.01,0.024297288,0.01,-1.0,0.005
1581249631.4366412,000000000402,e78f135624ce,-71,10.939276895,8.575231922,1.813768078,0.026768078,-0.006,-1.0,1.0,0.011536155,0.026768078,0.011536155,-1.0,0.006768078
1581249631.8906171,000000000402,e78f135624ce,-69,10.791852186,8.574585953,1.812828093,0.027828093,-0.009,-1.0,0.999585953,0.012414047,0.027414047,0.012,-1.0,0.009
1581249632.3446069,000000000402,e78f135624ce,-67,10.64029452,8.578939878,1.811120244,0.028060122,-0.007879756,-1.0,0.999939878,0.011060122,0.028060122,0.011060122,-1.0,0.007879756
1581249632.3476164,000000000402,e78f135624ce,-76,10.639252751,8.578916728,1.811166544,0.028083272,-0.007833456,-1.0,0.999916728,0.011083272,0.028083272,0.011083272,-1.0,0.007833456
1581249632.804595,000000000402,e78f135624ce,-77,10.527951633,8.557853595,1.822536601,0.02,0.005268301,-0.995731699,0.564828108,0.006731699,0.067024509,0.007731699,-0.566828108,0.003268301
1581249632.8076289,000000000402,e78f135624ce,-79,10.526636952,8.558055854,1.822486037,0.02,0.005243018,-0.995756982,0.568519328,0.006756982,0.066645275,0.007756982,-0.570519328,0.003243018
1581249633.2576144,000000000402,e78f135624ce,-79,10.342429004,8.570120846,1.820439577,0.016879154,0.003719789,-0.999,0.857768881,0.010280211,0.031758308,0.011,-0.85848867,-0.001
1581249634.170618,000000000402,e78f135624ce,-69,9.939074162,8.583802472,1.828395056,0.002,0.007598764,-1.0,-0.191678632,0.003802472,-0.001,0.003802472,0.191678632,0.005598764
1581249634.6316044,000000000402,e78f135624ce,-73,9.704791888,8.577074656,1.818399523,-0.000476564,0.009960286,-0.998679905,-0.255780805,-0.002920573,-0.024962672,-0.003240668,0.256420996,0.009640191
1581249635.0886197,000000000402,e78f135624ce,-77,9.490373028,8.526013062,1.821026124,0.012921628,0.013013062,-0.999,-0.768822901,-0.006986938,-0.020895505,-0.007973876,0.769809839,0.013013062
1581249635.5426066,000000000402,e78f135624ce,-77,9.32347715,8.530598323,1.824803354,-0.006393291,0.013598323,-0.999,-0.924359748,-0.007,0.003991614,-0.007,0.924359748,0.013598323
1581249635.996622,000000000402,e78f135624ce,-82,9.161707053,8.540360563,1.830721126,-0.019180281,0.011459156,-1.0,-0.97526197,-0.003819719,0.018360563,-0.003819719,0.97526197,0.011459156
1581249636.4476018,000000000402,e78f135624ce,-73,8.993007769,8.541042476,1.833625486,-0.018625486,0.008791505,-1.0,-0.992374514,-0.003,0.01841699,-0.002791505,0.992374514,0.008791505
1581249636.9046075,000000000402,e78f135624ce,-73,8.819207644,8.546778968,1.836334226,-0.015555258,0.006110516,-1.0,-0.997444742,-0.004444742,0.015110516,-0.004444742,0.997444742,0.006110516
1581249636.9076557,000000000402,e78f135624ce,-74,8.818058715,8.546872758,1.836404568,-0.015531811,0.006063621,-1.0,-0.997468189,-0.004468189,0.015063621,-0.004468189,0.997468189,0.006063621
1581249637.3636446,000000000402,e78f135624ce,-77,8.647906791,8.551222144,1.834129643,-0.010481429,0.008,-1.0,-0.999,-0.006,0.010481429,-0.006,0.999,0.008
1581249637.8225806,000000000402,e78f135624ce,-78,8.477280683,8.53500877,1.837798246,-0.001403508,0.009798246,-1.0,-1.0,-0.005,0.001403508,-0.005,1.0,0.009798246
1581249638.7335858,000000000402,e78f135624ce,-72,8.143508611,8.522056622,1.837660265,-0.003056622,0.010113245,-1.0,-1.0,-0.005,0.003056622,-0.005,1.0,0.010113245
1581249639.1885931,000000000402,e78f135624ce,-77,7.971810032,8.522469152,1.827881491,-0.00629383,0.012412339,-1.0,-1.0,-0.00529383,0.00629383,-0.00529383,1.0,0.012412339
1581249639.6496062,000000000402,e78f135624ce,-76,7.789280209,8.524781189,1.836812541,-0.00759373,0.007187459,-1.0,-1.0,-0.00640627,0.00759373,-0.00640627,1.0,0.007187459
1581249640.5575838,000000000402,e78f135624ce,-69,7.437682903,8.519406001,1.840693091,-0.002019819,0.003326727,-1.0,-1.0,-0.007326727,0.001693091,-0.007326727,1.0,0.003326727
1581249641.0145783,000000000402,e78f135624ce,-75,7.281514893,8.539629787,1.833148936,-0.007685106,0.006740425,-1.0,-1.0,-0.009,0.007685106,-0.009,1.0,0.006740425
1581249641.464566,000000000402,e78f135624ce,-82,7.113419858,8.534,1.83490596,-0.00209404,0.006,-1.0,-1.0,-0.01,0.00209404,-0.01,1.0,0.00609404
1581249641.4675653,000000000402,e78f135624ce,-78,7.112335495,8.534,1.834929032,-0.002070968,0.006,-1.0,-1.0,-0.01,0.002070968,-0.01,1.0,0.006070968
1581249641.917582,000000000402,e78f135624ce,-78,6.94231726,8.519722729,1.82318818,0.008,0.008089091,-1.0,-1.0,-0.009455454,-0.008,-0.01,1.0,0.008089091
1581249642.3685923,000000000402,e78f135624ce,-83,6.779633547,8.545347823,1.818335403,0.005496895,0.007664597,-1.0,-0.963776444,-0.012832298,-0.006,-0.012832298,0.963776444,0.007664597
1581249642.8235877,000000000402,e78f135624ce,-84,6.632447317,8.532419915,1.794259745,0.015,0.013386723,-0.999806638,-0.734771901,-0.014773447,-0.013966808,-0.014773447,0.734771901,0.011773447
1581249643.2745945,000000000402,e78f135624ce,-76,6.549751975,8.583811348,1.822374671,0.000281661,0.008656332,-1.0,0.010038305,0.000374671,-0.007031003,0.000374671,-0.010038305,0.001312665
1581249643.7325532,000000000402,e78f135624ce,-74,6.444938389,8.627878918,1.853878918,-0.009060541,0.010030271,-1.0,0.686518878,0.013939459,-0.011090812,0.012939459,-0.686518878,-0.006969729
1581249644.1905472,000000000402,e78f135624ce,-78,6.276551908,8.683,1.864705926,-0.021321253,0.012348433,-0.999,0.901099659,0.017669687,-0.021321253,0.017669687,-0.901099659,-0.011348433
1581249644.6525702,000000000402,e78f135624ce,-74,6.164680443,8.633585804,1.885007887,0.000406309,0.017203155,-0.999398423,0.968984227,0.017601577,0.000406309,0.017601577,-0.968984227,-0.016203155
1581249645.1095438,000000000402,e78f135624ce,-70,5.970629627,8.649908909,1.879,-0.002091091,0.019817818,-0.999,0.674198204,0.010091091,-0.003091091,0.010091091,-0.674198204,-0.013908909
1581249645.5625854,000000000402,e78f135624ce,-72,5.8037494,8.65610961,1.867554805,-0.003554805,0.008932883,-0.999689039,0.894116366,0.013689039,-0.004554805,0.013689039,-0.894116366,-0.006932883
1581249646.4685428,000000000402,e78f135624ce,-75,5.465777942,8.66821793,1.87826069,-0.004608965,0.007130345,-1.0,0.933002064,0.016869655,-0.00347862,0.016869655,-0.933002064,-0.008
1581249646.9205225,000000000402,e78f135624ce,-80,5.267566002,8.691431689,1.870490241,-0.019451207,0.005980483,-1.0,0.977941448,0.017,-0.018451207,0.017,-0.978431689,-0.006490241
1581249647.3745363,000000000402,e78f135624ce,-76,5.086355896,8.717453993,1.858409506,-0.022726996,0.011453993,-1.0,0.54675932,0.007863498,-0.011273004,0.007863498,-0.547622818,-0.004
1581249648.291542,000000000402,e78f135624ce,-85,4.693274579,8.636650065,1.861912516,0.006631226,0.013,-0.999,0.059499352,0.004543742,-0.004262451,0.004543742,-0.059499352,-0.005
1581249649.1975431,000000000402,e78f135624ce,-76,4.38105722,8.571226703,1.862905722,0.030886649,0.013603815,-0.999,0.558921527,0.012094278,0.026584741,0.012396185,-0.559921527,-0.009301907
1581249649.6525571,000000000402,e78f135624ce,-81,4.229045617,8.592928654,1.85294386,0.004183626,0.009647953,-0.999,-0.175603496,0.000591813,0.032295907,0.000591813,0.175603496,-0.000295907
1581249650.113539,000000000402,e78f135624ce,-79,4.029041281,8.619103815,1.846896185,-0.001740463,0.008,-1.0,-0.744633514,-0.008103815,0.012636649,-0.008051907,0.744633514,0.005051907
1581249650.568541,000000000402,e78f135624ce,-74,3.813443753,8.64131875,1.85045,0.01040625,0.00631875,-1.0,-0.917393749,-0.013,-0.0070875,-0.013,0.917393749,0.00531875
1581249651.0195246,000000000402,e78f135624ce,-74,3.601361053,8.615999432,1.818091116,0.025091116,0.011454442,-0.999,-0.973182231,-0.013727221,-0.024363895,-0.014,0.973182231,0.010727221
1581249651.928535,000000000402,e78f135624ce,-81,3.241406192,8.576,1.839655629,0.019344371,0.003,-1.0,-0.996551876,-0.011896248,-0.019344371,-0.011896248,0.997551876,0.003
1581249652.388525,000000000402,e78f135624ce,-75,3.057038737,8.562511785,1.837511785,0.00802357,0.004244107,-1.0,-0.999,-0.012,-0.00802357,-0.012,0.999,0.004244107
1581249652.845546,000000000402,e78f135624ce,-79,2.874872843,8.558531457,1.836,-0.003531457,0.004187417,-1.0,-1.0,-0.011906291,0.003531457,-0.011906291,1.0,0.004187417
1581249653.750511,000000000402,e78f135624ce,-72,2.530342994,8.559763285,1.826067633,-0.012898551,0.006966184,-1.0,-1.0,-0.015,0.012898551,-0.015,1.0,0.007932367
1581249654.6575267,000000000402,e78f135624ce,-78,2.174329707,8.537637602,1.834,-0.002,0.002362398,-1.0,-1.0,-0.013637602,0.001637602,-0.013637602,1.0,0.002362398
1581249655.1155927,000000000402,e78f135624ce,-74,1.999233754,8.541251477,1.841937131,-0.003188608,0.0,-1.0,-1.0,-0.013,0.003188608,-0.013,1.0,0.0
1581249656.032534,000000000402,e78f135624ce,-74,1.656352751,8.535599476,1.841700262,-0.014274541,-0.000350131,-1.0,-1.0,-0.015324934,0.014274541,-0.015324934,1.0,-0.000350131
1581249656.4905124,000000000402,e78f135624ce,-74,1.489197562,8.537224241,1.839865455,-0.023,0.002044848,-1.0,-1.0,-0.013,0.023,-0.013,1.0,0.002044848
1581249656.9475167,000000000402,e78f135624ce,-75,1.319056523,8.536241932,1.84,-0.026620966,0.002,-1.0,-0.999379034,-0.015,0.026620966,-0.014620966,1.0,0.002
1581249657.3975475,000000000402,e78f135624ce,-74,1.162643774,8.511580472,1.853290236,-0.016290236,-0.003526824,-1.0,-1.0,-0.016,0.016290236,-0.016,1.0,-0.003526824
1581249657.851619,000000000402,e78f135624ce,-71,0.99743664,8.503126433,1.852747133,-0.011,-0.003873567,-1.0,-1.0,-0.016,0.011,-0.016,1.0,-0.003873567
1581249659.2175174,000000000402,e78f135624ce,-78,0.492782117,8.472251825,1.84690073,0.01409927,0.002549635,-1.0,-1.0,-0.017225182,-0.01409927,-0.017225182,1.0,0.001774818
1581249659.6705656,000000000402,e78f135624ce,-81,0.354176839,8.448104447,1.846,0.024240951,0.00358635,-0.99958635,-0.99958635,-0.015,-0.024240951,-0.015,1.0,0.003
1581249660.127579,000000000402,e78f135624ce,-76,0.27266737,8.448,1.859190376,0.026063459,0.000936541,-0.999936541,-0.999,-0.011,-0.026063459,-0.011,1.0,0.000936541
