1581250709.5583005,000000000102,e78f135624ce,-84,17.973806544,4.354850818,1.743,0.008298364,-0.013149182,-0.999149182,1.0,0.021850818,0.007447546,0.021,-0.999,0.014
1581250710.015288,000000000102,e78f135624ce,-74,17.961440139,4.302680739,1.760559861,0.01,-0.007,-1.001,0.999,0.014960092,0.01,0.014960092,-1.001,0.005
1581250710.4704053,000000000102,e78f135624ce,-73,17.957951788,4.246777086,1.76887351,0.012650596,-0.007825298,-1.0,0.999,0.013825298,0.012650596,0.013825298,-1.0,0.007
1581250710.9222836,000000000102,e78f135624ce,-75,17.947211754,4.215117536,1.790305971,0.011788246,-0.002635261,-1.0,1.0,0.012788246,0.011788246,0.012788246,-1.0,0.002423507
1581250711.3763094,000000000102,e78f135624ce,-75,17.944297904,4.188244761,1.810457335,0.013,0.001351048,-1.0,1.0,0.015,0.013,0.015,-1.0,-0.001351048
1581250711.8332691,000000000102,e78f135624ce,-76,17.940031607,4.17312643,1.825905178,0.013,0.003968393,-1.0,1.0,0.015,0.013,0.015,-1.0,-0.003
1581250712.2912896,000000000102,e78f135624ce,-72,17.938,4.161662922,1.836337078,0.013,0.005,-1.0,1.0,0.015,0.013,0.015,-1.0,-0.004331461
1581250712.741808,000000000102,e78f135624ce,-72,17.935315099,4.159369802,1.838315099,0.012,0.003,-1.0,1.0,0.015,0.012,0.015,-1.0,-0.003
1581250713.1952682,000000000102,e78f135624ce,-74,17.937911785,4.154044107,1.829044107,0.013955893,-0.000977946,-1.0,1.0,0.014,0.013955893,0.014,-1.0,0.000977946
1581250713.6482518,000000000102,e78f135624ce,-74,17.922348427,4.160449476,1.833898952,0.015101048,0.002,-1.0,1.0,0.014550524,0.015101048,0.014550524,-1.0,-0.001449476
1581250714.1013,000000000102,e78f135624ce,-80,17.888144657,4.180865827,1.837,0.03012369,0.00287631,-0.999,0.999,0.013,0.03012369,0.013,-1.0,-0.002
1581250714.5513783,000000000102,e78f135624ce,-72,17.823307706,4.181676118,1.832558706,0.037161941,-0.000720647,-0.999,0.999,0.014,0.037161941,0.014,-1.0,0.000720647
1581250715.460296,000000000102,e78f135624ce,-81,17.638339528,4.169899928,1.839040029,0.058040029,0.002020014,-0.998,0.998,0.012020014,0.058060043,0.012020014,-1.0,-0.001020014
1581250715.9113324,000000000102,e78f135624ce,-86,17.51897678,4.166,1.845227305,0.059,0.002613652,-0.998,0.998,0.012,0.059,0.012,-1.0,-0.002
1581250716.3722436,000000000102,e78f135624ce,-74,17.401786798,4.160712087,1.842560437,0.062,0.002136262,-0.998,0.998,0.015287913,0.062,0.015287913,-1.0,-0.001136262
1581250716.829262,000000000102,e78f135624ce,-73,17.28420533,4.160870275,1.843,0.057259451,0.001,-0.998,0.998,0.015,0.057259451,0.015,-1.0,-0.0
1581250717.2852674,000000000102,e78f135624ce,-83,17.147728031,4.159,1.840806566,0.049209849,0.002,-0.999,0.999,0.016,0.049209849,0.016,-1.0,-0.001
1581250717.7433405,000000000102,e78f135624ce,-76,17.007854484,4.151,1.838274203,0.044725797,0.003548406,-0.999,0.999,0.015,0.044725797,0.015,-1.0,-0.003548406
1581250718.1982534,000000000102,e78f135624ce,-80,16.871989545,4.147,1.835921328,0.045,0.005921328,-0.999,0.999,0.015,0.045,0.015,-1.0,-0.004921328
1581250719.106369,000000000102,e78f135624ce,-76,16.605553163,4.147688752,1.837,0.05577812,0.007,-0.998,0.998,0.016155624,0.05577812,0.016155624,-1.0,-0.006
1581250720.013342,000000000102,e78f135624ce,-67,16.35230208,4.154,1.834,0.07457194,0.00157194,-0.997,0.997,0.01657194,0.07457194,0.01657194,-1.0,-0.00057194
1581250720.4642875,000000000102,e78f135624ce,-78,16.232174119,4.148847843,1.831050719,0.067847843,-0.001,-0.998,0.997050719,0.017,0.067847843,0.017,-1.0,0.002
1581250720.9252727,000000000102,e78f135624ce,-74,16.103456236,4.140621069,1.831540356,0.050540356,-0.001729822,-0.999,0.998,0.017729822,0.050540356,0.017729822,-1.0,0.002729822
1581250721.3772426,000000000102,e78f135624ce,-83,15.978866847,4.140343111,1.833537244,0.028582401,-0.000731378,-0.999268622,0.999,0.017731378,0.028582401,0.017731378,-1.0,0.001731378
1581250721.837247,000000000102,e78f135624ce,-71,15.856537191,4.15377613,1.839701507,0.001373116,0.002850753,-1.0,1.0,0.017074623,0.001373116,0.017074623,-1.0,-0.002850753
1581250722.2872522,000000000102,e78f135624ce,-71,15.728110481,4.166704816,1.837,-0.005863456,0.004,-1.0,0.908479887,0.018568272,-0.001,0.018568272,-0.908479887,-0.002568272
1581250722.7383468,000000000102,e78f135624ce,-79,15.570804178,4.153905259,1.814437896,-0.030745245,0.016124207,-0.999,-0.177995531,0.013437896,0.034094741,0.014437896,0.178995531,0.013124207
1581250723.189741,000000000102,e78f135624ce,-71,15.420691638,4.138326421,1.821673579,0.032204683,0.007163211,-0.998,0.621619401,0.017163211,0.052510368,0.018,-0.622619401,0.003326421
1581250723.6412938,000000000102,e78f135624ce,-75,15.275145583,4.134792721,1.82439636,0.056189081,0.004,-0.998,0.874665336,0.01860364,0.063,0.01860364,-0.876665336,0.00060364
1581250724.09437,000000000102,e78f135624ce,-76,15.132926046,4.132023745,1.826976255,0.062976255,0.004,-0.998,0.958643828,0.019,0.065,0.019,-0.960643828,-0.001976255
1581250725.0032408,000000000102,e78f135624ce,-76,14.849695356,4.103726563,1.787273437,-0.006812508,0.018906254,-0.999,-0.429961116,0.01082031,0.038093746,0.011546873,0.429687679,0.01917969
1581250725.4556627,000000000102,e78f135624ce,-80,14.691612009,4.099,1.781899739,0.001,0.016100261,-0.998,-0.276707049,0.015,0.053298173,0.015,0.276707049,0.017200522
1581250725.9102345,000000000102,e78f135624ce,-72,14.538068537,4.107042339,1.768,-0.046211696,0.02247883,-0.99747883,-0.75560889,0.00847883,0.065084678,0.009957661,0.757130059,0.02247883
1581250726.3672137,000000000102,e78f135624ce,-71,14.373842818,4.125650653,1.755837337,-0.07548799,0.024837337,-0.996,-0.920415928,0.007,0.082,0.009,0.922578591,0.024674674
1581250727.277216,000000000102,e78f135624ce,-81,14.066974884,4.150168558,1.737337116,-0.073337116,0.027373581,-0.99645786,-0.989373581,0.007,0.074337116,0.009,0.991915721,0.026373581
1581250727.7322197,000000000102,e78f135624ce,-83,13.936530573,4.141446943,1.739888264,-0.047664793,0.025,-0.998,-0.996111736,0.004,0.047664793,0.005,0.997111736,0.024111736
1581250728.1932054,000000000102,e78f135624ce,-74,13.769387339,4.190551129,1.730408145,-0.053795927,0.027,-0.998,-0.997795927,0.005795927,0.053795927,0.007,0.999,0.026204073
1581250728.1961918,000000000102,e78f135624ce,-84,13.768242539,4.190849772,1.730358371,-0.053820814,0.027,-0.998,-0.997820814,0.005820814,0.053820814,0.007,0.999,0.026179186
1581250728.652209,000000000102,e78f135624ce,-74,13.635008392,4.186457089,1.742542911,-0.044637127,0.019728544,-0.998454291,-0.998454291,0.002454291,0.044637127,0.003,0.999454291,0.018728544
1581250729.556212,000000000102,e78f135624ce,-73,13.352082839,4.193447251,1.747085438,-0.068319094,0.019957281,-0.997,-0.923462113,0.003361813,0.071723625,0.004680906,0.926462113,0.019638187
1581250730.01023,000000000102,e78f135624ce,-72,13.251820003,4.152400801,1.780834396,-0.014110402,0.0166544,-0.998,-0.168116046,0.0099816,0.0533456,0.0109816,0.168788846,0.007728001
1581250730.4682176,000000000102,e78f135624ce,-74,13.14585904,4.127991945,1.803995973,0.012987918,0.012,-0.999,0.390794601,0.015,0.037971808,0.015004027,-0.391790573,0.003004027
1581250730.9202209,000000000102,e78f135624ce,-73,13.007780516,4.114747324,1.811978052,0.01,0.014,-0.999,0.311275702,0.01539561,0.022791221,0.015791221,-0.311671312,0.002417559
1581250731.3823068,000000000102,e78f135624ce,-72,12.883182455,4.158475034,1.822447503,-0.004118759,0.009776248,-0.999,0.623165185,0.017447503,0.006209986,0.017447503,-0.623165185,-0.001223752
1581250731.833739,000000000102,e78f135624ce,-75,12.700582036,4.145802246,1.767251048,-0.006973353,0.022486677,-0.999,-0.120596109,0.017828892,0.004315569,0.017828892,0.120425001,0.018973353
1581250732.288317,000000000102,e78f135624ce,-78,12.535724158,4.473317589,1.811919917,-0.095902121,0.005522245,-0.969044491,-0.107685155,0.015486653,0.058459958,0.009,0.124658461,0.003531143
1581250732.74929,000000000102,e78f135624ce,-78,12.38755239,4.334778075,1.788322945,-0.027291778,-0.000677055,-0.99045137,0.459981199,0.012225685,0.025322945,0.010225685,-0.454432569,0.012
1581250733.2022038,000000000102,e78f135624ce,-75,12.249492018,4.254253136,1.795859179,0.004155074,-0.002,-0.996859179,0.827550741,0.015859179,0.021,0.014859179,-0.82640992,0.006140821
1581250733.6531935,000000000102,e78f135624ce,-77,12.101213883,4.220863694,1.801068153,0.017240892,-0.002172739,-0.999,0.943031721,0.016413631,0.023,0.016413631,-0.943031721,0.003172739
1581250733.6561663,000000000102,e78f135624ce,-68,12.100051772,4.220593435,1.801203282,0.017321969,-0.002118687,-0.999,0.94349116,0.016440656,0.023,0.016440656,-0.94349116,0.003118687
1581250734.1112857,000000000102,e78f135624ce,-69,11.940367481,4.204738797,1.809097951,0.019065301,3.265e-05,-0.999,0.982130601,0.01696735,0.020065301,0.01696735,-0.982163252,0.00096735
1581250735.0161958,000000000102,e78f135624ce,-77,11.591191652,4.181630664,1.814111499,0.011703833,-0.004592334,-1.0,0.998,0.011,0.012,0.011,-0.998,0.004592334
1581250735.4702005,000000000102,e78f135624ce,-73,11.413934955,4.163437121,1.814937554,0.008937554,-0.005,-1.0,0.999,0.012937554,0.008937554,0.012937554,-0.999,0.005
1581250735.931206,000000000102,e78f135624ce,-76,11.248270832,4.153549603,1.812162202,0.01,-0.004774802,-1.0,0.801517846,0.012612599,0.006937004,0.012612599,-0.801517846,0.007225198
1581250736.381184,000000000102,e78f135624ce,-85,11.09179976,4.15919575,1.822782999,0.001,0.00319575,-1.0,0.547251723,0.0153915,-0.00180425,0.0153915,-0.547251723,0.002412751
1581250736.8402085,000000000102,e78f135624ce,-77,10.914187213,4.157,1.834865495,-0.005596486,0.006134505,-1.0,0.548613762,0.016596486,-0.003461981,0.016596486,-0.548613762,-0.002730991
1581250737.7512016,000000000102,e78f135624ce,-78,10.565405245,4.155,1.835638345,-0.00827669,0.007638345,-1.0,0.315080534,0.015361655,0.003,0.015361655,-0.315080534,-0.001
1581250738.2052147,000000000102,e78f135624ce,-75,10.403055089,4.148561983,1.841438017,0.005688706,0.010625345,-1.0,0.59677413,0.016812672,0.014438017,0.016812672,-0.59677413,-0.005625345
1581250738.6661887,000000000102,e78f135624ce,-76,10.224577061,4.158949821,1.83502509,-0.030412186,0.012487455,-0.999,-0.451354839,0.00402509,0.037949821,0.004512545,0.452354839,0.006462366
1581250739.5771744,000000000102,e78f135624ce,-69,9.922034044,4.160173835,1.838704301,0.006887098,0.009939068,-0.999234767,0.604541235,0.014765233,0.025530466,0.014765233,-0.604541235,-0.004469534
1581250740.0281842,000000000102,e78f135624ce,-74,9.757134274,4.149611615,1.828223229,0.023388385,0.001,-0.999388385,0.872758644,0.019,0.029611615,0.019,-0.873758644,0.001
1581250740.4853127,000000000102,e78f135624ce,-87,9.588304167,4.136,1.821,0.030941395,-0.002,-0.999,0.959644656,0.02,0.032941395,0.02,-0.960644656,0.003
1581250740.9421742,000000000102,e78f135624ce,-69,9.424023953,4.135,1.820295999,0.025183996,-0.000295999,-1.0,0.910783889,0.018295999,0.027591998,0.018295999,-0.910783889,0.002
1581250741.3992925,000000000102,e78f135624ce,-73,9.26778614,4.131287258,1.814563711,0.009850969,0.003574516,-1.0,0.339613265,0.014,0.021287258,0.014,-0.340326007,0.007861773
1581250741.8492901,000000000102,e78f135624ce,-74,9.097178483,4.140737086,1.804,-0.005131457,0.008262914,-0.999,-0.036910939,0.011,0.027,0.011868543,0.036910939,0.012262914
1581250742.3052022,000000000102,e78f135624ce,-73,8.922979406,4.141339111,1.803,-0.004231852,0.00644637,-0.999,-0.113190663,0.010107259,0.032107259,0.01055363,0.113637034,0.011892741
1581250742.7661695,000000000102,e78f135624ce,-71,8.742808405,4.144274825,1.796,-0.015648949,0.01154965,-0.999,-0.445521632,0.00745035,0.038,0.008175525,0.445521632,0.015274825
1581250743.218162,000000000102,e78f135624ce,-87,8.553592683,4.162740037,1.799086654,-0.036653382,0.012913346,-0.999,-0.823627427,0.002086654,0.043826691,0.002086654,0.824540773,0.013913346
1581250743.6761675,000000000102,e78f135624ce,-75,8.359826451,4.174126306,1.799531576,-0.047594729,0.013468424,-0.999,-0.942568375,-0.000531576,0.050063153,0.0,0.943568375,0.014
1581250744.1311648,000000000102,e78f135624ce,-75,8.166876972,4.185612303,1.801122461,-0.053244921,0.012,-0.998,-0.980612303,-0.0,0.054122461,0.0,0.981612303,0.012877539
1581250745.489187,000000000102,e78f135624ce,-72,7.592368356,4.196965547,1.788022969,-0.043,0.011977031,-0.999,-0.998011484,0.003,0.043,0.003011484,0.999,0.011977031
1581250745.945185,000000000102,e78f135624ce,-83,7.40735789,4.195062728,1.792479699,-0.049645757,0.009937272,-0.999,-0.998645757,0.001354243,0.049645757,0.001708485,1.0,0.009937272
1581250746.4019434,000000000102,e78f135624ce,-77,7.24315862,4.182997878,1.784427056,-0.040997878,0.011,-0.998,-0.799553847,0.001,0.052856233,0.001714589,0.800553847,0.013429178
1581250746.8552191,000000000102,e78f135624ce,-72,7.082661732,4.181136346,1.780808077,-0.039232308,0.008904038,-0.998,-0.696732113,0.005,0.055808077,0.005,0.697636152,0.013095962
1581250747.3142233,000000000102,e78f135624ce,-69,6.909516788,4.185233942,1.776532117,-0.035524453,0.013766058,-0.998588686,-0.646877372,0.005766058,0.048645255,0.006177372,0.647288686,0.014233942
1581250747.7691634,000000000102,e78f135624ce,-78,6.829948208,4.187210358,1.772031713,-0.010031713,0.010789642,-0.999,0.267319195,0.017242072,0.02354757,0.017242072,-0.267319195,0.009
1581250748.222137,000000000102,e78f135624ce,-88,6.71066712,4.219037138,1.774222147,-0.009907495,0.008129642,-0.999,0.645924366,0.018740716,0.01,0.018870358,-0.645794723,0.004388927
1581250748.6781313,000000000102,e78f135624ce,-69,6.577832384,4.218970849,1.758489068,-0.006474493,0.003489068,-0.999,0.605948192,0.018503644,-0.008474493,0.018503644,-0.605948192,0.010496356
1581250749.1391578,000000000102,e78f135624ce,-70,6.352081124,4.269935003,1.76,-0.029682957,0.002073183,-0.998,0.295356994,0.015105681,0.024040684,0.015284545,-0.294178131,0.010715455
1581250750.0461469,000000000102,e78f135624ce,-72,5.905820335,4.183201453,1.762294916,-0.012100726,0.011651089,-0.998449637,-0.208795391,0.006899274,0.015449637,0.006899274,0.209345754,0.013302179
1581250750.5011396,000000000102,e78f135624ce,-70,5.679484053,4.157310283,1.748793145,-0.016413711,0.017793145,-0.999,-0.376412519,0.000896572,0.010103428,0.001896572,0.376412519,0.018103428
1581250750.9521449,000000000102,e78f135624ce,-85,5.462293382,4.123998569,1.751407513,-0.012369947,0.014296243,-0.999,-0.503520214,0.001,0.00788873,0.001296243,0.503520214,0.016
1581250751.4121237,000000000102,e78f135624ce,-67,5.279045133,4.139885917,1.782061011,-0.015251985,0.004122023,-0.999,-0.130772262,0.005251985,0.00049603,0.005251985,0.130459266,0.007625992
1581250751.8701265,000000000102,e78f135624ce,-66,5.11448651,4.160567564,1.801567564,-0.012891891,0.002,-1.0,0.181783707,0.008,-0.008891891,0.008,-0.181783707,0.003108109
1581250752.7751539,000000000102,e78f135624ce,-79,4.765424203,4.215872991,1.81080271,-0.022,-0.00346486,-1.0,0.669686735,0.01326757,-0.01626757,0.014,-0.669686735,0.00446486
1581250753.2361445,000000000102,e78f135624ce,-63,4.564957863,4.220140862,1.808943655,-0.021971828,-0.002042259,-1.0,0.366071281,0.012070431,-0.007154948,0.012070431,-0.366071281,0.005985914
1581250753.6951165,000000000102,e78f135624ce,-63,4.333998253,4.19270948,1.815,-0.016161206,0.005225863,-1.0,-0.559036259,0.004,0.007387069,0.004,0.559036259,0.007612931
1581250754.14612,000000000102,e78f135624ce,-69,4.120614459,4.175497474,1.819167509,-0.007832491,0.009167509,-1.0,-0.856867857,-0.002,0.005,-0.002,0.856867857,0.01
1581250754.5970955,000000000102,e78f135624ce,-74,3.918004071,4.159647618,1.813941496,5.8504e-05,0.014529252,-1.0,-0.953469391,-0.000235374,-0.001058504,-0.000235374,0.953469391,0.014529252
1581250755.5052345,000000000102,e78f135624ce,-65,3.54404182,4.142058004,1.794941996,-0.012232014,0.019,-1.0,-0.995058004,0.003,0.012232014,0.003,0.995058004,0.019
1581250755.9571202,000000000102,e78f135624ce,-68,3.357905781,4.142338116,1.793985653,-0.024323769,0.015676231,-0.999,-0.998,0.004,0.024323769,0.004,0.998661884,0.015676231
1581250756.4081094,000000000102,e78f135624ce,-65,3.160313103,4.156520766,1.788746539,-0.039506922,0.015746539,-0.999,-0.999,0.004,0.039506922,0.004253461,0.999,0.015746539
1581250756.859116,000000000102,e78f135624ce,-65,2.969574122,4.165857092,1.79728546,-0.036428724,0.009285816,-0.999,-0.999,0.002142908,0.036428724,0.003,1.0,0.009285816
1581250757.3151228,000000000102,e78f135624ce,-63,2.772028493,4.174962634,1.805,-0.022887903,0.007,-1.0,-1.0,0.000518683,0.022887903,0.000518683,1.0,0.007
1581250757.7761116,000000000102,e78f135624ce,-72,2.574851572,4.161437193,1.80765579,-0.010437193,0.006781403,-1.0,-1.0,0.000781403,0.010437193,0.000781403,1.0,0.006781403
1581250758.233129,000000000102,e78f135624ce,-62,2.386554252,4.1615145,1.807364125,-0.015635875,0.00875725,-1.0,-1.0,-0.002878625,0.015635875,-0.002878625,1.0,0.00875725
1581250758.6851144,000000000102,e78f135624ce,-80,2.201725353,4.168435508,1.800435508,-0.02491401,0.009042995,-0.999521497,-1.0,0.001478503,0.02491401,0.002,1.0,0.009042995
1581250759.1370966,000000000102,e78f135624ce,-63,2.023003928,4.172156709,1.806391772,-0.029,0.004843291,-0.999,-1.0,0.002,0.029,0.002,1.0,0.004843291
1581250759.5911412,000000000102,e78f135624ce,-66,1.841058798,4.184875296,1.80759412,-0.031718824,0.004843528,-0.999,-0.999,0.000437648,0.031718824,0.000437648,1.0,0.004843528
1581250760.0460913,000000000102,e78f135624ce,-68,1.646641096,4.199861433,1.795861433,-0.04,0.010255427,-0.999,-0.999,0.0,0.04,0.001,1.0,0.010255427
1581250760.5001042,000000000102,e78f135624ce,-69,1.483054471,4.212185398,1.73298146,-0.036,0.02698146,-0.99701854,-0.99801854,0.00398146,0.036,0.00598146,0.999,0.02698146
1581250760.952069,000000000102,e78f135624ce,-67,1.290109381,4.245520834,1.755140625,-0.041901042,0.014619792,-0.998,-0.998619792,0.002140625,0.041901042,0.002760417,0.999,0.014619792
1581250761.4120886,000000000102,e78f135624ce,-70,1.121355112,4.221895241,1.762891157,-0.01744762,0.008665306,-0.999,-0.999,0.001,0.01744762,0.001,1.0,0.008665306
1581250761.8670933,000000000102,e78f135624ce,-71,0.934915976,4.302267304,1.809882891,-0.041648672,-0.006441445,-0.991558555,-0.992558555,0.001,0.041648672,-0.004147148,0.998852852,-0.005441445
1581250762.3221962,000000000102,e78f135624ce,-67,0.775392081,4.217742733,1.787467842,-0.009467842,0.002532158,-0.996532158,-0.997532158,-0.000467842,0.01,-0.002467842,0.999532158,0.003
1581250762.780117,000000000102,e78f135624ce,-70,0.584662658,4.188831329,1.741,-0.004842036,0.015768407,-0.997231593,-0.999,-0.000231593,0.005842036,0.000536814,0.999,0.015536814
1581250763.2410765,000000000102,e78f135624ce,-69,0.434586861,4.201856968,1.740082872,-0.017458564,0.014578883,-0.99806016,-0.999,-0.00106016,0.017518723,-0.00106016,0.999,0.013639043
1581250763.6960924,000000000102,e78f135624ce,-67,0.34916017,4.173258552,1.767432511,-0.011221957,0.004876425,-0.999,-0.999,-0.002,0.011221957,-0.002,1.0,0.004876425
