1581250710.0159597,000000000201,e78f135624ce,-82,17.96142464,4.302598078,1.76057536,0.01,-0.007,-1.001,0.999,0.01494976,0.01,0.01494976,-1.001,0.005
1581250710.472938,000000000201,e78f135624ce,-81,17.957834893,4.246640709,1.768970922,0.012611631,-0.007805816,-1.0,0.999,0.013805816,0.012611631,0.013805816,-1.0,0.007
1581250710.9239514,000000000201,e78f135624ce,-82,17.947197856,4.214978558,1.790417153,0.011802144,-0.002593567,-1.0,1.0,0.012802144,0.011802144,0.012802144,-1.0,0.002395712
1581250712.2919436,000000000201,e78f135624ce,-87,17.938,4.16165358,1.83634642,0.013,0.005,-1.0,1.0,0.015,0.013,0.015,-1.0,-0.00432679
1581250712.7429388,000000000201,e78f135624ce,-87,17.935323176,4.159353648,1.838323176,0.012,0.003,-1.0,1.0,0.015,0.012,0.015,-1.0,-0.003
1581250713.1969664,000000000201,e78f135624ce,-88,17.93797354,4.15401323,1.82901323,0.01398677,-0.000993385,-1.0,1.0,0.014,0.01398677,0.014,-1.0,0.000993385
1581250713.6499677,000000000201,e78f135624ce,-79,17.92230163,4.160433877,1.833867753,0.015132247,0.002,-1.0,1.0,0.014566123,0.015132247,0.014566123,-1.0,-0.001433877
1581250714.102954,000000000201,e78f135624ce,-85,17.887919124,4.180971075,1.837,0.030138725,0.002861275,-0.999,0.999,0.013,0.030138725,0.013,-1.0,-0.002
1581250714.5536532,000000000201,e78f135624ce,-73,17.822975208,4.181571118,1.832523706,0.037214441,-0.000738147,-0.999,0.999,0.014,0.037214441,0.014,-1.0,0.000738147
1581250715.4619455,000000000201,e78f135624ce,-86,17.637920779,4.169836482,1.839065407,0.058065407,0.002032704,-0.998,0.998,0.012032704,0.058098111,0.012032704,-1.0,-0.001032704
1581250715.9129496,000000000201,e78f135624ce,-82,17.518559005,4.166,1.845254258,0.059,0.002627129,-0.998,0.998,0.012,0.059,0.012,-1.0,-0.002
1581250716.830942,000000000201,e78f135624ce,-76,17.283765972,4.160896119,1.843,0.057207761,0.001,-0.998,0.998,0.015,0.057207761,0.015,-1.0,-0.0
1581250717.744934,000000000201,e78f135624ce,-82,17.007400924,4.151,1.838286462,0.044713538,0.003572923,-0.999,0.999,0.015,0.044713538,0.015,-1.0,-0.003572923
1581250718.1999462,000000000201,e78f135624ce,-83,16.8714535,4.147,1.835935434,0.045,0.005935434,-0.999,0.999,0.015,0.045,0.015,-1.0,-0.004935434
1581250718.6529813,000000000201,e78f135624ce,-81,16.734413847,4.149823761,1.83491188,0.046176239,0.007,-0.999,0.999,0.01554406,0.046176239,0.01654406,-1.0,-0.00645594
1581250719.1089752,000000000201,e78f135624ce,-87,16.604793035,4.147645316,1.837,0.055886709,0.007,-0.998,0.998,0.016177342,0.055886709,0.016177342,-1.0,-0.006
1581250719.5649538,000000000201,e78f135624ce,-78,16.4751224,4.146174926,1.834174926,0.070475223,0.004174926,-0.997174926,0.997,0.017825074,0.070475223,0.018,-1.0,-0.003174926
1581250720.014954,000000000201,e78f135624ce,-79,16.351905234,4.154,1.834,0.074559539,0.001559539,-0.997,0.997,0.016559539,0.074559539,0.016559539,-1.0,-0.000559539
1581250720.9260032,000000000201,e78f135624ce,-77,16.103243169,4.140584543,1.831528181,0.050528181,-0.001735909,-0.999,0.998,0.017735909,0.050528181,0.017735909,-1.0,0.002735909
1581250721.3807042,000000000201,e78f135624ce,-88,15.977796898,4.140500456,1.833600182,0.028299179,-0.000699909,-0.999300091,0.999,0.017699909,0.028299179,0.017699909,-1.0,0.001699909
1581250721.838932,000000000201,e78f135624ce,-86,15.856127942,4.15381224,1.839749654,0.001312933,0.002874827,-1.0,1.0,0.017062587,0.001312933,0.017062587,-1.0,-0.002874827
1581250722.288943,000000000201,e78f135624ce,-79,15.727687766,4.166741049,1.837,-0.005839301,0.004,-1.0,0.908830137,0.01858035,-0.001,0.01858035,-0.908830137,-0.00258035
1581250722.7399542,000000000201,e78f135624ce,-81,15.570321953,4.153847852,1.814460859,-0.030469688,0.016078281,-0.999,-0.174114768,0.013460859,0.034152148,0.014460859,0.175114768,0.013078281
1581250723.189966,000000000201,e78f135624ce,-83,15.420607749,4.138322329,1.821677671,0.032227189,0.007161165,-0.998,0.621887436,0.017161165,0.052516506,0.018,-0.622887436,0.003322329
1581250723.6429918,000000000201,e78f135624ce,-82,15.274528121,4.134823594,1.824411797,0.056235391,0.004,-0.998,0.875236488,0.018588203,0.063,0.018588203,-0.877236488,0.000588203
1581250724.0949426,000000000201,e78f135624ce,-80,15.132766513,4.132019654,1.826980346,0.062980346,0.004,-0.998,0.958705187,0.019,0.065,0.019,-0.960705187,-0.001980346
1581250725.0049407,000000000201,e78f135624ce,-82,14.849106921,4.103713487,1.787286513,-0.006707897,0.018853949,-0.999,-0.427568147,0.010859539,0.038146051,0.011573026,0.427281634,0.019140461
1581250725.9119542,000000000201,e78f135624ce,-84,14.537437975,4.107071001,1.768,-0.046355006,0.022464499,-0.997464499,-0.756698043,0.008464499,0.065142002,0.009928999,0.758233543,0.022464499
1581250726.3700073,000000000201,e78f135624ce,-86,14.372818516,4.125743771,1.755814057,-0.075557828,0.024814057,-0.996,-0.920904799,0.007,0.082,0.009,0.923090742,0.024628114
1581250727.2799723,000000000201,e78f135624ce,-84,14.066232788,4.150083747,1.737167494,-0.073167494,0.02743719,-0.996479063,-0.98943719,0.007,0.074167494,0.009,0.991958126,0.02643719
1581250727.7339668,000000000201,e78f135624ce,-81,13.935992994,4.141500701,1.739874825,-0.047624475,0.025,-0.998,-0.996125175,0.004,0.047624475,0.005,0.997125175,0.024125175
1581250728.65495,000000000201,e78f135624ce,-88,13.634254655,4.186228683,1.742771317,-0.044568605,0.019614342,-0.998477132,-0.998477132,0.002477132,0.044568605,0.003,0.999477132,0.018614342
1581250729.5579789,000000000201,e78f135624ce,-75,13.35152558,4.193555984,1.747166988,-0.068305502,0.019916506,-0.997,-0.921994212,0.003388996,0.071777992,0.004694498,0.924994212,0.019611004
1581250730.0119586,000000000201,e78f135624ce,-81,13.251487593,4.152254541,1.781193399,-0.013871067,0.016680993,-0.998,-0.163528784,0.010021489,0.053319007,0.011021489,0.164188288,0.007595037
1581250730.469973,000000000201,e78f135624ce,-82,13.145386412,4.127964938,1.803982469,0.012947407,0.012,-0.999,0.390105915,0.015,0.037877282,0.015017531,-0.391088384,0.003017531
1581250730.922982,000000000201,e78f135624ce,-84,13.006630046,4.114471211,1.811863005,0.01,0.014,-0.999,0.30747915,0.015372601,0.022745202,0.015745202,-0.307851751,0.002509596
1581250731.3839555,000000000201,e78f135624ce,-82,12.882792771,4.158774792,1.822477479,-0.004193698,0.00976126,-0.999,0.624783876,0.017477479,0.006090083,0.017477479,-0.624783876,-0.00123874
1581250731.834953,000000000201,e78f135624ce,-79,12.700096425,4.145862947,1.767086287,-0.007025383,0.022512692,-0.999,-0.122035598,0.017837564,0.004350255,0.017837564,0.121873161,0.019025383
1581250732.2899678,000000000201,e78f135624ce,-78,12.534993086,4.472834137,1.81170767,-0.095642708,0.005581203,-0.969162406,-0.109501045,0.015451278,0.058353835,0.009,0.126403601,0.003613684
1581250732.7509928,000000000201,e78f135624ce,-75,12.387151019,4.334388867,1.788286456,-0.027145825,-0.000713544,-0.990475696,0.461866424,0.012237848,0.025286456,0.010237848,-0.45634212,0.012
1581250733.2039785,000000000201,e78f135624ce,-88,12.248862775,4.253994985,1.795875313,0.004251881,-0.002,-0.996875313,0.828518808,0.015875313,0.021,0.014875313,-0.827394121,0.006124687
1581250733.6549628,000000000201,e78f135624ce,-79,12.100522246,4.220702848,1.801148576,0.017289146,-0.00214057,-0.999,0.943305159,0.016429715,0.023,0.016429715,-0.943305159,0.00314057
1581250734.1129658,000000000201,e78f135624ce,-87,11.939603783,4.204616605,1.809143773,0.019095849,4.7924e-05,-0.999,0.982191697,0.016952076,0.020095849,0.016952076,-0.982239622,0.000952076
1581250734.5659747,000000000201,e78f135624ce,-79,11.767083168,4.193320918,1.815358163,0.018320918,-0.000679082,-1.0,0.994358163,0.013641837,0.018641837,0.013641837,-0.994358163,0.001
1581250735.0180004,000000000201,e78f135624ce,-78,11.590497579,4.181519613,1.814069855,0.011689952,-0.004620097,-1.0,0.998,0.011,0.012,0.011,-0.998,0.004620097
1581250735.4719758,000000000201,e78f135624ce,-83,11.413239643,4.163333564,1.814952348,0.008952348,-0.005,-1.0,0.999,0.012952348,0.008952348,0.012952348,-0.999,0.005
1581250735.9329917,000000000201,e78f135624ce,-79,11.247645817,4.153490078,1.812117558,0.01,-0.004745039,-1.0,0.796696302,0.012627481,0.006862597,0.012627481,-0.796696302,0.007254961
1581250736.3829706,000000000201,e78f135624ce,-80,11.091100058,4.159210637,1.822842548,0.001,0.003210637,-1.0,0.54917218,0.015421274,-0.001789363,0.015421274,-0.54917218,0.002368089
1581250736.8419619,000000000201,e78f135624ce,-81,10.913566805,4.157,1.834878983,-0.005636948,0.006121017,-1.0,0.550758218,0.016636948,-0.00351593,0.016636948,-0.550758218,-0.002757965
1581250737.2969646,000000000201,e78f135624ce,-75,10.74282463,4.162934299,1.83253285,-0.013934299,0.00453285,-1.0,0.463773418,0.016934299,-0.010401449,0.016934299,-0.464240568,0.0
1581250737.7530396,000000000201,e78f135624ce,-78,10.56481144,4.155,1.835610069,-0.008220137,0.007610069,-1.0,0.317823347,0.015389931,0.003,0.015389931,-0.317823347,-0.001
1581250738.2069662,000000000201,e78f135624ce,-81,10.402427495,4.148518197,1.841481803,0.005790873,0.010654535,-1.0,0.598817459,0.016827268,0.014481803,0.016827268,-0.598817459,-0.005654535
1581250738.6689913,000000000201,e78f135624ce,-74,10.223502726,4.159043241,1.834978379,-0.030575672,0.01251081,-0.999,-0.455348562,0.003978379,0.038043241,0.00448919,0.456348562,0.006532431
1581250739.1259694,000000000201,e78f135624ce,-73,10.067755947,4.163695412,1.833304588,-0.021172472,0.012847706,-0.999,-0.227306281,0.006609176,0.036543118,0.007456882,0.228306281,0.004390824
1581250739.5789795,000000000201,e78f135624ce,-79,9.921381444,4.160104409,1.838662645,0.007012064,0.009883527,-0.999220882,0.606401841,0.014779118,0.025558236,0.014779118,-0.606401841,-0.004441764
1581250740.0299888,000000000201,e78f135624ce,-76,9.756495727,4.149597733,1.828195466,0.023402267,0.001,-0.999402267,0.873286139,0.019,0.029597733,0.019,-0.874286139,0.001
1581250740.4869757,000000000201,e78f135624ce,-77,9.587715732,4.136,1.821,0.030928603,-0.002,-0.999,0.959785368,0.02,0.032928603,0.02,-0.960785368,0.003
1581250741.400972,000000000201,e78f135624ce,-81,9.267083837,4.131302525,1.814487374,0.009789899,0.003605051,-1.0,0.337201004,0.014,0.021302525,0.014,-0.337898479,0.007907576
1581250742.767987,000000000201,e78f135624ce,-81,8.742185275,4.144287807,1.796,-0.015726841,0.011575614,-0.999,-0.447624697,0.007424386,0.038,0.00813658,0.447624697,0.015287807
1581250743.220025,000000000201,e78f135624ce,-76,8.552695054,4.162790846,1.799069718,-0.036721128,0.012930282,-0.999,-0.824677484,0.002069718,0.043860564,0.002069718,0.825607766,0.013930282
1581250743.6780002,000000000201,e78f135624ce,-84,8.35894341,4.17419295,1.799548238,-0.047644713,0.013451762,-0.999,-0.942868276,-0.000548238,0.050096475,0.0,0.943868276,0.014
1581250744.13299,000000000201,e78f135624ce,-82,8.166047382,4.185695262,1.801139052,-0.053278105,0.012,-0.998,-0.980695262,-0.0,0.054139052,0.0,0.981695262,0.012860948
1581250744.5859842,000000000201,e78f135624ce,-88,7.974171797,4.199243922,1.803243922,-0.052731766,0.010243922,-0.998756078,-0.992512156,-0.001243922,0.052731766,-0.000243922,0.994512156,0.010243922
1581250745.4909928,000000000201,e78f135624ce,-80,7.591604372,4.196923875,1.78805075,-0.043,0.01194925,-0.999,-0.998025375,0.003,0.043,0.003025375,0.999,0.01194925
1581250745.9459794,000000000201,e78f135624ce,-89,7.407033506,4.195042868,1.792433358,-0.049652377,0.009957132,-0.999,-0.998652377,0.001347623,0.049652377,0.001695245,1.0,0.009957132
1581250746.402989,000000000201,e78f135624ce,-79,7.242705585,4.183058864,1.784470617,-0.041058864,0.011,-0.998,-0.800059156,0.001,0.05288237,0.001705877,0.801059156,0.013411753
1581250746.8569841,000000000201,e78f135624ce,-84,7.081860688,4.181258539,1.780835231,-0.039340924,0.008917615,-0.998,-0.698184853,0.005,0.055835231,0.005,0.699102469,0.013082385
1581250746.8599787,000000000201,e78f135624ce,-76,7.08050163,4.181465853,1.780881301,-0.039525203,0.00894065,-0.998,-0.700649586,0.005,0.055881301,0.005,0.701590236,0.01305935
1581250747.3159778,000000000201,e78f135624ce,-86,6.909138892,4.185193453,1.776613095,-0.035375993,0.013806547,-0.998602182,-0.643206375,0.005806547,0.04859127,0.006204365,0.643604192,0.014193453
1581250747.7709956,000000000201,e78f135624ce,-84,6.829595853,4.187280829,1.771975337,-0.009975337,0.010719171,-0.999,0.270307164,0.017256166,0.023463005,0.017256166,-0.270307164,0.009
1581250748.224007,000000000201,e78f135624ce,-78,6.710106144,4.218912476,1.774315643,-0.009798417,0.00811406,-0.999,0.647856615,0.018771881,0.01,0.01888594,-0.647742555,0.004342179
1581250748.6799865,000000000201,e78f135624ce,-74,6.577121248,4.218847174,1.75844269,-0.006366277,0.00344269,-0.999,0.607849707,0.018519103,-0.008366277,0.018519103,-0.607849707,0.010480897
1581250749.1409905,000000000201,e78f135624ce,-73,6.350721853,4.270271003,1.76,-0.029912047,0.002164819,-0.998,0.289751909,0.015029318,0.02430032,0.015223454,-0.288557773,0.010776546
1581250749.5969884,000000000201,e78f135624ce,-80,6.121122998,4.240159274,1.758203628,-0.023318549,0.009477823,-0.998,-0.028741958,0.01,0.027477823,0.011,0.029741958,0.014318549
1581250750.0480082,000000000201,e78f135624ce,-83,5.905018531,4.183144181,1.762495367,-0.01207209,0.011608136,-0.998463955,-0.207005649,0.00692791,0.015463955,0.00692791,0.207541694,0.013216271
1581250750.5030634,000000000201,e78f135624ce,-75,5.678551751,4.157354679,1.748763548,-0.016472905,0.017763548,-0.999,-0.377330022,0.000881774,0.010118226,0.001881774,0.377330022,0.018118226
1581250750.9540179,000000000201,e78f135624ce,-75,5.461434916,4.12357714,1.75143873,-0.012245079,0.014280635,-0.999,-0.504019685,0.001,0.007841904,0.001280635,0.504019685,0.016
1581250751.4141223,000000000201,e78f135624ce,-74,5.278409194,4.14028565,1.782006502,-0.015324664,0.004013005,-0.999,-0.124721759,0.005324664,0.000350673,0.005324664,0.124390593,0.007662332
1581250751.873,000000000201,e78f135624ce,-77,5.113542387,4.160731759,1.801731759,-0.01293294,0.002,-1.0,0.184903418,0.008,-0.00893294,0.008,-0.184903418,0.00306706
1581250752.324991,000000000201,e78f135624ce,-82,4.944810931,4.186976788,1.807752901,-0.018870648,-0.002870648,-1.0,0.463121122,0.011247099,-0.016117746,0.011870648,-0.463121122,0.004247099
1581250753.237077,000000000201,e78f135624ce,-79,4.564381435,4.220056093,1.808977563,-0.021988781,-0.002016828,-1.0,0.361815891,0.012028047,-0.007061703,0.012028047,-0.361815891,0.005994391
1581250753.695998,000000000201,e78f135624ce,-80,4.333501445,4.192653389,1.815,-0.016137167,0.005241889,-1.0,-0.560174111,0.004,0.007379056,0.004,0.560174111,0.007620944
1581250753.6990058,000000000201,e78f135624ce,-78,4.331806087,4.192461978,1.815,-0.016055133,0.005296578,-1.0,-0.564057025,0.004,0.007351711,0.004,0.564057025,0.007648289
1581250754.1480105,000000000201,e78f135624ce,-72,4.119548948,4.175445917,1.819184694,-0.007815306,0.009184694,-1.0,-0.85757247,-0.002,0.005,-0.002,0.85757247,0.01
1581250754.599019,000000000201,e78f135624ce,-77,3.917249444,4.159544041,1.813882309,0.000117691,0.014558845,-1.0,-0.95369134,-0.000220577,-0.001117691,-0.000220577,0.95369134,0.014558845
1581250755.95903,000000000201,e78f135624ce,-76,3.357110058,4.142322201,1.794033397,-0.024355598,0.015644402,-0.999,-0.998,0.004,0.024355598,0.004,0.998677799,0.015644402
1581250756.8610125,000000000201,e78f135624ce,-76,2.968800983,4.16587168,1.797358398,-0.036384961,0.009256641,-0.999,-0.999,0.00212832,0.036384961,0.003,1.0,0.009256641
1581250757.3160546,000000000201,e78f135624ce,-81,2.771655797,4.1749483,1.805,-0.0228449,0.007,-1.0,-1.0,0.00052585,0.0228449,0.00052585,1.0,0.007
1581250757.777029,000000000201,e78f135624ce,-75,2.574491655,4.161451308,1.807676961,-0.010451308,0.006774346,-1.0,-1.0,0.000774346,0.010451308,0.000774346,1.0,0.006774346
1581250757.7800252,000000000201,e78f135624ce,-70,2.573316222,4.161497403,1.807746105,-0.010497403,0.006751298,-1.0,-1.0,0.000751298,0.010497403,0.000751298,1.0,0.006751298
1581250758.2350187,000000000201,e78f135624ce,-69,2.385703884,4.16157749,1.807316882,-0.015683118,0.008788745,-1.0,-1.0,-0.002894373,0.015683118,-0.002894373,1.0,0.008788745
1581250759.1391442,000000000201,e78f135624ce,-76,2.022133723,4.172190834,1.806477086,-0.029,0.004809166,-0.999,-1.0,0.002,0.029,0.002,1.0,0.004809166
1581250759.59312,000000000201,e78f135624ce,-73,1.840297693,4.184936185,1.807670231,-0.031734046,0.004797862,-0.999,-0.999,0.000468092,0.031734046,0.000468092,1.0,0.004797862
1581250760.048019,000000000201,e78f135624ce,-72,1.645870051,4.199935572,1.795935572,-0.04,0.010225771,-0.999,-0.999,0.0,0.04,0.001,1.0,0.010225771
1581250760.502024,000000000201,e78f135624ce,-77,1.482301341,4.21233307,1.732966693,-0.036,0.026966693,-0.997033307,-0.998033307,0.003966693,0.036,0.005966693,0.999,0.026966693
1581250760.9556243,000000000201,e78f135624ce,-85,1.288776143,4.245402324,1.755051743,-0.041752905,0.014649419,-0.998,-0.998649419,0.002051743,0.041752905,0.002701162,0.999,0.014649419
1581250761.4140866,000000000201,e78f135624ce,-81,1.120483279,4.221640956,1.762800342,-0.017320478,0.008719795,-0.999,-0.999,0.001,0.017320478,0.001,1.0,0.008719795
1581250762.3240325,000000000201,e78f135624ce,-81,0.77473626,4.217637802,1.787454725,-0.009454725,0.002545275,-0.996545275,-0.997545275,-0.000454725,0.01,-0.002454725,0.999545275,0.003
1581250762.782036,000000000201,e78f135624ce,-86,0.584169194,4.188584597,1.741,-0.004773499,0.0157547,-0.9972453,-0.999,-0.0002453,0.005773499,0.0005094,0.999,0.0155094
1581250763.6980739,000000000201,e78f135624ce,-76,0.34896202,4.172826225,1.767684702,-0.011059834,0.004804371,-0.999,-0.999,-0.002,0.011059834,-0.002,1.0,0.004804371
