1581250709.5591328,b827ebfd7811,e78f135624ce,-84,17.973857763,4.35485722,1.743,0.008285559,-0.01314278,-0.99914278,1.0,0.02185722,0.007428339,0.021,-0.999,0.014
1581250710.0164652,b827ebfd7811,e78f135624ce,-73,17.961412975,4.302535869,1.760587025,0.01,-0.007,-1.001,0.999,0.014941984,0.01,0.014941984,-1.001,0.005
1581250710.4718719,b827ebfd7811,e78f135624ce,-73,17.957884103,4.24669812,1.768929914,0.012628034,-0.007814017,-1.0,0.999,0.013814017,0.012628034,0.013814017,-1.0,0.007
1581250710.9241457,b827ebfd7811,e78f135624ce,-76,17.947196237,4.214962366,1.790430108,0.011803763,-0.00258871,-1.0,1.0,0.012803763,0.011803763,0.012803763,-1.0,0.002392473
1581250711.3771064,b827ebfd7811,e78f135624ce,-71,17.944283413,4.188208532,1.810508055,0.013,0.001358294,-1.0,1.0,0.015,0.013,0.015,-1.0,-0.001358294
1581250711.8354816,b827ebfd7811,e78f135624ce,-72,17.940015804,4.173063215,1.825952589,0.013,0.003984196,-1.0,1.0,0.015,0.013,0.015,-1.0,-0.003
1581250712.2909515,b827ebfd7811,e78f135624ce,-73,17.938,4.161667752,1.836332248,0.013,0.005,-1.0,1.0,0.015,0.013,0.015,-1.0,-0.004333876
1581250712.7419143,b827ebfd7811,e78f135624ce,-73,17.935315858,4.159368283,1.838315858,0.012,0.003,-1.0,1.0,0.015,0.012,0.015,-1.0,-0.003
1581250713.1969974,b827ebfd7811,e78f135624ce,-76,17.937974667,4.154012667,1.829012667,0.013987333,-0.000993667,-1.0,1.0,0.014,0.013987333,0.014,-1.0,0.000993667
1581250713.6490026,b827ebfd7811,e78f135624ce,-78,17.922327952,4.160442651,1.833885301,0.015114699,0.002,-1.0,1.0,0.014557349,0.015114699,0.014557349,-1.0,-0.001442651
1581250714.102537,b827ebfd7811,e78f135624ce,-72,17.887975987,4.180944539,1.837,0.030134934,0.002865066,-0.999,0.999,0.013,0.030134934,0.013,-1.0,-0.002
1581250714.552393,b827ebfd7811,e78f135624ce,-68,17.823159403,4.181629285,1.832543095,0.037185357,-0.000728452,-0.999,0.999,0.014,0.037185357,0.014,-1.0,0.000728452
1581250715.4610558,b827ebfd7811,e78f135624ce,-71,17.638146646,4.169870704,1.839051718,0.058051718,0.002025859,-0.998,0.998,0.012025859,0.058077578,0.012025859,-1.0,-0.001025859
1581250715.9121644,b827ebfd7811,e78f135624ce,-72,17.518761826,4.166,1.845241173,0.059,0.002620586,-0.998,0.998,0.012,0.059,0.012,-1.0,-0.002
1581250716.373029,b827ebfd7811,e78f135624ce,-76,17.401577371,4.160705543,1.842527714,0.062,0.002116629,-0.998,0.998,0.015294457,0.062,0.015294457,-1.0,-0.001116629
1581250716.8304908,b827ebfd7811,e78f135624ce,-75,17.283883949,4.160889179,1.843,0.057221641,0.001,-0.998,0.998,0.015,0.057221641,0.015,-1.0,-0.0
1581250717.2864614,b827ebfd7811,e78f135624ce,-67,17.147369831,4.159,1.840788196,0.049182295,0.002,-0.999,0.999,0.016,0.049182295,0.016,-1.0,-0.001
1581250717.7452743,b827ebfd7811,e78f135624ce,-70,17.007304092,4.151,1.838289079,0.044710921,0.003578157,-0.999,0.999,0.015,0.044710921,0.015,-1.0,-0.003578157
1581250718.199142,b827ebfd7811,e78f135624ce,-80,16.871708159,4.147,1.835928733,0.045,0.005928733,-0.999,0.999,0.015,0.045,0.015,-1.0,-0.004928733
1581250718.6522756,b827ebfd7811,e78f135624ce,-65,16.734625563,4.149847285,1.834923642,0.046152715,0.007,-0.999,0.999,0.015538179,0.046152715,0.016538179,-1.0,-0.006461821
1581250719.1078663,b827ebfd7811,e78f135624ce,-77,16.60511646,4.147663798,1.837,0.055840506,0.007,-0.998,0.998,0.016168101,0.055840506,0.016168101,-1.0,-0.006
1581250720.0139694,b827ebfd7811,e78f135624ce,-66,16.352147614,4.154,1.834,0.074567113,0.001567113,-0.997,0.997,0.016567113,0.074567113,0.016567113,-1.0,-0.000567113
1581250720.4655714,b827ebfd7811,e78f135624ce,-68,16.231818582,4.148818215,1.831060595,0.067818215,-0.001,-0.998,0.997060595,0.017,0.067818215,0.017,-1.0,0.002
1581250720.9266431,b827ebfd7811,e78f135624ce,-78,16.103056527,4.140552548,1.831517516,0.050517516,-0.001741242,-0.999,0.998,0.017741242,0.050517516,0.017741242,-1.0,0.002741242
1581250721.378108,b827ebfd7811,e78f135624ce,-73,15.978599342,4.14038245,1.83355298,0.02851159,-0.00072351,-0.99927649,0.999,0.01772351,0.02851159,0.01772351,-1.0,0.00172351
1581250721.8381245,b827ebfd7811,e78f135624ce,-70,15.856324055,4.153794936,1.839726582,0.001341773,0.002863291,-1.0,1.0,0.017068355,0.001341773,0.017068355,-1.0,-0.002863291
1581250722.2883062,b827ebfd7811,e78f135624ce,-71,15.727846969,4.166727403,1.837,-0.005848398,0.004,-1.0,0.908698225,0.018575801,-0.001,0.018575801,-0.908698225,-0.002575801
1581250722.7392614,b827ebfd7811,e78f135624ce,-68,15.570529807,4.153872596,1.814450962,-0.030588461,0.016098077,-0.999,-0.175787491,0.013450962,0.034127404,0.014450962,0.176787491,0.013098077
1581250723.1893106,b827ebfd7811,e78f135624ce,-69,15.420852039,4.138334246,1.821665754,0.032161648,0.007167123,-0.998,0.621106898,0.017167123,0.052498631,0.018,-0.622106898,0.003334246
1581250723.6421847,b827ebfd7811,e78f135624ce,-69,15.274821593,4.13480892,1.82440446,0.05621338,0.004,-0.998,0.874965026,0.01859554,0.063,0.01859554,-0.876965026,0.00059554
1581250725.0042431,b827ebfd7811,e78f135624ce,-71,14.849348403,4.103718853,1.787281147,-0.006750827,0.018875414,-0.999,-0.428550171,0.01084344,0.038124586,0.011562293,0.428269024,0.01915656
1581250725.4562728,b827ebfd7811,e78f135624ce,-70,14.691378132,4.099,1.781904823,0.001,0.016095177,-0.998,-0.276569773,0.015,0.053333762,0.015,0.276569773,0.017190354
1581250725.9112275,b827ebfd7811,e78f135624ce,-73,14.537704432,4.107058889,1.768,-0.046294447,0.022470555,-0.997470555,-0.756237799,0.008470555,0.065117779,0.009941111,0.757767244,0.022470555
1581250726.3686345,b827ebfd7811,e78f135624ce,-58,14.373321881,4.125698011,1.755825497,-0.075523508,0.024825497,-0.996,-0.920664557,0.007,0.082,0.009,0.922839059,0.024650995
1581250727.278714,b827ebfd7811,e78f135624ce,-61,14.066571581,4.150122466,1.737244933,-0.073244933,0.02740815,-0.996469383,-0.98940815,0.007,0.074244933,0.009,0.991938767,0.02640815
1581250727.7333755,b827ebfd7811,e78f135624ce,-64,13.936174926,4.141482507,1.739879373,-0.047638119,0.025,-0.998,-0.996120627,0.004,0.047638119,0.005,0.997120627,0.024120627
1581250728.1955397,b827ebfd7811,e78f135624ce,-62,13.768492502,4.190784565,1.730369239,-0.05381538,0.027,-0.998,-0.99781538,0.00581538,0.05381538,0.007,0.999,0.02618462
1581250728.6536632,b827ebfd7811,e78f135624ce,-61,13.63460851,4.186335912,1.742664088,-0.044600774,0.019667956,-0.998466409,-0.998466409,0.002466409,0.044600774,0.003,0.999466409,0.018667956
1581250729.5571623,b827ebfd7811,e78f135624ce,-58,13.351783118,4.193505733,1.7471293,-0.068311783,0.01993535,-0.997,-0.922672604,0.003376433,0.071752867,0.004688217,0.925672604,0.019623567
1581250730.0114088,b827ebfd7811,e78f135624ce,-59,13.251593322,4.152301062,1.781079212,-0.013947192,0.016672534,-0.998,-0.16498785,0.010008801,0.053327466,0.011008801,0.165651583,0.007637329
1581250730.4694874,b827ebfd7811,e78f135624ce,-58,13.145517166,4.127972409,1.803986205,0.012958614,0.012,-0.999,0.390296442,0.015,0.037903433,0.015013795,-0.391282647,0.003013795
1581250730.9218764,b827ebfd7811,e78f135624ce,-57,13.007090691,4.114581766,1.811909069,0.01,0.014,-0.999,0.308999279,0.015381814,0.022763628,0.015763628,-0.309381093,0.002472745
1581250731.383451,b827ebfd7811,e78f135624ce,-60,12.882912015,4.158683066,1.822468307,-0.004170766,0.009765847,-0.999,0.624288554,0.017468307,0.006126774,0.017468307,-0.624288554,-0.001234153
1581250731.8340976,b827ebfd7811,e78f135624ce,-56,12.700438603,4.145820175,1.767202383,-0.006988721,0.022494361,-0.999,-0.121021284,0.017831454,0.004325814,0.017831454,0.120852737,0.018988721
1581250732.2891226,b827ebfd7811,e78f135624ce,-55,12.535367386,4.473081658,1.811816338,-0.095775524,0.005551017,-0.969102035,-0.108571332,0.01546939,0.058408169,0.009,0.125510111,0.003571424
1581250732.749969,b827ebfd7811,e78f135624ce,-55,12.387392336,4.334622871,1.788308394,-0.027233577,-0.000691606,-0.990461071,0.460732966,0.012230535,0.025308394,0.010230535,-0.455194037,0.012
1581250733.202827,b827ebfd7811,e78f135624ce,-55,12.249271056,4.254162485,1.795864845,0.004189068,-0.002,-0.996864845,0.827890683,0.015864845,0.021,0.014864845,-0.826755528,0.006135155
1581250733.655806,b827ebfd7811,e78f135624ce,-57,12.100192597,4.220626185,1.801186907,0.017312144,-0.002125237,-0.999,0.943435485,0.016437381,0.023,0.016437381,-0.943435485,0.003125237
1581250734.1120265,b827ebfd7811,e78f135624ce,-58,11.940030769,4.204684923,1.809118154,0.019078769,3.9385e-05,-0.999,0.982157538,0.016960615,0.020078769,0.016960615,-0.982196923,0.000960615
1581250735.017058,b827ebfd7811,e78f135624ce,-63,11.590860067,4.181577611,1.814091604,0.011697201,-0.004605597,-1.0,0.998,0.011,0.012,0.011,-0.998,0.004605597
1581250735.471092,b827ebfd7811,e78f135624ce,-64,11.413585805,4.16338512,1.814944983,0.008944983,-0.005,-1.0,0.999,0.012944983,0.008944983,0.012944983,-0.999,0.005
1581250735.93243,b827ebfd7811,e78f135624ce,-60,11.247842417,4.153508802,1.812131601,0.01,-0.004754401,-1.0,0.798212932,0.0126228,0.006886002,0.0126228,-0.798212932,0.007245599
1581250736.3822098,b827ebfd7811,e78f135624ce,-72,11.091398036,4.159204297,1.822817188,0.001,0.003204297,-1.0,0.548354326,0.015408594,-0.001795703,0.015408594,-0.548354326,0.002387109
1581250736.8414032,b827ebfd7811,e78f135624ce,-71,10.913764468,4.157,1.834874685,-0.005624056,0.006125315,-1.0,0.55007499,0.016624056,-0.003498742,0.016624056,-0.55007499,-0.002749371
1581250737.7522173,b827ebfd7811,e78f135624ce,-70,10.565077108,4.155,1.835622719,-0.008245439,0.007622719,-1.0,0.316596215,0.015377281,0.003,0.015377281,-0.316596215,-0.001
1581250738.206852,b827ebfd7811,e78f135624ce,-66,10.402468417,4.148521052,1.841478948,0.005784211,0.010652632,-1.0,0.598684222,0.016826316,0.014478948,0.016826316,-0.598684222,-0.005652632
1581250738.66785,b827ebfd7811,e78f135624ce,-60,10.223940228,4.159005198,1.834997401,-0.030509096,0.012501299,-0.999,-0.453722194,0.003997401,0.038005198,0.004498701,0.454722194,0.006503898
1581250739.5785594,b827ebfd7811,e78f135624ce,-65,9.921533324,4.160120566,1.83867234,0.006982981,0.009896453,-0.999224113,0.605968822,0.014775887,0.025551773,0.014775887,-0.605968822,-0.004448227
1581250740.0293574,b827ebfd7811,e78f135624ce,-72,9.756719121,4.14960259,1.828205179,0.02339741,0.001,-0.99939741,0.873101596,0.019,0.02960259,0.019,-0.874101596,0.001
1581250740.4866152,b827ebfd7811,e78f135624ce,-70,9.587843289,4.136,1.821,0.030931376,-0.002,-0.999,0.959754866,0.02,0.032931376,0.02,-0.960754866,0.003
1581250740.9432356,b827ebfd7811,e78f135624ce,-73,9.423634758,4.135,1.820287154,0.025148614,-0.000287154,-1.0,0.909863974,0.018287154,0.027574307,0.018287154,-0.909863974,0.002
1581250741.3998582,b827ebfd7811,e78f135624ce,-71,9.267549547,4.131292401,1.814537994,0.009830395,0.003584802,-1.0,0.338800617,0.014,0.021292401,0.014,-0.339508216,0.007877203
1581250741.8503494,b827ebfd7811,e78f135624ce,-66,9.096822864,4.140752219,1.804,-0.005123891,0.008247781,-0.999,-0.036282929,0.011,0.027,0.011876109,0.036282929,0.012247781
1581250742.3067396,b827ebfd7811,e78f135624ce,-70,8.922463305,4.141306168,1.803,-0.004176947,0.006435389,-0.999,-0.112103557,0.010129221,0.032129221,0.010564611,0.112538946,0.011870779
1581250742.7676096,b827ebfd7811,e78f135624ce,-68,8.742314675,4.144285111,1.796,-0.015710666,0.011570222,-0.999,-0.447187972,0.007429778,0.038,0.008144667,0.447187972,0.015285111
1581250743.218814,b827ebfd7811,e78f135624ce,-72,8.553278616,4.162757814,1.799080729,-0.036677086,0.012919271,-0.999,-0.823994826,0.002080729,0.043838543,0.002080729,0.824914098,0.013919271
1581250743.6774983,b827ebfd7811,e78f135624ce,-70,8.359185221,4.1741747,1.799543675,-0.047631025,0.013456325,-0.999,-0.942786151,-0.000543675,0.05008735,0.0,0.943786151,0.014
1581250744.1321187,b827ebfd7811,e78f135624ce,-74,8.166443374,4.185655663,1.801131133,-0.053262265,0.012,-0.998,-0.980655663,-0.0,0.054131133,0.0,0.981655663,0.012868867
1581250745.0399098,b827ebfd7811,e78f135624ce,-70,7.780507054,4.19759834,1.798188382,-0.04359834,0.00980332,-0.999,-0.99740166,0.0,0.04359834,0.00040166,0.998,0.00980332
1581250745.4904618,b827ebfd7811,e78f135624ce,-72,7.591829008,4.196936128,1.788042582,-0.043,0.011957418,-0.999,-0.998021291,0.003,0.043,0.003021291,0.999,0.011957418
1581250745.9461303,b827ebfd7811,e78f135624ce,-79,7.40697188,4.195039095,1.792424554,-0.049653635,0.009960905,-0.999,-0.998653635,0.001346365,0.049653635,0.00169273,1.0,0.009960905
1581250746.4022677,b827ebfd7811,e78f135624ce,-76,7.243018112,4.183016793,1.784440566,-0.041016793,0.011,-0.998,-0.799710568,0.001,0.05286434,0.001711887,0.800710568,0.013423774
1581250746.8567736,b827ebfd7811,e78f135624ce,-69,7.081956234,4.181243964,1.780831992,-0.039327968,0.008915996,-0.998,-0.698011576,0.005,0.055831992,0.005,0.698927572,0.013084004
1581250747.7706463,b827ebfd7811,e78f135624ce,-70,6.829663023,4.187267395,1.771986084,-0.009986084,0.010732605,-0.999,0.269737564,0.017253479,0.023479126,0.017253479,-0.269737564,0.009
1581250748.223403,b827ebfd7811,e78f135624ce,-66,6.710287319,4.218952737,1.774285447,-0.009833645,0.008119092,-0.999,0.64723257,0.018761816,0.01,0.018880908,-0.647113477,0.004357277
1581250748.6792362,b827ebfd7811,e78f135624ce,-70,6.577408864,4.218897194,1.758461448,-0.006410045,0.003461448,-0.999,0.607080645,0.018512851,-0.008410045,0.018512851,-0.607080645,0.010487149
1581250749.139759,b827ebfd7811,e78f135624ce,-73,6.351635166,4.27004524,1.76,-0.029758118,0.002103247,-0.998,0.293518042,0.015080627,0.024125867,0.015264502,-0.292334168,0.010735498
1581250750.0472116,b827ebfd7811,e78f135624ce,-73,5.905361662,4.18316869,1.762409584,-0.012084345,0.011626518,-0.998457827,-0.207771568,0.006915655,0.015457827,0.006915655,0.20831374,0.013253035
1581250750.5020297,b827ebfd7811,e78f135624ce,-70,5.679052738,4.157330822,1.748779452,-0.016441096,0.017779452,-0.999,-0.376836988,0.000889726,0.010110274,0.001889726,0.376836988,0.018110274
1581250750.9528587,b827ebfd7811,e78f135624ce,-83,5.461966212,4.123837959,1.75141941,-0.012322358,0.014290295,-0.999,-0.503710568,0.001,0.007870884,0.001290295,0.503710568,0.016
1581250751.4129238,b827ebfd7811,e78f135624ce,-69,5.278790545,4.140045943,1.78203919,-0.015281081,0.004078379,-0.999,-0.12835004,0.005281081,0.000437839,0.005281081,0.12802977,0.00764054
1581250751.8718445,b827ebfd7811,e78f135624ce,-70,5.11392201,4.160665737,1.801665737,-0.012916434,0.002,-1.0,0.183649011,0.008,-0.008916434,0.008,-0.183649011,0.003083566
1581250752.7759464,b827ebfd7811,e78f135624ce,-82,4.765158148,4.215912616,1.810819693,-0.022,-0.003453538,-1.0,0.670230166,0.013273231,-0.016273231,0.014,-0.670230166,0.004453538
1581250753.2370267,b827ebfd7811,e78f135624ce,-84,4.564412534,4.220060667,1.808975733,-0.021987867,-0.0020182,-1.0,0.362045471,0.012030333,-0.007066733,0.012030333,-0.362045471,0.005993933
1581250754.1471364,b827ebfd7811,e78f135624ce,-78,4.120041591,4.175469754,1.819176749,-0.007823251,0.009176749,-1.0,-0.85724669,-0.002,0.005,-0.002,0.85724669,0.01
1581250754.5979643,b827ebfd7811,e78f135624ce,-80,3.917663236,4.159600836,1.813914764,8.5236e-05,0.014542618,-1.0,-0.953569637,-0.000228691,-0.001085236,-0.000228691,0.953569637,0.014542618
1581250755.5064375,b827ebfd7811,e78f135624ce,-80,3.543569851,4.142067258,1.794932742,-0.012269031,0.019,-1.0,-0.995067258,0.003,0.012269031,0.003,0.995067258,0.019
1581250755.9579656,b827ebfd7811,e78f135624ce,-73,3.357553517,4.14233107,1.794006789,-0.024337859,0.015662141,-0.999,-0.998,0.004,0.024337859,0.004,0.99866893,0.015662141
1581250756.4095097,b827ebfd7811,e78f135624ce,-75,3.159682998,4.156590778,1.78873487,-0.039530259,0.01573487,-0.999,-0.999,0.004,0.039530259,0.00426513,0.999,0.01573487
1581250756.8604815,b827ebfd7811,e78f135624ce,-73,2.96901745,4.165867595,1.797337976,-0.036397214,0.009264809,-0.999,-0.999,0.002132405,0.036397214,0.003,1.0,0.009264809
1581250757.3164148,b827ebfd7811,e78f135624ce,-91,2.771511697,4.174942758,1.805,-0.022828273,0.007,-1.0,-1.0,0.000528621,0.022828273,0.000528621,1.0,0.007
1581250757.7770317,b827ebfd7811,e78f135624ce,-80,2.574490626,4.161451348,1.807677022,-0.010451348,0.006774326,-1.0,-1.0,0.000774326,0.010451348,0.000774326,1.0,0.006774326
1581250758.6865401,b827ebfd7811,e78f135624ce,-76,2.201048125,4.168471151,1.800471151,-0.024961535,0.009019232,-0.999509616,-1.0,0.001490384,0.024961535,0.002,1.0,0.009019232
1581250759.1382785,b827ebfd7811,e78f135624ce,-89,2.022501645,4.172176406,1.806441015,-0.029,0.004823594,-0.999,-1.0,0.002,0.029,0.002,1.0,0.004823594
1581250759.59208,b827ebfd7811,e78f135624ce,-81,1.840697686,4.184904185,1.807630231,-0.031726046,0.004821861,-0.999,-0.999,0.000452093,0.031726046,0.000452093,1.0,0.004821861
1581250760.04753,b827ebfd7811,e78f135624ce,-84,1.646065649,4.199916764,1.795916764,-0.04,0.010233294,-0.999,-0.999,0.0,0.04,0.001,1.0,0.010233294
1581250760.501574,b827ebfd7811,e78f135624ce,-86,1.482477838,4.212298463,1.732970154,-0.036,0.026970154,-0.997029846,-0.998029846,0.003970154,0.036,0.005970154,0.999,0.026970154
1581250760.9535997,b827ebfd7811,e78f135624ce,-87,1.289535387,4.245469812,1.755102359,-0.041837265,0.014632547,-0.998,-0.998632547,0.002102359,0.041837265,0.002734906,0.999,0.014632547
1581250761.4129007,b827ebfd7811,e78f135624ce,-83,1.121000761,4.221791889,1.762854246,-0.017395944,0.008687452,-0.999,-0.999,0.001,0.017395944,0.001,1.0,0.008687452
1581250761.8681586,b827ebfd7811,e78f135624ce,-73,0.934558355,4.302046645,1.809837237,-0.041511711,-0.006418618,-0.991581382,-0.992581382,0.001,0.041511711,-0.004139539,0.998860461,-0.005418618
1581250762.3227487,b827ebfd7811,e78f135624ce,-76,0.77519479,4.217711166,1.787463896,-0.009463896,0.002536104,-0.996536104,-0.997536104,-0.000463896,0.01,-0.002463896,0.999536104,0.003
1581250762.7817988,b827ebfd7811,e78f135624ce,-85,0.584230195,4.188615097,1.741,-0.004781971,0.015756394,-0.997243606,-0.999,-0.000243606,0.005781971,0.000512789,0.999,0.015512789
1581250763.2422025,b827ebfd7811,e78f135624ce,-75,0.434146677,4.202051468,1.739898609,-0.017550695,0.014650541,-0.998049923,-0.999,-0.001049923,0.017600618,-0.001049923,0.999,0.013700464
1581250763.6971014,b827ebfd7811,e78f135624ce,-74,0.349059271,4.173038409,1.767560928,-0.011139403,0.004839735,-0.999,-0.999,-0.002,0.011139403,-0.002,1.0,0.004839735
