1581250709.5592775,000000000101,e78f135624ce,-85,17.973866669,4.354858334,1.743,0.008283333,-0.013141666,-0.999141666,1.0,0.021858334,0.007424999,0.021,-0.999,0.014
1581250710.468299,000000000101,e78f135624ce,-77,17.958049008,4.246890509,1.768792493,0.012683003,-0.007841501,-1.0,0.999,0.013841501,0.012683003,0.013841501,-1.0,0.007
1581250710.919282,000000000101,e78f135624ce,-77,17.947236768,4.215367678,1.790105858,0.011763232,-0.002710303,-1.0,1.0,0.012763232,0.011763232,0.012763232,-1.0,0.002473536
1581250711.3772755,000000000101,e78f135624ce,-72,17.944280339,4.188200848,1.810518812,0.013,0.00135983,-1.0,1.0,0.015,0.013,0.015,-1.0,-0.00135983
1581250711.8363166,000000000101,e78f135624ce,-80,17.94000984,4.173039359,1.82597048,0.013,0.00399016,-1.0,1.0,0.015,0.013,0.015,-1.0,-0.003
1581250712.2913792,000000000101,e78f135624ce,-80,17.938,4.161661642,1.836338358,0.013,0.005,-1.0,1.0,0.015,0.013,0.015,-1.0,-0.004330821
1581250712.742293,000000000101,e78f135624ce,-80,17.935318563,4.159362875,1.838318563,0.012,0.003,-1.0,1.0,0.015,0.012,0.015,-1.0,-0.003
1581250714.0992901,000000000101,e78f135624ce,-71,17.888418731,4.180737926,1.837,0.030105418,0.002894582,-0.999,0.999,0.013,0.030105418,0.013,-1.0,-0.002
1581250714.5492978,000000000101,e78f135624ce,-90,17.823611771,4.181772138,1.832590713,0.037113931,-0.000704644,-0.999,0.999,0.014,0.037113931,0.014,-1.0,0.000704644
1581250715.002276,000000000101,e78f135624ce,-71,17.739112442,4.169971188,1.83,0.050057624,-0.001,-0.998657063,0.998657063,0.015657063,0.050057624,0.015657063,-1.0,0.002
1581250715.4614289,000000000101,e78f135624ce,-74,17.638051929,4.169856353,1.839057459,0.058057459,0.002028729,-0.998,0.998,0.012028729,0.058086188,0.012028729,-1.0,-0.001028729
1581250715.9122608,000000000101,e78f135624ce,-80,17.518736943,4.166,1.845242778,0.059,0.002621389,-0.998,0.998,0.012,0.059,0.012,-1.0,-0.002
1581250716.8272984,000000000101,e78f135624ce,-83,17.28471889,4.160840065,1.843,0.057319869,0.001,-0.998,0.998,0.015,0.057319869,0.015,-1.0,-0.0
1581250717.2872665,000000000101,e78f135624ce,-75,17.147128289,4.159,1.84077581,0.049163715,0.002,-0.999,0.999,0.016,0.049163715,0.016,-1.0,-0.001
1581250717.7461288,000000000101,e78f135624ce,-83,17.00706089,4.151,1.838295652,0.044704348,0.003591303,-0.999,0.999,0.015,0.044704348,0.015,-1.0,-0.003591303
1581250718.199814,000000000101,e78f135624ce,-83,16.871495327,4.147,1.835934334,0.045,0.005934334,-0.999,0.999,0.015,0.045,0.015,-1.0,-0.004934334
1581250718.6522608,000000000101,e78f135624ce,-75,16.734629998,4.149847778,1.834923889,0.046152222,0.007,-0.999,0.999,0.015538056,0.046152222,0.016538056,-1.0,-0.006461944
1581250719.1042466,000000000101,e78f135624ce,-89,16.606172198,4.147724126,1.837,0.055689686,0.007,-0.998,0.998,0.016137937,0.055689686,0.016137937,-1.0,-0.006
1581250719.5602512,000000000101,e78f135624ce,-78,16.476388475,4.146211099,1.834211099,0.070366702,0.004211099,-0.997211099,0.997,0.017788901,0.070366702,0.018,-1.0,-0.003211099
1581250720.0113924,000000000101,e78f135624ce,-76,16.352781968,4.154,1.834,0.074586937,0.001586937,-0.997,0.997,0.016586937,0.074586937,0.016586937,-1.0,-0.000586937
1581250720.4652278,000000000101,e78f135624ce,-69,16.231913722,4.148826143,1.831057952,0.067826143,-0.001,-0.998,0.997057952,0.017,0.067826143,0.017,-1.0,0.002
1581250720.9262395,000000000101,e78f135624ce,-77,16.103174256,4.14057273,1.831524243,0.050524243,-0.001737878,-0.999,0.998,0.017737878,0.050524243,0.017737878,-1.0,0.002737878
1581250721.3782651,000000000101,e78f135624ce,-75,15.978550778,4.140389592,1.833555837,0.028498735,-0.000722082,-0.999277918,0.999,0.017722082,0.028498735,0.017722082,-1.0,0.001722082
1581250721.834244,000000000101,e78f135624ce,-75,15.857266462,4.153711783,1.83961571,0.001480362,0.002807855,-1.0,1.0,0.017096072,0.001480362,0.017096072,-1.0,-0.002807855
1581250722.2842333,000000000101,e78f135624ce,-82,15.728865195,4.166640126,1.837,-0.005906583,0.004,-1.0,0.907854553,0.018546709,-0.001,0.018546709,-0.907854553,-0.002546709
1581250722.7352471,000000000101,e78f135624ce,-82,15.571734082,4.154015962,1.814393615,-0.031276618,0.01621277,-0.999,-0.185479039,0.013393615,0.033984038,0.014393615,0.186479039,0.01321277
1581250723.1862566,000000000101,e78f135624ce,-72,15.421990314,4.138389771,1.821610229,0.031856257,0.007194886,-0.998,0.617469973,0.017194886,0.052415343,0.018,-0.618469973,0.003389771
1581250723.638237,000000000101,e78f135624ce,-78,15.276257135,4.134737143,1.824368572,0.056105715,0.004,-0.998,0.87363715,0.018631428,0.063,0.018631428,-0.87563715,0.000631428
1581250724.091274,000000000101,e78f135624ce,-72,15.133788465,4.132045858,1.826954142,0.062954142,0.004,-0.998,0.958312129,0.019,0.065,0.019,-0.960312129,-0.001954142
1581250724.5452409,000000000101,e78f135624ce,-74,14.99573597,4.119210459,1.798631378,0.001841837,0.019386054,-0.998,-0.162462156,0.012403486,0.050613946,0.013403486,0.162058669,0.017982568
1581250725.0052366,000000000101,e78f135624ce,-80,14.849004502,4.103711211,1.787288789,-0.006689689,0.018844845,-0.999,-0.427151643,0.010866367,0.038155155,0.011577578,0.426862854,0.019133633
1581250725.457242,000000000101,e78f135624ce,-87,14.691006616,4.099,1.7819129,0.001,0.0160871,-0.998,-0.276351709,0.015,0.053390298,0.015,0.276351709,0.017174201
1581250725.9112241,000000000101,e78f135624ce,-75,14.537705656,4.107058834,1.768,-0.046294169,0.022470583,-0.997470583,-0.756235685,0.008470583,0.065117668,0.009941166,0.757765102,0.022470583
1581250726.365249,000000000101,e78f135624ce,-79,14.374563249,4.125585159,1.75585371,-0.075438869,0.02485371,-0.996,-0.920072086,0.007,0.082,0.009,0.922218376,0.02470742
1581250726.823221,000000000101,e78f135624ce,-73,14.221906716,4.12562349,1.748753021,-0.073,0.024,-0.997,-0.972493959,0.007811745,0.075188255,0.009811745,0.975493959,0.023811745
1581250727.2792692,000000000101,e78f135624ce,-85,14.066422083,4.150105381,1.737210762,-0.073210762,0.027420964,-0.996473655,-0.989420964,0.007,0.074210762,0.009,0.99194731,0.026420964
1581250727.7342591,000000000101,e78f135624ce,-74,13.935903055,4.141509694,1.739872576,-0.047617729,0.025,-0.998,-0.996127424,0.004,0.047617729,0.005,0.997127424,0.024127424
1581250728.650288,000000000101,e78f135624ce,-81,13.635536651,4.186617167,1.742382833,-0.04468515,0.019808583,-0.998438283,-0.998438283,0.002438283,0.04468515,0.003,0.999438283,0.018808583
1581250729.101246,000000000101,e78f135624ce,-80,13.499904811,4.191822402,1.753852002,-0.061059199,0.015088799,-0.9979704,-0.998,0.0010296,0.061059199,0.001088799,1.0,0.015088799
1581250729.55722,000000000101,e78f135624ce,-74,13.351764921,4.193509284,1.747131963,-0.06831134,0.019934019,-0.997,-0.922624671,0.003377321,0.071754642,0.00468866,0.925624671,0.019622679
1581250730.0114844,000000000101,e78f135624ce,-80,13.251578788,4.152294667,1.781094909,-0.013936727,0.016673697,-0.998,-0.164787276,0.010010545,0.053326303,0.011010545,0.165450427,0.007631515
1581250730.469262,000000000101,e78f135624ce,-74,13.145577889,4.127975879,1.80398794,0.012963819,0.012,-0.999,0.390384925,0.015,0.037915578,0.01501206,-0.391372864,0.00301206
1581250731.379246,000000000101,e78f135624ce,-73,12.883905922,4.157918521,1.822391852,-0.00397963,0.009804074,-0.999,0.620160016,0.017391852,0.006432591,0.017391852,-0.620160016,-0.001195926
1581250731.831238,000000000101,e78f135624ce,-69,12.701582439,4.145677195,1.76759047,-0.006866167,0.022433084,-0.999,-0.117630627,0.017811028,0.004244111,0.017811028,0.117441655,0.018866167
1581250732.2892127,000000000101,e78f135624ce,-72,12.535327474,4.473055265,1.811804751,-0.095761362,0.005554236,-0.969108472,-0.108670467,0.015467458,0.058402375,0.009,0.125605383,0.00357593
1581250732.7502303,000000000101,e78f135624ce,-73,12.387330743,4.334563144,1.788302795,-0.027211179,-0.000697205,-0.990464803,0.46102227,0.012232402,0.025302795,0.010232402,-0.455487073,0.012
1581250733.2032087,000000000101,e78f135624ce,-66,12.249135723,4.254106963,1.795868315,0.004209889,-0.002,-0.996868315,0.828098887,0.015868315,0.021,0.014868315,-0.826967202,0.006131685
1581250734.1093025,000000000101,e78f135624ce,-78,11.941268921,4.204883027,1.809043865,0.019029243,1.4622e-05,-0.999,0.982058486,0.016985378,0.020029243,0.016985378,-0.982073108,0.000985378
1581250734.5612721,000000000101,e78f135624ce,-80,11.768783325,4.193357092,1.815285816,0.018357092,-0.000642908,-1.0,0.994285816,0.013714184,0.018714184,0.013714184,-0.994285816,0.001
1581250735.0171704,000000000101,e78f135624ce,-80,11.590816785,4.181570686,1.814089007,0.011696336,-0.004607329,-1.0,0.998,0.011,0.012,0.011,-0.998,0.004607329
1581250735.4712121,000000000101,e78f135624ce,-69,11.413538741,4.16337811,1.814945984,0.008945984,-0.005,-1.0,0.999,0.012945984,0.008945984,0.012945984,-0.999,0.005
1581250735.9327047,000000000101,e78f135624ce,-69,11.247746287,4.153499646,1.812124735,0.01,-0.004749823,-1.0,0.797471354,0.012625088,0.006874558,0.012625088,-0.797471354,0.007250177
1581250736.3832138,000000000101,e78f135624ce,-73,11.09100481,4.159212664,1.822850654,0.001,0.003212664,-1.0,0.549433606,0.015425327,-0.001787336,0.015425327,-0.549433606,0.002362009
1581250736.8373096,000000000101,e78f135624ce,-72,10.915212988,4.157,1.834843196,-0.005529588,0.006156804,-1.0,0.545068149,0.016529588,-0.003372784,0.016529588,-0.545068149,-0.002686392
1581250737.2931807,000000000101,e78f135624ce,-68,10.744309098,4.162992514,1.832503743,-0.013992514,0.004503743,-1.0,0.466189317,0.016992514,-0.01048877,0.016992514,-0.466685574,0.0
1581250737.7521687,000000000101,e78f135624ce,-65,10.565092822,4.155,1.835623468,-0.008246935,0.007623468,-1.0,0.316523633,0.015376532,0.003,0.015376532,-0.316523633,-0.001
1581250738.2061806,000000000101,e78f135624ce,-78,10.402708998,4.148537837,1.841462163,0.005745047,0.010641442,-1.0,0.597900937,0.016820721,0.014462163,0.016820721,-0.597900937,-0.005641442
1581250738.6642036,000000000101,e78f135624ce,-76,10.225338006,4.158883652,1.835058174,-0.03029639,0.012470913,-0.999,-0.448526107,0.004058174,0.037883652,0.004529087,0.449526107,0.006412739
1581250739.121288,000000000101,e78f135624ce,-71,10.069355409,4.163773435,1.833226565,-0.021640607,0.012886717,-0.999,-0.240804183,0.006453131,0.036660152,0.007339848,0.241804183,0.004546869
1581250739.5781567,000000000101,e78f135624ce,-74,9.921678911,4.160136054,1.838681633,0.006955102,0.009908843,-0.999227211,0.605553743,0.014772789,0.025545578,0.014772789,-0.605553743,-0.004454422
1581250740.0300782,000000000101,e78f135624ce,-71,9.756464091,4.149597045,1.828194091,0.023402955,0.001,-0.999402955,0.873312273,0.019,0.029597045,0.019,-0.874312273,0.001
1581250740.4863164,000000000101,e78f135624ce,-72,9.587948997,4.136,1.821,0.030933674,-0.002,-0.999,0.959729588,0.02,0.032933674,0.02,-0.960729588,0.003
1581250740.9431748,000000000101,e78f135624ce,-72,9.42365705,4.135,1.82028766,0.025150641,-0.00028766,-1.0,0.909916665,0.01828766,0.02757532,0.01828766,-0.909916665,0.002
1581250741.3961768,000000000101,e78f135624ce,-67,9.269089052,4.131258934,1.814705332,0.009964265,0.003517867,-1.0,0.344088482,0.014,0.021258934,0.014,-0.344829548,0.007776801
1581250741.84719,000000000101,e78f135624ce,-83,9.09788356,4.140707083,1.804,-0.005146459,0.008292917,-0.999,-0.038156074,0.011,0.027,0.011853541,0.038156074,0.012292917
1581250742.3079917,000000000101,e78f135624ce,-64,8.922042932,4.141279336,1.803,-0.004132227,0.006426445,-0.999,-0.111218092,0.010147109,0.032147109,0.010573555,0.111644537,0.011852891
1581250742.7676337,000000000101,e78f135624ce,-64,8.742306419,4.144285283,1.796,-0.015711698,0.011570566,-0.999,-0.447215837,0.007429434,0.038,0.008144151,0.447215837,0.015285283
1581250743.2191703,000000000101,e78f135624ce,-70,8.553106879,4.162767535,1.799077488,-0.036690047,0.012922512,-0.999,-0.824195727,0.002077488,0.043845023,0.002077488,0.825118238,0.013922512
1581250744.1291687,000000000101,e78f135624ce,-71,8.167784263,4.185521574,1.801104315,-0.053208629,0.012,-0.998,-0.980521574,-0.0,0.054104315,0.0,0.981521574,0.012895685
1581250744.581159,000000000101,e78f135624ce,-65,7.976176074,4.199281038,1.803281038,-0.052843115,0.010281038,-0.998718962,-0.992437923,-0.001281038,0.052843115,-0.000281038,0.994437923,0.010281038
1581250745.040146,000000000101,e78f135624ce,-75,7.780405275,4.197596523,1.798175659,-0.043596523,0.009806954,-0.999,-0.997403477,0.0,0.043596523,0.000403477,0.998,0.009806954
1581250745.4901545,000000000101,e78f135624ce,-71,7.591959029,4.19694322,1.788037854,-0.043,0.011962146,-0.999,-0.998018927,0.003,0.043,0.003018927,0.999,0.011962146
1581250745.9461362,000000000101,e78f135624ce,-65,7.406969447,4.195038946,1.792424207,-0.049653685,0.009961054,-0.999,-0.998653685,0.001346315,0.049653685,0.00169263,1.0,0.009961054
1581250746.4031549,000000000101,e78f135624ce,-60,7.242633677,4.183068543,1.784477531,-0.041068543,0.011,-0.998,-0.80013936,0.001,0.052886519,0.001704494,0.80113936,0.013408988
1581250747.3111753,000000000101,e78f135624ce,-66,6.910173268,4.185304279,1.776391443,-0.035782355,0.013695721,-0.99856524,-0.653254601,0.005695721,0.048739038,0.006130481,0.653689361,0.014304279
1581250747.7701592,000000000101,e78f135624ce,-67,6.829756694,4.187248661,1.772001071,-0.010001071,0.010751339,-0.999,0.268943234,0.017249732,0.023501607,0.017249732,-0.268943234,0.009
1581250748.2231212,000000000101,e78f135624ce,-59,6.710371862,4.218971525,1.774271356,-0.009850084,0.008121441,-0.999,0.646941365,0.018757119,0.01,0.018878559,-0.646819924,0.004364322
1581250748.2265825,000000000101,e78f135624ce,-55,6.709333453,4.218740767,1.774444425,-0.009648171,0.008092596,-0.999,0.650518108,0.018814808,0.01,0.018907404,-0.650425512,0.004277788
1581250748.6791499,000000000101,e78f135624ce,-57,6.577441949,4.218902948,1.758463605,-0.006415079,0.003463605,-0.999,0.60699218,0.018512132,-0.008415079,0.018512132,-0.60699218,0.010487868
1581250749.136135,000000000101,e78f135624ce,-77,6.35432294,4.269380846,1.76,-0.029305122,0.001922049,-0.998,0.304601338,0.015231626,0.023612472,0.015385301,-0.303447663,0.010614699
1581250749.5929334,000000000101,e78f135624ce,-71,6.122713814,4.240190467,1.758047665,-0.023380934,0.009571401,-0.998,-0.031237355,0.01,0.027571401,0.011,0.032237355,0.014380934
1581250750.047123,000000000101,e78f135624ce,-80,5.905399868,4.183171419,1.762400033,-0.01208571,0.011628564,-0.998457145,-0.207856848,0.00691429,0.015457145,0.00691429,0.208399703,0.013257129
1581250750.5021334,000000000101,e78f135624ce,-63,5.679002478,4.157333215,1.748777856,-0.016444287,0.017777856,-0.999,-0.376886451,0.000888928,0.010111072,0.001888928,0.376886451,0.018111072
1581250750.9531293,000000000101,e78f135624ce,-64,5.461842185,4.123777072,1.751423921,-0.012304318,0.01428804,-0.999,-0.503782729,0.001,0.007864119,0.00128804,0.503782729,0.016
1581250751.4131253,000000000101,e78f135624ce,-62,5.278726443,4.140086236,1.782033695,-0.015288407,0.00406739,-0.999,-0.127740154,0.005288407,0.000423187,0.005288407,0.127418052,0.007644203
1581250751.868138,000000000101,e78f135624ce,-60,5.115139844,4.16045394,1.80145394,-0.012863485,0.002,-1.0,0.179624862,0.008,-0.008863485,0.008,-0.179624862,0.003136515
1581250752.3211286,000000000101,e78f135624ce,-61,4.945969644,4.186535374,1.807808078,-0.018787883,-0.002787883,-1.0,0.458293149,0.011191922,-0.015979804,0.011787883,-0.458293149,0.004191922
1581250752.7761042,000000000101,e78f135624ce,-65,4.765105161,4.215920508,1.810823075,-0.022,-0.003451283,-1.0,0.670338394,0.013274358,-0.016274358,0.014,-0.670338394,0.004451283
1581250753.2371132,000000000101,e78f135624ce,-64,4.564359033,4.220052799,1.80897888,-0.02198944,-0.00201584,-1.0,0.361650506,0.012026399,-0.007058079,0.012026399,-0.361650506,0.00599472
1581250754.1441848,000000000101,e78f135624ce,-66,4.121705234,4.175550253,1.819149916,-0.007850084,0.009149916,-1.0,-0.856146539,-0.002,0.005,-0.002,0.856146539,0.01
1581250755.0541413,000000000101,e78f135624ce,-63,3.729552694,4.144,1.803131581,0.000263163,0.017,-1.0,-0.985171047,0.003,-0.000828953,0.002434209,0.985171047,0.017
1581250755.5072246,000000000101,e78f135624ce,-63,3.543261097,4.142073312,1.794926688,-0.012293247,0.019,-1.0,-0.995073312,0.003,0.012293247,0.003,0.995073312,0.019
1581250755.958117,000000000101,e78f135624ce,-65,3.357490435,4.142329809,1.794010574,-0.024340383,0.015659617,-0.999,-0.998,0.004,0.024340383,0.004,0.998670191,0.015659617
1581250756.4091449,000000000101,e78f135624ce,-64,3.15984715,4.156572539,1.78873791,-0.03952418,0.01573791,-0.999,-0.999,0.004,0.03952418,0.00426209,0.999,0.01573791
1581250756.8601048,000000000101,e78f135624ce,-63,2.969171029,4.165864698,1.797323488,-0.036405907,0.009270605,-0.999,-0.999,0.002135302,0.036405907,0.003,1.0,0.009270605
1581250757.3161016,000000000101,e78f135624ce,-72,2.77163701,4.174947577,1.805,-0.022842732,0.007,-1.0,-1.0,0.000526211,0.022842732,0.000526211,1.0,0.007
1581250758.2311196,000000000101,e78f135624ce,-66,2.387458479,4.16144752,1.80741436,-0.01558564,0.00872376,-1.0,-1.0,-0.00286188,0.01558564,-0.00286188,1.0,0.00872376
1581250758.6871498,000000000101,e78f135624ce,-69,2.200758547,4.168486392,1.800486392,-0.024981856,0.009009072,-0.999504536,-1.0,0.001495464,0.024981856,0.002,1.0,0.009009072
1581250759.138084,000000000101,e78f135624ce,-65,2.022584329,4.172173164,1.806432909,-0.029,0.004826836,-0.999,-1.0,0.002,0.029,0.002,1.0,0.004826836
1581250759.5920885,000000000101,e78f135624ce,-66,1.840694476,4.184904442,1.807630552,-0.03172611,0.004821669,-0.999,-0.999,0.000452221,0.03172611,0.000452221,1.0,0.004821669
1581250760.0477607,000000000101,e78f135624ce,-69,1.645973334,4.199925641,1.795925641,-0.04,0.010229744,-0.999,-0.999,0.0,0.04,0.001,1.0,0.010229744
1581250760.5011318,000000000101,e78f135624ce,-82,1.482651342,4.212264443,1.732973556,-0.036,0.026973556,-0.997026444,-0.998026444,0.003973556,0.036,0.005973556,0.999,0.026973556
1581250761.4100919,000000000101,e78f135624ce,-66,1.122226424,4.222149374,1.762981919,-0.017574687,0.008610848,-0.999,-0.999,0.001,0.017574687,0.001,1.0,0.008610848
1581250761.8680835,000000000101,e78f135624ce,-70,0.934583568,4.302062202,1.809840456,-0.041521367,-0.006420228,-0.991579772,-0.992579772,0.001,0.041521367,-0.004140076,0.998859924,-0.005420228
1581250762.3230805,000000000101,e78f135624ce,-74,0.775076262,4.217692202,1.787461525,-0.009461525,0.002538475,-0.996538475,-0.997538475,-0.000461525,0.01,-0.002461525,0.999538475,0.003
1581250762.7820902,000000000101,e78f135624ce,-83,0.584155277,4.188577638,1.741,-0.004771566,0.015754313,-0.997245687,-0.999,-0.000245687,0.005771566,0.000508626,0.999,0.015508626
1581250763.2380788,000000000101,e78f135624ce,-72,0.435758666,4.201339194,1.740573395,-0.017213302,0.014388124,-0.998087411,-0.999,-0.001087411,0.017300713,-0.001087411,0.999,0.013475535
1581250763.6970785,000000000101,e78f135624ce,-80,0.34906156,4.173043403,1.767558015,-0.011141276,0.004840567,-0.999,-0.999,-0.002,0.011141276,-0.002,1.0,0.004840567
