1581250709.561506,000000000402,e78f135624ce,-78,17.974003807,4.354875476,1.743,0.008249048,-0.013124524,-0.999124524,1.0,0.021875476,0.007373572,0.021,-0.999,0.014
1581250710.018471,000000000402,e78f135624ce,-68,17.961366687,4.302289,1.760633313,0.01,-0.007,-1.001,0.999,0.014911125,0.01,0.014911125,-1.001,0.005
1581250711.3794942,000000000402,e78f135624ce,-65,17.944239999,4.188099997,1.810660004,0.013,0.001380001,-1.0,1.0,0.015,0.013,0.015,-1.0,-0.001380001
1581250711.837665,000000000402,e78f135624ce,-68,17.940000208,4.173000831,1.825999377,0.013,0.003999792,-1.0,1.0,0.015,0.013,0.015,-1.0,-0.003
1581250712.2944975,000000000402,e78f135624ce,-69,17.938,4.161617095,1.836382905,0.013,0.005,-1.0,1.0,0.015,0.013,0.015,-1.0,-0.004308547
1581250712.7454886,000000000402,e78f135624ce,-69,17.93534139,4.159317221,1.83834139,0.012,0.003,-1.0,1.0,0.015,0.012,0.015,-1.0,-0.003
1581250713.199518,000000000402,e78f135624ce,-70,17.937973944,4.154052111,1.829013028,0.014026056,-0.000986972,-1.0,1.0,0.014,0.014026056,0.014,-1.0,0.000986972
1581250713.6515622,000000000402,e78f135624ce,-68,17.922258143,4.160419381,1.833838762,0.015161238,0.002,-1.0,1.0,0.014580619,0.015161238,0.014580619,-1.0,-0.001419381
1581250715.0054955,000000000402,e78f135624ce,-69,17.73854282,4.16989689,1.83,0.050206221,-0.001,-0.998632297,0.998632297,0.015632297,0.050206221,0.015632297,-1.0,0.002
1581250715.4635305,000000000402,e78f135624ce,-68,17.637518432,4.16977552,1.839089792,0.058089792,0.002044896,-0.998,0.998,0.012044896,0.058134688,0.012044896,-1.0,-0.001044896
1581250715.4664164,000000000402,e78f135624ce,-68,17.636785878,4.169664527,1.839134189,0.058134189,0.002067095,-0.998,0.998,0.012067095,0.058201284,0.012067095,-1.0,-0.001067095
1581250715.9154594,000000000402,e78f135624ce,-65,17.517910631,4.166,1.845296088,0.059,0.002648044,-0.998,0.998,0.012,0.059,0.012,-1.0,-0.002
1581250716.3774848,000000000402,e78f135624ce,-81,17.400389155,4.160668411,1.842342055,0.062,0.002005233,-0.998,0.998,0.015331589,0.062,0.015331589,-1.0,-0.001005233
1581250716.8324902,000000000402,e78f135624ce,-81,17.283361035,4.160919939,1.843,0.057160122,0.001,-0.998,0.998,0.015,0.057160122,0.015,-1.0,-0.0
1581250717.2884426,000000000402,e78f135624ce,-70,17.146775454,4.159,1.840757716,0.049136573,0.002,-0.999,0.999,0.016,0.049136573,0.016,-1.0,-0.001
1581250717.7476254,000000000402,e78f135624ce,-70,17.006634948,4.151,1.838307164,0.044692836,0.003614327,-0.999,0.999,0.015,0.044692836,0.015,-1.0,-0.003614327
1581250718.2014627,000000000402,e78f135624ce,-71,16.870973249,4.147,1.835948072,0.045,0.005948072,-0.999,0.999,0.015,0.045,0.015,-1.0,-0.004948072
1581250718.6554513,000000000402,e78f135624ce,-76,16.733672842,4.149741427,1.834870713,0.046258573,0.007,-0.999,0.999,0.015564643,0.046258573,0.016564643,-1.0,-0.006435357
1581250719.1104352,000000000402,e78f135624ce,-69,16.604367179,4.147620982,1.837,0.055947546,0.007,-0.998,0.998,0.016189509,0.055947546,0.016189509,-1.0,-0.006
1581250720.014409,000000000402,e78f135624ce,-68,16.352039394,4.154,1.834,0.074563731,0.001563731,-0.997,0.997,0.016563731,0.074563731,0.016563731,-1.0,-0.000563731
1581250720.4676044,000000000402,e78f135624ce,-71,16.231255599,4.1487713,1.831076233,0.0677713,-0.001,-0.998,0.997076233,0.017,0.0677713,0.017,-1.0,0.002
1581250720.9284618,000000000402,e78f135624ce,-72,16.102526085,4.140461615,1.831487205,0.050487205,-0.001756398,-0.999,0.998,0.017756398,0.050487205,0.017756398,-1.0,0.002756398
1581250721.3804574,000000000402,e78f135624ce,-74,15.97787317,4.14048924,1.833595696,0.028319368,-0.000702152,-0.999297848,0.999,0.017702152,0.028319368,0.017702152,-1.0,0.001702152
1581250721.8404248,000000000402,e78f135624ce,-74,15.85576542,4.153844228,1.839792304,0.001259621,0.002896152,-1.0,1.0,0.017051924,0.001259621,0.017051924,-1.0,-0.002896152
1581250722.2910004,000000000402,e78f135624ce,-71,15.727173437,4.166785134,1.837,-0.005809911,0.004,-1.0,0.909256295,0.018595045,-0.001,0.018595045,-0.909256295,-0.002595045
1581250722.741527,000000000402,e78f135624ce,-69,15.5698501,4.153791679,1.814483329,-0.030200057,0.016033343,-0.999,-0.170317468,0.013483329,0.034208321,0.014483329,0.171317468,0.013033343
1581250723.1914263,000000000402,e78f135624ce,-72,15.42006345,4.138295778,1.821704222,0.032373221,0.007147889,-0.998,0.623626539,0.017147889,0.052556333,0.018,-0.624626539,0.003295778
1581250724.5474415,000000000402,e78f135624ce,-68,14.99507579,4.119159676,1.798479028,0.001638704,0.019453765,-0.998,-0.167015708,0.012386559,0.050546235,0.013386559,0.166629149,0.018067206
1581250725.0074112,000000000402,e78f135624ce,-65,14.848251751,4.103694483,1.787305517,-0.006555867,0.018777933,-0.999,-0.424090456,0.01091655,0.038222067,0.011611033,0.423784939,0.01908345
1581250725.458445,000000000402,e78f135624ce,-69,14.690545443,4.099,1.781922925,0.001,0.016077075,-0.998,-0.276081021,0.015,0.053460476,0.015,0.276081021,0.01715415
1581250725.9144366,000000000402,e78f135624ce,-67,14.536527756,4.107112375,1.768,-0.046561874,0.022443813,-0.997443813,-0.75827024,0.008443813,0.065224749,0.009887625,0.759826427,0.022443813
1581250726.3714268,000000000402,e78f135624ce,-65,14.372298016,4.125791089,1.755802228,-0.075593317,0.024802228,-0.996,-0.92115322,0.007,0.082,0.009,0.923350992,0.024604455
1581250726.8264282,000000000402,e78f135624ce,-64,14.220870542,4.125672831,1.748654337,-0.073,0.024,-0.997,-0.972691325,0.007836416,0.075163584,0.009836416,0.975691325,0.023836416
1581250727.2814186,000000000402,e78f135624ce,-70,14.065843414,4.150039247,1.737078495,-0.073078495,0.027470565,-0.996490188,-0.989470565,0.007,0.074078495,0.009,0.991980376,0.026470565
1581250727.7364345,000000000402,e78f135624ce,-61,13.935233723,4.141576628,1.739855843,-0.047567529,0.025,-0.998,-0.996144157,0.004,0.047567529,0.005,0.997144157,0.024144157
1581250728.1973996,000000000402,e78f135624ce,-65,13.767779538,4.190970555,1.730338241,-0.05383088,0.027,-0.998,-0.99783088,0.00583088,0.05383088,0.007,0.999,0.02616912
1581250729.1054046,000000000402,e78f135624ce,-71,13.498622607,4.191614477,1.753678731,-0.061128508,0.015192762,-0.997935746,-0.998,0.001064254,0.061128508,0.001192762,1.0,0.015192762
1581250729.5594134,000000000402,e78f135624ce,-71,13.351073141,4.193644265,1.747233199,-0.068294467,0.019883401,-0.997,-0.920802421,0.003411066,0.071822133,0.004705533,0.923802421,0.019588934
1581250730.0144234,000000000402,e78f135624ce,-73,13.251013599,4.152045984,1.781705313,-0.013529791,0.016718912,-0.998,-0.156987666,0.010078368,0.053281088,0.011078368,0.15762821,0.00740544
1581250730.4714124,000000000402,e78f135624ce,-70,13.1449989,4.127942794,1.803971397,0.012914191,0.012,-0.999,0.389541254,0.015,0.03779978,0.015028603,-0.390512651,0.003028603
1581250730.9254057,000000000402,e78f135624ce,-64,13.005620143,4.114228834,1.811762014,0.01,0.014,-0.999,0.304146473,0.015352403,0.022704806,0.015704806,-0.304498875,0.002590389
1581250731.834367,000000000402,e78f135624ce,-65,12.700330838,4.145833645,1.76716582,-0.007000267,0.022500134,-0.999,-0.121340731,0.017833378,0.004333512,0.017833378,0.121174108,0.019000267
1581250732.2914221,000000000402,e78f135624ce,-65,12.534349016,4.47240822,1.811520682,-0.095414167,0.005633144,-0.969266288,-0.111100832,0.015420114,0.058260341,0.009,0.12794106,0.003686401
1581250732.7524211,000000000402,e78f135624ce,-68,12.386814333,4.334062384,1.788255848,-0.027023394,-0.000744152,-0.990496101,0.463447828,0.012248051,0.025255848,0.010248051,-0.457943929,0.012
1581250733.206402,000000000402,e78f135624ce,-63,12.248003524,4.253642471,1.795897346,0.004384073,-0.002,-0.996897346,0.829840732,0.015897346,0.021,0.014897346,-0.828738077,0.006102654
1581250733.6583939,000000000402,e78f135624ce,-63,12.099181003,4.220390931,1.801304535,0.017382721,-0.002078186,-0.999,0.943835417,0.016460907,0.023,0.016460907,-0.943835417,0.003078186
1581250734.5643907,000000000402,e78f135624ce,-64,11.767655863,4.193333103,1.815333793,0.018333103,-0.000666897,-1.0,0.994333793,0.013666207,0.018666207,0.013666207,-0.994333793,0.001
1581250735.0194001,000000000402,e78f135624ce,-66,11.589959212,4.181433474,1.814037553,0.011679184,-0.004641632,-1.0,0.998,0.011,0.012,0.011,-0.998,0.004641632
1581250735.4743907,000000000402,e78f135624ce,-66,11.41229379,4.163192692,1.814972473,0.008972473,-0.005,-1.0,0.999,0.012972473,0.008972473,0.012972473,-0.999,0.005
1581250735.9353888,000000000402,e78f135624ce,-62,11.246806845,4.153410176,1.812057632,0.01,-0.004705088,-1.0,0.790224233,0.012647456,0.00676272,0.012647456,-0.790224233,0.007294912
1581250736.3863916,000000000402,e78f135624ce,-63,11.089760139,4.159239146,1.822956584,0.001,0.003239146,-1.0,0.552849832,0.015478292,-0.001760854,0.015478292,-0.552849832,0.002282562
1581250737.296381,000000000402,e78f135624ce,-73,10.7430536,4.162943278,1.832528361,-0.013943278,0.004528361,-1.0,0.464146055,0.016943278,-0.010414918,0.016943278,-0.464617694,0.0
1581250737.7553716,000000000402,e78f135624ce,-63,10.564058035,4.155,1.835574192,-0.008148384,0.007574192,-1.0,0.321303364,0.015425808,0.003,0.015425808,-0.321303364,-0.001
1581250738.2093718,000000000402,e78f135624ce,-65,10.401565472,4.148458056,1.841541944,0.005931202,0.010694629,-1.0,0.601624045,0.016847315,0.014541944,0.016847315,-0.601624045,-0.005694629
1581250738.6703718,000000000402,e78f135624ce,-59,10.222973555,4.159089256,1.834955372,-0.030656198,0.012522314,-0.999,-0.457315696,0.003955372,0.038089256,0.004477686,0.458315696,0.006566942
1581250739.125359,000000000402,e78f135624ce,-71,10.067964484,4.163705585,1.833294415,-0.021233507,0.012852792,-0.999,-0.229066129,0.006588831,0.036558377,0.007441623,0.230066129,0.004411169
1581250739.5813615,000000000402,e78f135624ce,-71,9.920520245,4.160012792,1.838607675,0.007176974,0.009810234,-0.999202558,0.608857173,0.014797442,0.025594883,0.014797442,-0.608857173,-0.004405117
1581250740.0313778,000000000402,e78f135624ce,-74,9.756004226,4.149587048,1.828174097,0.023412952,0.001,-0.999412952,0.873692162,0.019,0.029587048,0.019,-0.874692162,0.001
1581250740.489362,000000000402,e78f135624ce,-62,9.586871338,4.136,1.821,0.030910246,-0.002,-0.999,0.959987289,0.02,0.032910246,0.02,-0.960987289,0.003
1581250740.946371,000000000402,e78f135624ce,-62,9.422485095,4.135,1.820261025,0.0250441,-0.000261025,-1.0,0.907146588,0.018261025,0.02752205,0.018261025,-0.907146588,0.002
1581250741.402512,000000000402,e78f135624ce,-65,9.266439759,4.131316527,1.814417365,0.009733892,0.003633054,-1.0,0.334988738,0.014,0.021316527,0.014,-0.335672211,0.007949581
1581250741.852399,000000000402,e78f135624ce,-70,9.096134756,4.1407815,1.804,-0.00510925,0.0082185,-0.999,-0.03506776,0.011,0.027,0.01189075,0.03506776,0.0122185
1581250742.3093588,000000000402,e78f135624ce,-71,8.92158398,4.141250041,1.803,-0.004083402,0.00641668,-0.999,-0.110251363,0.010166639,0.032166639,0.01058332,0.110668043,0.011833361
1581250742.7703586,000000000402,e78f135624ce,-66,8.741372173,4.144304746,1.796,-0.015828478,0.011609493,-0.999,-0.450368917,0.007390507,0.038,0.008085761,0.450368917,0.015304746
1581250743.22137,000000000402,e78f135624ce,-65,8.552047047,4.162827526,1.799057491,-0.036770034,0.012942509,-0.999,-0.82543553,0.002057491,0.043885017,0.002057491,0.826378039,0.013942509
1581250743.6803443,000000000402,e78f135624ce,-65,8.357813964,4.174278191,1.799569548,-0.047708644,0.013430452,-0.999,-0.943251861,-0.000569548,0.050139096,0.0,0.944251861,0.014
1581250744.5843508,000000000402,e78f135624ce,-69,7.974850288,4.199256487,1.803256487,-0.05276946,0.010256487,-0.998743513,-0.992487026,-0.001256487,0.05276946,-0.000256487,0.994487026,0.010256487
1581250745.042356,000000000402,e78f135624ce,-65,7.779453318,4.197579524,1.798056665,-0.043579524,0.009840953,-0.999,-0.997420476,0.0,0.043579524,0.000420476,0.998,0.009840953
1581250745.4927983,000000000402,e78f135624ce,-66,7.590840489,4.196882208,1.788078528,-0.043,0.011921472,-0.999,-0.998039264,0.003,0.043,0.003039264,0.999,0.011921472
1581250745.948382,000000000402,e78f135624ce,-69,7.406052466,4.194982804,1.792293209,-0.049672399,0.010017196,-0.999,-0.998672399,0.001327601,0.049672399,0.001655203,1.0,0.010017196
1581250746.40634,000000000402,e78f135624ce,-87,7.241253495,4.183254337,1.784610241,-0.041254337,0.011,-0.998,-0.801678794,0.001,0.052966145,0.001677952,0.802678794,0.013355904
1581250746.8593311,000000000402,e78f135624ce,-71,7.080795516,4.181421023,1.780871338,-0.039485354,0.008935669,-0.998,-0.700116607,0.005,0.055871338,0.005,0.701052276,0.013064331
1581250747.315329,000000000402,e78f135624ce,-68,6.909278619,4.185208424,1.776583153,-0.035430886,0.013791576,-0.998597192,-0.644563731,0.005791576,0.048611231,0.006194384,0.644966539,0.014208424
1581250747.773336,000000000402,e78f135624ce,-68,6.829145793,4.187370841,1.771903327,-0.009903327,0.010629159,-0.999,0.274123677,0.017274168,0.02335499,0.017274168,-0.274123677,0.009
1581250748.2263484,000000000402,e78f135624ce,-75,6.709403691,4.218756376,1.774432718,-0.009661829,0.008094547,-0.999,0.650276176,0.018810906,0.01,0.018905453,-0.650181629,0.004283641
1581250748.6813407,000000000402,e78f135624ce,-72,6.576602131,4.218756892,1.758408835,-0.006287281,0.003408835,-0.999,0.609237781,0.018530388,-0.008287281,0.018530388,-0.609237781,0.010469612
1581250749.1423368,000000000402,e78f135624ce,-74,6.349723309,4.270517834,1.76,-0.030080341,0.002232136,-0.998,0.285634319,0.01497322,0.024491053,0.015178576,-0.284428963,0.010821424
1581250749.5985398,000000000402,e78f135624ce,-72,6.120514377,4.240147341,1.758263296,-0.023294681,0.009442022,-0.998,-0.027787257,0.01,0.027442022,0.011,0.028787257,0.014294681
1581250750.0494232,000000000402,e78f135624ce,-70,5.904408987,4.183100642,1.762647753,-0.012050321,0.011575481,-0.99847484,-0.205645059,0.006949679,0.01547484,0.006949679,0.20617022,0.013150963
1581250750.5053306,000000000402,e78f135624ce,-81,5.67745307,4.157406997,1.748728669,-0.016542662,0.017728669,-0.999,-0.378411264,0.000864334,0.010135666,0.001864334,0.378411264,0.018135666
1581250750.9563344,000000000402,e78f135624ce,-78,5.460373197,4.123055933,1.751477338,-0.012090647,0.014261331,-0.999,-0.504637413,0.001,0.007783993,0.001261331,0.504637413,0.016
1581250751.416338,000000000402,e78f135624ce,-70,5.277704222,4.140728775,1.781946076,-0.015405232,0.003892152,-0.999,-0.118014455,0.005405232,0.000189536,0.005405232,0.117663147,0.007702616
1581250752.324329,000000000402,e78f135624ce,-73,4.945009557,4.186901121,1.80776236,-0.01885646,-0.00285646,-1.0,0.462293512,0.01123764,-0.0160941,0.01185646,-0.462293512,0.00423764
1581250752.7783775,000000000402,e78f135624ce,-86,4.764341975,4.216034174,1.810871789,-0.022,-0.003418807,-1.0,0.671897242,0.013290596,-0.016290596,0.014,-0.671897242,0.004418807
1581250753.2393243,000000000402,e78f135624ce,-72,4.563254718,4.21990684,1.809034935,-0.022011645,-0.00197671,-1.0,0.354726272,0.011965065,-0.006895195,0.011965065,-0.354726272,0.006
1581250753.6982682,000000000402,e78f135624ce,-73,4.332221864,4.19250892,1.815,-0.016075251,0.005283166,-1.0,-0.563104763,0.004,0.007358417,0.004,0.563104763,0.007641583
1581250754.1493046,000000000402,e78f135624ce,-74,4.118819526,4.175410622,1.819196459,-0.007803541,0.009196459,-1.0,-0.85805483,-0.002,0.005,-0.002,0.85805483,0.01
1581250754.6003008,000000000402,e78f135624ce,-78,3.916746609,4.159475025,1.813842871,0.000157129,0.014578564,-1.0,-0.953839233,-0.000210718,-0.001157129,-0.000210718,0.953839233,0.014578564
1581250755.0572996,000000000402,e78f135624ce,-74,3.728240773,4.144,1.803082992,0.000165983,0.017,-1.0,-0.985292521,0.003,-0.000707479,0.002458504,0.985292521,0.017
1581250755.5083013,000000000402,e78f135624ce,-74,3.542838701,4.142081594,1.794918406,-0.012326376,0.019,-1.0,-0.995081594,0.003,0.012326376,0.003,0.995081594,0.019
1581250755.9603364,000000000402,e78f135624ce,-73,3.356565668,4.142311313,1.79406606,-0.024377373,0.015622627,-0.999,-0.998,0.004,0.024377373,0.004,0.998688687,0.015622627
1581250756.4123359,000000000402,e78f135624ce,-69,3.158411201,4.156732089,1.788711319,-0.039577363,0.015711319,-0.999,-0.999,0.004,0.039577363,0.004288681,0.999,0.015711319
1581250756.8633144,000000000402,e78f135624ce,-70,2.967862504,4.165889387,1.797446934,-0.03633184,0.009221227,-0.999,-0.999,0.002110613,0.03633184,0.003,1.0,0.009221227
1581250757.318318,000000000402,e78f135624ce,-74,2.770750475,4.17491348,1.805,-0.022740439,0.007,-1.0,-1.0,0.00054326,0.022740439,0.00054326,1.0,0.007
1581250757.779302,000000000402,e78f135624ce,-68,2.573600002,4.161486274,1.807729412,-0.010486274,0.006756863,-1.0,-1.0,0.000756863,0.010486274,0.000756863,1.0,0.006756863
1581250758.2342489,000000000402,e78f135624ce,-69,2.386050318,4.161551828,1.807336129,-0.015663871,0.008775914,-1.0,-1.0,-0.002887957,0.015663871,-0.002887957,1.0,0.008775914
1581250758.6892931,000000000402,e78f135624ce,-75,2.199740439,4.168539977,1.800539977,-0.025053302,0.008973349,-0.999486674,-1.0,0.001513326,0.025053302,0.002,1.0,0.008973349
1581250759.140285,000000000402,e78f135624ce,-80,2.021648869,4.172209848,1.806524621,-0.029,0.004790152,-0.999,-1.0,0.002,0.029,0.002,1.0,0.004790152
1581250760.050289,000000000402,e78f135624ce,-81,1.644962058,4.200022879,1.796022879,-0.04,0.010190848,-0.999,-0.999,0.0,0.04,0.001,1.0,0.010190848
1581250760.5052903,000000000402,e78f135624ce,-71,1.481019934,4.212584327,1.732941567,-0.036,0.026941567,-0.997058433,-0.998058433,0.003941567,0.036,0.005941567,0.999,0.026941567
1581250760.9572725,000000000402,e78f135624ce,-73,1.288158072,4.245347384,1.755010538,-0.04168423,0.014663154,-0.998,-0.998663154,0.002010538,0.04168423,0.002673692,0.999,0.014663154
1581250761.8702903,000000000402,e78f135624ce,-78,0.933842714,4.301605079,1.809745878,-0.041237635,-0.006372939,-0.991627061,-0.992627061,0.001,0.041237635,-0.004124313,0.998875687,-0.005372939
1581250762.3262794,000000000402,e78f135624ce,-77,0.773933812,4.21750941,1.787438676,-0.009438676,0.002561324,-0.996561324,-0.997561324,-0.000438676,0.01,-0.002438676,0.999561324,0.003
1581250762.7852824,000000000402,e78f135624ce,-75,0.583334429,4.188167215,1.741,-0.00465756,0.015731512,-0.997268488,-0.999,-0.000268488,0.00565756,0.000463024,0.999,0.015463024
1581250763.699375,000000000402,e78f135624ce,-82,0.348831915,4.172542359,1.76785029,-0.010953385,0.00475706,-0.999,-0.999,-0.002,0.010953385,-0.002,1.0,0.00475706
