1581250710.4663215,b827eb4521b4,e78f135624ce,-79,17.958140274,4.246996987,1.768716438,0.012713425,-0.007856712,-1.0,0.999,0.013856712,0.012713425,0.013856712,-1.0,0.007
1581250710.9168913,b827eb4521b4,e78f135624ce,-79,17.94725669,4.215566896,1.789946483,0.01174331,-0.002770069,-1.0,1.0,0.01274331,0.01174331,0.01274331,-1.0,0.002513379
1581250711.3747106,b827eb4521b4,e78f135624ce,-81,17.944326974,4.188317435,1.810355591,0.013,0.001336513,-1.0,1.0,0.015,0.013,0.015,-1.0,-0.001336513
1581250711.8317983,b827eb4521b4,e78f135624ce,-80,17.940042113,4.173168453,1.82587366,0.013,0.003957887,-1.0,1.0,0.015,0.013,0.015,-1.0,-0.003
1581250712.2886379,b827eb4521b4,e78f135624ce,-85,17.938,4.161700804,1.836299196,0.013,0.005,-1.0,1.0,0.015,0.013,0.015,-1.0,-0.004350402
1581250712.7402277,b827eb4521b4,e78f135624ce,-84,17.935303811,4.159392377,1.838303811,0.012,0.003,-1.0,1.0,0.015,0.012,0.015,-1.0,-0.003
1581250714.0964348,b827eb4521b4,e78f135624ce,-73,17.88880809,4.180556225,1.837,0.030079461,0.002920539,-0.999,0.999,0.013,0.030079461,0.013,-1.0,-0.002
1581250714.5468924,b827eb4521b4,e78f135624ce,-73,17.823963329,4.181883157,1.832627719,0.037058422,-0.000686141,-0.999,0.999,0.014,0.037058422,0.014,-1.0,0.000686141
1581250714.9998143,b827eb4521b4,e78f135624ce,-73,17.739547968,4.170027996,1.83,0.049944008,-0.001,-0.998675999,0.998675999,0.015675999,0.049944008,0.015675999,-1.0,0.002
1581250715.4592633,b827eb4521b4,e78f135624ce,-83,17.638601647,4.169939643,1.839024143,0.058024143,0.002012071,-0.998,0.998,0.012012071,0.058036214,0.012012071,-1.0,-0.001012071
1581250715.9096296,b827eb4521b4,e78f135624ce,-82,17.519416667,4.166,1.845198925,0.059,0.002599462,-0.998,0.998,0.012,0.059,0.012,-1.0,-0.002
1581250716.3713205,b827eb4521b4,e78f135624ce,-82,17.402032973,4.16071978,1.842598902,0.062,0.002159341,-0.998,0.998,0.01528022,0.062,0.01528022,-1.0,-0.001159341
1581250716.824977,b827eb4521b4,e78f135624ce,-78,17.285326046,4.16080435,1.843,0.0573913,0.001,-0.998,0.998,0.015,0.0573913,0.015,-1.0,-0.0
1581250717.2829547,b827eb4521b4,e78f135624ce,-87,17.148421828,4.159,1.840842145,0.049263218,0.002,-0.999,0.999,0.016,0.049263218,0.016,-1.0,-0.001
1581250717.7417006,b827eb4521b4,e78f135624ce,-77,17.008321208,4.151,1.838261589,0.044738411,0.003523178,-0.999,0.999,0.015,0.044738411,0.015,-1.0,-0.003523178
1581250718.1973357,b827eb4521b4,e78f135624ce,-86,16.872280142,4.147,1.83591368,0.045,0.00591368,-0.999,0.999,0.015,0.045,0.015,-1.0,-0.00491368
1581250718.6498232,b827eb4521b4,e78f135624ce,-72,16.735361276,4.149929031,1.834964515,0.046070969,0.007,-0.999,0.999,0.015517742,0.046070969,0.016517742,-1.0,-0.006482258
1581250719.5577226,b827eb4521b4,e78f135624ce,-72,16.47706927,4.146230551,1.834230551,0.070308348,0.004230551,-0.997230551,0.997,0.017769449,0.070308348,0.018,-1.0,-0.003230551
1581250720.008508,b827eb4521b4,e78f135624ce,-70,16.353491971,4.154,1.834,0.074609124,0.001609124,-0.997,0.997,0.016609124,0.074609124,0.016609124,-1.0,-0.000609124
1581250720.462011,b827eb4521b4,e78f135624ce,-75,16.232804512,4.148900376,1.831033208,0.067900376,-0.001,-0.998,0.997033208,0.017,0.067900376,0.017,-1.0,0.002
1581250720.9230688,b827eb4521b4,e78f135624ce,-71,16.104099053,4.140731266,1.831577089,0.050577089,-0.001711456,-0.999,0.998,0.017711456,0.050577089,0.017711456,-1.0,0.002711456
1581250721.3762565,b827eb4521b4,e78f135624ce,-83,15.979171642,4.140298288,1.833519315,0.028663082,-0.000740342,-0.999259658,0.999,0.017740342,0.028663082,0.017740342,-1.0,0.001740342
1581250723.636048,b827eb4521b4,e78f135624ce,-74,15.277053107,4.134697345,1.824348672,0.056046017,0.004,-0.998,0.872900876,0.018651328,0.063,0.018651328,-0.874900876,0.000651328
1581250724.0890412,b827eb4521b4,e78f135624ce,-71,15.134410456,4.132061807,1.826938193,0.062938193,0.004,-0.998,0.958072902,0.019,0.065,0.019,-0.960072902,-0.001938193
1581250724.5413008,b827eb4521b4,e78f135624ce,-73,14.996918001,4.119301385,1.798904154,0.002205539,0.01926482,-0.998,-0.154309175,0.012433795,0.05073518,0.013433795,0.153875381,0.017831026
1581250725.0015335,b827eb4521b4,e78f135624ce,-74,14.85028635,4.103739697,1.787260303,-0.006917573,0.018958787,-0.999,-0.432364489,0.01078091,0.038041213,0.011520607,0.432104185,0.01921909
1581250725.4528053,b827eb4521b4,e78f135624ce,-73,14.692707365,4.099,1.781875927,0.001,0.016124073,-0.998,-0.277349975,0.015,0.053131488,0.015,0.277349975,0.017248146
1581250725.9089026,b827eb4521b4,e78f135624ce,-66,14.538556867,4.107020142,1.768,-0.046100712,0.022489929,-0.997489929,-0.754765412,0.008489929,0.065040285,0.009979858,0.756275483,0.022489929
1581250726.820718,b827eb4521b4,e78f135624ce,-73,14.22271535,4.125584983,1.748830033,-0.073,0.024,-0.997,-0.972339933,0.007792492,0.075207508,0.009792492,0.975339933,0.023792492
1581250727.2765858,b827eb4521b4,e78f135624ce,-78,14.067144537,4.150187947,1.737375894,-0.073375894,0.02735904,-0.996453013,-0.98935904,0.007,0.074375894,0.009,0.991906026,0.02635904
1581250727.7309306,b827eb4521b4,e78f135624ce,-70,13.936927227,4.141407277,1.739898181,-0.047694542,0.025,-0.998,-0.996101819,0.004,0.047694542,0.005,0.997101819,0.024101819
1581250728.1919174,b827eb4521b4,e78f135624ce,-72,13.769881049,4.190422335,1.730429611,-0.053785195,0.027,-0.998,-0.997785195,0.005785195,0.053785195,0.007,0.999,0.026214805
1581250728.6481903,b827eb4521b4,e78f135624ce,-71,13.636113559,4.186791988,1.742208012,-0.044737596,0.019895994,-0.998420801,-0.998420801,0.002420801,0.044737596,0.003,0.999420801,0.018895994
1581250729.0990853,b827eb4521b4,e78f135624ce,-84,13.500571055,4.191930441,1.753942034,-0.061023186,0.015034779,-0.997988407,-0.998,0.001011593,0.061023186,0.001034779,1.0,0.015034779
1581250729.5548015,b827eb4521b4,e78f135624ce,-70,13.352527684,4.193360452,1.747020339,-0.068329944,0.019989831,-0.997,-0.924633899,0.003340113,0.071680226,0.004670056,0.927633899,0.019659887
1581250730.0090625,b827eb4521b4,e78f135624ce,-71,13.252044529,4.152499593,1.780591908,-0.014272061,0.016636438,-0.998,-0.171214503,0.009954656,0.053363562,0.010954656,0.171896284,0.007817812
1581250730.4668422,b827eb4521b4,e78f135624ce,-70,13.146241363,4.128056791,1.804007099,0.012971604,0.012014198,-0.999,0.390453383,0.014992901,0.038014198,0.014992901,-0.391446284,0.002992901
1581250730.9200597,b827eb4521b4,e78f135624ce,-74,13.00784767,4.114763441,1.811984767,0.01,0.014,-0.999,0.311497312,0.015396953,0.022793907,0.015793907,-0.311894265,0.002412186
1581250731.3766317,b827eb4521b4,e78f135624ce,-83,12.884523839,4.157443201,1.82234432,-0.0038608,0.00982784,-0.999,0.617593286,0.01734432,0.00662272,0.01734432,-0.617593286,-0.00117216
1581250731.828542,b827eb4521b4,e78f135624ce,-74,12.702660853,4.145542393,1.767956361,-0.006750623,0.022375311,-0.999,-0.114433899,0.01779177,0.004167082,0.01779177,0.11422567,0.018750623
1581250732.286522,b827eb4521b4,e78f135624ce,-71,12.53651911,4.473843282,1.812150709,-0.0961842,0.005458136,-0.968916273,-0.105710598,0.015525118,0.058575355,0.009,0.122760834,0.003441391
1581250732.7476466,b827eb4521b4,e78f135624ce,-71,12.387939767,4.335153713,1.788358161,-0.027432643,-0.000641839,-0.990427893,0.4581617,0.012213946,0.025358161,0.010213946,-0.452589593,0.012
1581250733.2009451,b827eb4521b4,e78f135624ce,-68,12.249938254,4.254436207,1.795847737,0.004086422,-0.002,-0.996847737,0.826864225,0.015847737,0.021,0.014847737,-0.825711962,0.006152263
1581250733.652195,b827eb4521b4,e78f135624ce,-86,12.101604205,4.220954466,1.801022767,0.01721366,-0.002190893,-0.999,0.942877407,0.016404553,0.023,0.016404553,-0.942877407,0.003190893
1581250734.1064851,b827eb4521b4,e78f135624ce,-76,11.942405885,4.205025908,1.808982728,0.019,-0.0,-0.999,0.981939549,0.017008636,0.020008636,0.017008636,-0.981939549,0.001
1581250734.5584774,b827eb4521b4,e78f135624ce,-71,11.769793731,4.19337859,1.81524282,0.01837859,-0.00062141,-1.0,0.99424282,0.01375718,0.01875718,0.01375718,-0.99424282,0.001
1581250735.468818,b827eb4521b4,e78f135624ce,-67,11.41447647,4.163517772,1.814926033,0.008926033,-0.005,-1.0,0.999,0.012926033,0.008926033,0.012926033,-0.999,0.005
1581250735.9301996,b827eb4521b4,e78f135624ce,-71,11.24862306,4.153583149,1.812187361,0.01,-0.004791574,-1.0,0.804235033,0.012604213,0.006978936,0.012604213,-0.804235033,0.007208426
1581250736.380393,b827eb4521b4,e78f135624ce,-74,11.092109597,4.159189158,1.82275663,0.001,0.003189158,-1.0,0.546401318,0.015378315,-0.001810842,0.015378315,-0.546401318,0.002432527
1581250736.8353884,b827eb4521b4,e78f135624ce,-71,10.915892789,4.157,1.834828418,-0.005485253,0.006171582,-1.0,0.542718404,0.016485253,-0.003313671,0.016485253,-0.542718404,-0.002656835
1581250737.2905166,b827eb4521b4,e78f135624ce,-74,10.74535424,4.1630335,1.83248325,-0.0140335,0.00448325,-1.0,0.467890234,0.0170335,-0.010550249,0.0170335,-0.468406984,0.0
1581250737.7494335,b827eb4521b4,e78f135624ce,-74,10.565976481,4.155,1.835665547,-0.008331093,0.007665547,-1.0,0.312441969,0.015334453,0.003,0.015334453,-0.312441969,-0.001
1581250738.203639,b827eb4521b4,e78f135624ce,-71,10.403619718,4.148601376,1.841398624,0.00559679,0.010599083,-1.0,0.594935802,0.016799541,0.014398624,0.016799541,-0.594935802,-0.005599083
1581250739.1191986,b827eb4521b4,e78f135624ce,-76,10.070069322,4.16380826,1.83319174,-0.021849558,0.01290413,-0.999,-0.246828915,0.006383481,0.036712389,0.007287611,0.247828915,0.004616519
1581250739.5762382,b827eb4521b4,e78f135624ce,-72,9.922372542,4.160209845,1.838725907,0.006822279,0.009967876,-0.999241969,0.603576158,0.014758031,0.025516062,0.014758031,-0.603576158,-0.004483938
1581250740.0267467,b827eb4521b4,e78f135624ce,-71,9.757642901,4.149622672,1.828245344,0.023377328,0.001,-0.999377328,0.872338473,0.019,0.029622672,0.019,-0.873338473,0.001
1581250740.4831254,b827eb4521b4,e78f135624ce,-77,9.589078117,4.136,1.821,0.03095822,-0.002,-0.999,0.959459581,0.02,0.03295822,0.02,-0.960459581,0.003
1581250740.9406953,b827eb4521b4,e78f135624ce,-72,9.424566221,4.135,1.820308323,0.025233293,-0.000308323,-1.0,0.912065613,0.018308323,0.027616646,0.018308323,-0.912065613,0.002
1581250741.8447452,b827eb4521b4,e78f135624ce,-71,9.098704295,4.140672158,1.804,-0.005163921,0.008327842,-0.999,-0.039605457,0.011,0.027,0.011836079,0.039605457,0.012327842
1581250742.3031728,b827eb4521b4,e78f135624ce,-72,8.92366071,4.141382599,1.803,-0.004304331,0.006460866,-0.999,-0.114625751,0.010078268,0.032078268,0.010539134,0.115086617,0.011921732
1581250742.765255,b827eb4521b4,e78f135624ce,-74,8.743121973,4.144268292,1.796,-0.015609753,0.011536584,-0.999,-0.444463341,0.007463416,0.038,0.008195123,0.444463341,0.015268292
1581250743.2169735,b827eb4521b4,e78f135624ce,-67,8.554165333,4.162707623,1.799097459,-0.036610164,0.012902541,-0.999,-0.822957535,0.002097459,0.043805082,0.002097459,0.823860076,0.013902541
1581250744.126598,b827eb4521b4,e78f135624ce,-62,8.168952841,4.185404716,1.801080943,-0.053161886,0.012,-0.998,-0.980404716,-0.0,0.054080943,0.0,0.981404716,0.012919057
1581250744.578951,b827eb4521b4,e78f135624ce,-66,7.977093339,4.199298025,1.803298025,-0.052894074,0.010298025,-0.998701975,-0.99240395,-0.001298025,0.052894074,-0.000298025,0.99440395,0.010298025
1581250745.0375974,b827eb4521b4,e78f135624ce,-65,7.781503173,4.197616128,1.798312897,-0.043616128,0.009767744,-0.999,-0.997383872,0.0,0.043616128,0.000383872,0.998,0.009767744
1581250745.4878492,b827eb4521b4,e78f135624ce,-73,7.592934334,4.196996418,1.788002388,-0.043,0.011997612,-0.999,-0.998001194,0.003,0.043,0.003001194,0.999,0.011997612
1581250745.9427352,b827eb4521b4,e78f135624ce,-75,7.408358206,4.195123972,1.792622601,-0.049625343,0.009876028,-0.999,-0.998625343,0.001374657,0.049625343,0.001749315,1.0,0.009876028
1581250746.4004068,b827eb4521b4,e78f135624ce,-67,7.243824484,4.182908243,1.78436303,-0.040908243,0.011,-0.998,-0.798811152,0.001,0.052817818,0.001727394,0.799811152,0.013454788
1581250746.8531818,b827eb4521b4,e78f135624ce,-71,7.083586346,4.180995303,1.780776734,-0.039106936,0.008888367,-0.998,-0.695055271,0.005,0.055776734,0.005,0.695943638,0.013111633
1581250747.3091624,b827eb4521b4,e78f135624ce,-71,6.91060683,4.185350732,1.776298536,-0.035952683,0.013649268,-0.998549756,-0.657466346,0.005649268,0.048800976,0.006099512,0.65791659,0.014350732
1581250747.7679906,b827eb4521b4,e78f135624ce,-71,6.830173743,4.187165251,1.772067799,-0.010067799,0.010834749,-0.999,0.265406661,0.01723305,0.023601698,0.01723305,-0.265406661,0.009
1581250748.2208505,b827eb4521b4,e78f135624ce,-74,6.711053072,4.219122905,1.774157821,-0.009982542,0.008140363,-0.999,0.644594974,0.018719274,0.01,0.018859637,-0.644454611,0.004421089
1581250748.6773365,b827eb4521b4,e78f135624ce,-72,6.578137091,4.219023842,1.758508941,-0.006520862,0.003508941,-0.999,0.605133431,0.01849702,-0.008520862,0.01849702,-0.605133431,0.01050298
1581250749.5901926,b827eb4521b4,e78f135624ce,-74,6.123789073,4.24021155,1.757942248,-0.023423101,0.009634651,-0.998,-0.032924036,0.01,0.027634651,0.011,0.033924036,0.014423101
1581250750.0435293,b827eb4521b4,e78f135624ce,-71,5.906947915,4.183281994,1.762013021,-0.012140997,0.011711495,-0.998429502,-0.21131231,0.006859003,0.015429502,0.006859003,0.211882808,0.013422991
1581250750.4993832,b827eb4521b4,e78f135624ce,-72,5.680335246,4.15726975,1.748820167,-0.016359667,0.017820167,-0.999,-0.375574838,0.000910083,0.010089917,0.001910083,0.375574838,0.018089917
1581250750.9503927,b827eb4521b4,e78f135624ce,-66,5.463096446,4.124392801,1.751378311,-0.012486756,0.014310844,-0.999,-0.503052977,0.001,0.007932533,0.001310844,0.503052977,0.016
1581250751.4104252,b827eb4521b4,e78f135624ce,-66,5.279585563,4.139546217,1.782107334,-0.015190221,0.004214668,-0.999,-0.135914072,0.005190221,0.000619557,0.005190221,0.135616516,0.007595111
1581250751.8663144,b827eb4521b4,e78f135624ce,-72,5.115739048,4.160349731,1.801349731,-0.012837433,0.002,-1.0,0.177644886,0.008,-0.008837433,0.008,-0.177644886,0.003162567
1581250752.3185349,b827eb4521b4,e78f135624ce,-64,4.94674777,4.186238945,1.807845132,-0.018732302,-0.002732302,-1.0,0.455050957,0.011154868,-0.01588717,0.011732302,-0.455050957,0.004154868
1581250752.7724915,b827eb4521b4,e78f135624ce,-68,4.766318014,4.21573987,1.810745659,-0.022,-0.003502894,-1.0,0.667861077,0.013248553,-0.016248553,0.014,-0.667861077,0.004502894
1581250753.2336326,b827eb4521b4,e78f135624ce,-67,4.566510723,4.220369224,1.80885231,-0.021926155,-0.002110767,-1.0,0.377535046,0.012184612,-0.007406146,0.012184612,-0.377535046,0.005963078
1581250753.6929336,b827eb4521b4,e78f135624ce,-66,4.33522865,4.192848396,1.815,-0.016220741,0.005186173,-1.0,-0.556218253,0.004,0.007406914,0.004,0.556218253,0.007593086
1581250755.0512238,b827eb4521b4,e78f135624ce,-62,3.730764589,4.144,1.803176466,0.000352933,0.017,-1.0,-0.985058834,0.003,-0.000941166,0.002411767,0.985058834,0.017
1581250755.5029485,b827eb4521b4,e78f135624ce,-76,3.544938618,4.142040419,1.794959581,-0.012161677,0.019,-1.0,-0.995040419,0.003,0.012161677,0.003,0.995040419,0.019
1581250755.9553568,b827eb4521b4,e78f135624ce,-72,3.358640508,4.14235281,1.79394157,-0.02429438,0.01570562,-0.999,-0.998,0.004,0.02429438,0.004,0.99864719,0.01570562
1581250756.40689,b827eb4521b4,e78f135624ce,-69,3.160861884,4.156459791,1.788756702,-0.039486597,0.015756702,-0.999,-0.999,0.004,0.039486597,0.004243298,0.999,0.015756702
1581250756.857841,b827eb4521b4,e78f135624ce,-75,2.970093955,4.165847284,1.797236419,-0.036458148,0.009305432,-0.999,-0.999,0.002152716,0.036458148,0.003,1.0,0.009305432
1581250757.312863,b827eb4521b4,e78f135624ce,-70,2.772932385,4.174997399,1.805,-0.022992198,0.007,-1.0,-1.0,0.0005013,0.022992198,0.0005013,1.0,0.007
1581250757.7735295,b827eb4521b4,e78f135624ce,-67,2.575864538,4.161397469,1.807596204,-0.010397469,0.006801265,-1.0,-1.0,0.000801265,0.010397469,0.000801265,1.0,0.006801265
1581250758.2287207,b827eb4521b4,e78f135624ce,-67,2.388538016,4.161367554,1.807474334,-0.015525666,0.008683777,-1.0,-1.0,-0.002841889,0.015525666,-0.002841889,1.0,0.008683777
1581250758.6829462,b827eb4521b4,e78f135624ce,-67,2.202755239,4.168381303,1.800381303,-0.024841738,0.009079131,-0.999539566,-1.0,0.001460434,0.024841738,0.002,1.0,0.009079131
1581250759.1356466,b827eb4521b4,e78f135624ce,-65,2.023620205,4.172132541,1.806331352,-0.029,0.004867459,-0.999,-1.0,0.002,0.029,0.002,1.0,0.004867459
1581250759.5895007,b827eb4521b4,e78f135624ce,-67,1.841689781,4.184824818,1.807531022,-0.031706204,0.004881387,-0.999,-0.999,0.000412409,0.031706204,0.000412409,1.0,0.004881387
1581250760.045203,b827eb4521b4,e78f135624ce,-65,1.646996435,4.199827266,1.795827266,-0.04,0.010269094,-0.999,-0.999,0.0,0.04,0.001,1.0,0.010269094
1581250760.4991794,b827eb4521b4,e78f135624ce,-65,1.483417287,4.212114257,1.732988574,-0.036,0.026988574,-0.997011426,-0.998011426,0.003988574,0.036,0.005988574,0.999,0.026988574
1581250760.9512007,b827eb4521b4,e78f135624ce,-68,1.290435001,4.245549778,1.755162333,-0.041937222,0.014612556,-0.998,-0.998612556,0.002162333,0.041937222,0.002774889,0.999,0.014612556
1581250761.407445,b827eb4521b4,e78f135624ce,-70,1.123381446,4.222486255,1.763102234,-0.017743128,0.00853866,-0.999,-0.999,0.001,0.017743128,0.001,1.0,0.00853866
1581250761.86543,b827eb4521b4,e78f135624ce,-69,0.935474339,4.302611826,1.809954171,-0.041862513,-0.006477085,-0.991522915,-0.992522915,0.001,0.041862513,-0.004159028,0.998840972,-0.005477085
1581250762.3203707,b827eb4521b4,e78f135624ce,-73,0.77604407,4.217847051,1.787480881,-0.009480881,0.002519119,-0.996519119,-0.997519119,-0.000480881,0.01,-0.002480881,0.999519119,0.003
1581250762.7799401,b827eb4521b4,e78f135624ce,-69,0.584708149,4.188854074,1.741,-0.004848354,0.015769671,-0.997230329,-0.999,-0.000230329,0.005848354,0.000539342,0.999,0.015539342
1581250763.236193,b827eb4521b4,e78f135624ce,-87,0.436495879,4.201013449,1.740881996,-0.017059002,0.014268113,-0.998104555,-0.999,-0.001104555,0.017163557,-0.001104555,0.999,0.013372668
1581250763.6936493,b827eb4521b4,e78f135624ce,-70,0.349404478,4.173791587,1.767121574,-0.011421845,0.004965265,-0.999,-0.999,-0.002,0.011421845,-0.002,1.0,0.004965265
