1581250709.5591128,b827eb917e19,e78f135624ce,-91,17.973856531,4.354857066,1.743,0.008285867,-0.013142934,-0.999142934,1.0,0.021857066,0.007428801,0.021,-0.999,0.014
1581250710.468291,b827eb917e19,e78f135624ce,-82,17.958049371,4.246890933,1.768792191,0.012683124,-0.007841562,-1.0,0.999,0.013841562,0.012683124,0.013841562,-1.0,0.007
1581250710.9188578,b827eb917e19,e78f135624ce,-85,17.947240302,4.215403023,1.790077581,0.011759698,-0.002720907,-1.0,1.0,0.012759698,0.011759698,0.012759698,-1.0,0.002480605
1581250711.3765936,b827eb917e19,e78f135624ce,-80,17.944292737,4.188231843,1.81047542,0.013,0.001353631,-1.0,1.0,0.015,0.013,0.015,-1.0,-0.001353631
1581250711.8354492,b827eb917e19,e78f135624ce,-76,17.940016035,4.173064141,1.825951894,0.013,0.003983965,-1.0,1.0,0.015,0.013,0.015,-1.0,-0.003
1581250712.2904854,b827eb917e19,e78f135624ce,-77,17.938,4.161674411,1.836325589,0.013,0.005,-1.0,1.0,0.015,0.013,0.015,-1.0,-0.004337205
1581250712.741982,b827eb917e19,e78f135624ce,-76,17.935316342,4.159367316,1.838316342,0.012,0.003,-1.0,1.0,0.015,0.012,0.015,-1.0,-0.003
1581250713.6449828,b827eb917e19,e78f135624ce,-91,17.922437581,4.160479194,1.833958387,0.015041613,0.002,-1.0,1.0,0.014520806,0.015041613,0.014520806,-1.0,-0.001479194
1581250714.0985653,b827eb917e19,e78f135624ce,-79,17.888517566,4.180691803,1.837,0.030098829,0.002901171,-0.999,0.999,0.013,0.030098829,0.013,-1.0,-0.002
1581250714.5488148,b827eb917e19,e78f135624ce,-90,17.823682368,4.181794432,1.832598144,0.037102784,-0.000700928,-0.999,0.999,0.014,0.037102784,0.014,-1.0,0.000700928
1581250715.0017254,b827eb917e19,e78f135624ce,-72,17.739209839,4.169983892,1.83,0.050032216,-0.001,-0.998661297,0.998661297,0.015661297,0.050032216,0.015661297,-1.0,0.002
1581250715.4611506,b827eb917e19,e78f135624ce,-78,17.638122558,4.169867054,1.839053178,0.058053178,0.002026589,-0.998,0.998,0.012026589,0.058079767,0.012026589,-1.0,-0.001026589
1581250715.9115174,b827eb917e19,e78f135624ce,-80,17.518928985,4.166,1.845230388,0.059,0.002615194,-0.998,0.998,0.012,0.059,0.012,-1.0,-0.002
1581250716.8268938,b827eb917e19,e78f135624ce,-79,17.284824707,4.160833841,1.843,0.057332319,0.001,-0.998,0.998,0.015,0.057332319,0.015,-1.0,-0.0
1581250717.2865272,b827eb917e19,e78f135624ce,-85,17.14735009,4.159,1.840787184,0.049180776,0.002,-0.999,0.999,0.016,0.049180776,0.016,-1.0,-0.001
1581250717.7448387,b827eb917e19,e78f135624ce,-87,17.007428067,4.151,1.838285728,0.044714272,0.003571456,-0.999,0.999,0.015,0.044714272,0.015,-1.0,-0.003571456
1581250718.1992137,b827eb917e19,e78f135624ce,-72,16.871685434,4.147,1.835929331,0.045,0.005929331,-0.999,0.999,0.015,0.045,0.015,-1.0,-0.004929331
1581250718.6516647,b827eb917e19,e78f135624ce,-76,16.734808812,4.149867646,1.834933823,0.046132354,0.007,-0.999,0.999,0.015533089,0.046132354,0.016533089,-1.0,-0.006466911
1581250719.5599992,b827eb917e19,e78f135624ce,-91,16.476456324,4.146213038,1.834213038,0.070360887,0.004213038,-0.997213038,0.997,0.017786962,0.070360887,0.018,-1.0,-0.003213038
1581250720.0103548,b827eb917e19,e78f135624ce,-84,16.353037377,4.154,1.834,0.074594918,0.001594918,-0.997,0.997,0.016594918,0.074594918,0.016594918,-1.0,-0.000594918
1581250720.4649642,b827eb917e19,e78f135624ce,-89,16.231986744,4.148832229,1.831055924,0.067832229,-0.001,-0.998,0.997055924,0.017,0.067832229,0.017,-1.0,0.002
1581250720.9285371,b827eb917e19,e78f135624ce,-78,16.102504111,4.140457848,1.831485949,0.050485949,-0.001757025,-0.999,0.998,0.017757025,0.050485949,0.017757025,-1.0,0.002757025
1581250721.378185,b827eb917e19,e78f135624ce,-84,15.978575539,4.14038595,1.83355438,0.02850529,-0.00072281,-0.99927719,0.999,0.01772281,0.02850529,0.01772281,-1.0,0.00172281
1581250722.734515,b827eb917e19,e78f135624ce,-81,15.571953737,4.154042112,1.814383155,-0.031402135,0.016233689,-0.999,-0.187246737,0.013383155,0.033957888,0.014383155,0.188246737,0.013233689
1581250723.1857665,b827eb917e19,e78f135624ce,-79,15.422173021,4.138398684,1.821601316,0.031807238,0.007199342,-0.998,0.616886203,0.017199342,0.052401974,0.018,-0.617886203,0.003398684
1581250723.6378887,b827eb917e19,e78f135624ce,-78,15.2763838,4.13473081,1.824365405,0.056096215,0.004,-0.998,0.873519985,0.018634595,0.063,0.018634595,-0.875519985,0.000634595
1581250724.0910132,b827eb917e19,e78f135624ce,-84,15.133861125,4.132047721,1.826952279,0.062952279,0.004,-0.998,0.958284183,0.019,0.065,0.019,-0.960284183,-0.001952279
1581250724.5448766,b827eb917e19,e78f135624ce,-77,14.995845261,4.119218866,1.798656599,0.001875465,0.019374845,-0.998,-0.161708328,0.012406289,0.050625155,0.013406289,0.161302039,0.017968556
1581250725.0047133,b827eb917e19,e78f135624ce,-91,14.849185655,4.103715237,1.787284763,-0.006721894,0.018860947,-0.999,-0.427888329,0.01085429,0.038139053,0.011569526,0.427603565,0.01914571
1581250725.4564009,b827eb917e19,e78f135624ce,-81,14.691329054,4.099,1.78190589,0.001,0.01609411,-0.998,-0.276540966,0.015,0.053341231,0.015,0.276540966,0.01718822
1581250725.910887,b827eb917e19,e78f135624ce,-79,14.537829268,4.107053215,1.768,-0.046266075,0.022473392,-0.997473392,-0.756022173,0.008473392,0.06510643,0.009946785,0.75754878,0.022473392
1581250726.364627,b827eb917e19,e78f135624ce,-82,14.374791328,4.125564425,1.755858894,-0.075423319,0.024858894,-0.996,-0.91996323,0.007,0.082,0.009,0.922104336,0.024717788
1581250726.8226993,b827eb917e19,e78f135624ce,-83,14.222075252,4.125615464,1.748769072,-0.073,0.024,-0.997,-0.972461857,0.007807732,0.075192268,0.009807732,0.975461857,0.023807732
1581250726.8251977,b827eb917e19,e78f135624ce,-77,14.221268081,4.125653901,1.748692198,-0.073,0.024,-0.997,-0.972615604,0.00782695,0.07517305,0.00982695,0.975615604,0.02382695
1581250727.2785895,b827eb917e19,e78f135624ce,-83,14.066605087,4.150126296,1.737252591,-0.073252591,0.027405278,-0.996468426,-0.989405278,0.007,0.074252591,0.009,0.991936852,0.026405278
1581250727.732858,b827eb917e19,e78f135624ce,-80,13.936334189,4.141466581,1.739883355,-0.047650064,0.025,-0.998,-0.996116645,0.004,0.047650064,0.005,0.997116645,0.024116645
1581250728.6500883,b827eb917e19,e78f135624ce,-76,13.635591595,4.186633817,1.742366183,-0.044690145,0.019816908,-0.998436618,-0.998436618,0.002436618,0.044690145,0.003,0.999436618,0.018816908
1581250729.1011763,b827eb917e19,e78f135624ce,-79,13.49992635,4.191825895,1.753854912,-0.061058035,0.015087053,-0.997970982,-0.998,0.001029018,0.061058035,0.001087053,1.0,0.015087053
1581250729.5566711,b827eb917e19,e78f135624ce,-77,13.351938017,4.193475509,1.747106632,-0.068315561,0.019946684,-0.997,-0.923080629,0.003368877,0.071737754,0.004684439,0.926080629,0.019631123
1581250730.0110955,b827eb917e19,e78f135624ce,-79,13.251653569,4.15232757,1.781014146,-0.01399057,0.016667714,-0.998,-0.165819251,0.010001572,0.053332286,0.011001572,0.166485394,0.007661428
1581250730.4688475,b827eb917e19,e78f135624ce,-74,13.145689451,4.127982254,1.803991127,0.012973382,0.012,-0.999,0.390547486,0.015,0.03793789,0.015008873,-0.391538613,0.003008873
1581250730.921932,b827eb917e19,e78f135624ce,-70,13.007067544,4.114576211,1.811906754,0.01,0.014,-0.999,0.308922895,0.015381351,0.022762702,0.015762702,-0.309304246,0.002474596
1581250731.3787646,b827eb917e19,e78f135624ce,-70,12.8840197,4.157831,1.8223831,-0.00395775,0.00980845,-0.999,0.6196874,0.0173831,0.0064676,0.0173831,-0.6196874,-0.00119155
1581250731.8304124,b827eb917e19,e78f135624ce,-73,12.701912696,4.145635913,1.767702522,-0.006830783,0.022415391,-0.999,-0.11665165,0.01780513,0.004220522,0.01780513,0.116456781,0.018830783
1581250732.2886689,b827eb917e19,e78f135624ce,-78,12.535568315,4.473214531,1.811874672,-0.095846821,0.005534813,-0.969069627,-0.108072251,0.015479112,0.058437336,0.009,0.125030475,0.003548739
1581250732.749623,b827eb917e19,e78f135624ce,-83,12.38747388,4.334701945,1.788315807,-0.027263229,-0.000684193,-0.990456128,0.460349956,0.012228064,0.025315807,0.010228064,-0.454806084,0.012
1581250733.2029433,b827eb917e19,e78f135624ce,-81,12.249229805,4.254145561,1.795865902,0.004195415,-0.002,-0.996865902,0.827954146,0.015865902,0.021,0.014865902,-0.826820048,0.006134098
1581250734.10843,b827eb917e19,e78f135624ce,-75,11.941665563,4.20494649,1.809020066,0.019013377,6.689e-06,-0.999,0.982026755,0.016993311,0.020013377,0.016993311,-0.982033444,0.000993311
1581250734.560281,b827eb917e19,e78f135624ce,-75,11.769141648,4.193364716,1.815270568,0.018364716,-0.000635284,-1.0,0.994270568,0.013729432,0.018729432,0.013729432,-0.994270568,0.001
1581250735.016359,b827eb917e19,e78f135624ce,-83,11.591128838,4.181620614,1.81410773,0.011702577,-0.004594846,-1.0,0.998,0.011,0.012,0.011,-0.998,0.004594846
1581250735.4706829,b827eb917e19,e78f135624ce,-72,11.413746046,4.163408986,1.814941573,0.008941573,-0.005,-1.0,0.999,0.012941573,0.008941573,0.012941573,-0.999,0.005
1581250735.932042,b827eb917e19,e78f135624ce,-73,11.247978268,4.15352174,1.812141305,0.01,-0.00476087,-1.0,0.799260926,0.012619565,0.006902175,0.012619565,-0.799260926,0.00723913
1581250736.3822258,b827eb917e19,e78f135624ce,-72,11.09139178,4.15920443,1.822817721,0.001,0.00320443,-1.0,0.548371498,0.01540886,-0.00179557,0.01540886,-0.548371498,0.002386709
1581250736.8375485,b827eb917e19,e78f135624ce,-77,10.915128456,4.157,1.834845034,-0.005535101,0.006154966,-1.0,0.545360336,0.016535101,-0.003380134,0.016535101,-0.545360336,-0.002690067
1581250737.292524,b827eb917e19,e78f135624ce,-71,10.744566689,4.163002615,1.832498692,-0.014002615,0.004498692,-1.0,0.466608534,0.017002615,-0.010503923,0.017002615,-0.467109841,0.0
1581250737.7513537,b827eb917e19,e78f135624ce,-73,10.565356102,4.155,1.835636005,-0.00827201,0.007636005,-1.0,0.31530753,0.015363995,0.003,0.015363995,-0.31530753,-0.001
1581250738.2062132,b827eb917e19,e78f135624ce,-72,10.402697294,4.14853702,1.84146298,0.005746952,0.010641986,-1.0,0.597939044,0.016820993,0.01446298,0.016820993,-0.597939044,-0.005641986
1581250739.1212678,b827eb917e19,e78f135624ce,-80,10.069362333,4.163773772,1.833226228,-0.021642634,0.012886886,-0.999,-0.240862615,0.006452455,0.036660659,0.007339341,0.241862615,0.004547545
1581250739.578189,b827eb917e19,e78f135624ce,-73,9.921667274,4.160134816,1.83868089,0.00695733,0.009907853,-0.999226963,0.60558692,0.014773037,0.025546073,0.014773037,-0.60558692,-0.004453927
1581250740.0287435,b827eb917e19,e78f135624ce,-71,9.756936357,4.149607312,1.828214624,0.023392688,0.001,-0.999392688,0.87292214,0.019,0.029607312,0.019,-0.87392214,0.001
1581250740.4861927,b827eb917e19,e78f135624ce,-81,9.587992781,4.136,1.821,0.030934626,-0.002,-0.999,0.959719117,0.02,0.032934626,0.02,-0.960719117,0.003
1581250740.9427032,b827eb917e19,e78f135624ce,-69,9.423829968,4.135,1.82029159,0.025166361,-0.00029159,-1.0,0.910325378,0.01829159,0.02758318,0.01829159,-0.910325378,0.002
1581250741.3958828,b827eb917e19,e78f135624ce,-70,9.269211985,4.131256261,1.814718694,0.009974955,0.003512522,-1.0,0.34451073,0.014,0.021256261,0.014,-0.345254469,0.007768784
1581250741.8466709,b827eb917e19,e78f135624ce,-71,9.098057808,4.140699668,1.804,-0.005150166,0.008300332,-0.999,-0.038463789,0.011,0.027,0.011849834,0.038463789,0.012300332
1581250742.3067548,b827eb917e19,e78f135624ce,-72,8.922458182,4.141305841,1.803,-0.004176402,0.00643528,-0.999,-0.112092767,0.010129439,0.032129439,0.01056472,0.112528047,0.011870561
1581250742.7672281,b827eb917e19,e78f135624ce,-84,8.742445464,4.144282386,1.796,-0.015694317,0.011564772,-0.999,-0.446746558,0.007435228,0.038,0.008152842,0.446746558,0.015282386
1581250743.2189448,b827eb917e19,e78f135624ce,-83,8.55321555,4.162761384,1.799079539,-0.036681845,0.012920461,-0.999,-0.824068602,0.002079539,0.043840923,0.002079539,0.824989063,0.013920461
1581250744.1286068,b827eb917e19,e78f135624ce,-80,8.168039697,4.18549603,1.801099206,-0.053198412,0.012,-0.998,-0.98049603,-0.0,0.054099206,0.0,0.98149603,0.012900794
1581250744.5808558,b827eb917e19,e78f135624ce,-74,7.976302047,4.199283371,1.803283371,-0.052850114,0.010283371,-0.998716629,-0.992433258,-0.001283371,0.052850114,-0.000283371,0.994433258,0.010283371
1581250745.039567,b827eb917e19,e78f135624ce,-72,7.780654741,4.197600978,1.798206843,-0.043600978,0.009798045,-0.999,-0.997399022,0.0,0.043600978,0.000399022,0.998,0.009798045
1581250745.4900079,b827eb917e19,e78f135624ce,-83,7.592021063,4.196946603,1.788035598,-0.043,0.011964402,-0.999,-0.998017799,0.003,0.043,0.003017799,0.999,0.011964402
1581250745.9457104,b827eb917e19,e78f135624ce,-90,7.407143321,4.195049591,1.792449046,-0.049650136,0.009950409,-0.999,-0.998650136,0.001349864,0.049650136,0.001699727,1.0,0.009950409
1581250746.4024637,b827eb917e19,e78f135624ce,-74,7.242933187,4.183028225,1.784448732,-0.041028225,0.011,-0.998,-0.799805291,0.001,0.052869239,0.001710254,0.800805291,0.013420507
1581250747.3112895,b827eb917e19,e78f135624ce,-77,6.91014867,4.185301643,1.776396713,-0.035772692,0.013698357,-0.998566119,-0.653015655,0.005698357,0.048735524,0.006132238,0.653449536,0.014301643
1581250747.7700047,b827eb917e19,e78f135624ce,-72,6.829786405,4.187242719,1.772005825,-0.010005825,0.010757281,-0.999,0.268691289,0.017248544,0.023508737,0.017248544,-0.268691289,0.009
1581250748.2228236,b827eb917e19,e78f135624ce,-94,6.710461126,4.218991361,1.774256479,-0.009867441,0.00812392,-0.999,0.6466339,0.01875216,0.01,0.01887608,-0.64650998,0.00437176
1581250748.679249,b827eb917e19,e78f135624ce,-72,6.577403929,4.218896336,1.758461126,-0.006409294,0.003461126,-0.999,0.607093842,0.018512958,-0.008409294,0.018512958,-0.607093842,0.010487042
1581250749.1362484,b827eb917e19,e78f135624ce,-73,6.354238947,4.269401609,1.76,-0.029319279,0.001927711,-0.998,0.304254985,0.015226907,0.023628516,0.015381526,-0.303100366,0.010618474
1581250749.5920439,b827eb917e19,e78f135624ce,-82,6.123062787,4.24019731,1.758013452,-0.023394619,0.009591929,-0.998,-0.031784763,0.01,0.027591929,0.011,0.032784763,0.014394619
1581250750.0470948,b827eb917e19,e78f135624ce,-79,5.905411987,4.183172285,1.762397003,-0.012086142,0.011629214,-0.998456929,-0.207883899,0.006913858,0.015456929,0.006913858,0.208426971,0.013258427
1581250750.5013907,b827eb917e19,e78f135624ce,-81,5.679362389,4.157316077,1.748789282,-0.016421436,0.017789282,-0.999,-0.376532253,0.000894641,0.010105359,0.001894641,0.376532253,0.018105359
1581250750.9524238,b827eb917e19,e78f135624ce,-76,5.46216553,4.123935806,1.751412163,-0.01235135,0.014293919,-0.999,-0.503594601,0.001,0.007881756,0.001293919,0.503594601,0.016
1581250751.412476,b827eb917e19,e78f135624ce,-94,5.278933011,4.139956393,1.782051401,-0.015264799,0.004102802,-0.999,-0.129705503,0.005264799,0.000470402,0.005264799,0.129389303,0.007632399
1581250751.868203,b827eb917e19,e78f135624ce,-72,5.115118537,4.160457646,1.801457646,-0.012864411,0.002,-1.0,0.179695271,0.008,-0.008864411,0.008,-0.179695271,0.003135589
1581250752.320409,b827eb917e19,e78f135624ce,-73,4.946185508,4.18645314,1.807818358,-0.018772464,-0.002772464,-1.0,0.457393716,0.011181642,-0.015954106,0.011772464,-0.457393716,0.004181642
1581250752.775508,b827eb917e19,e78f135624ce,-71,4.765305342,4.215890694,1.810810297,-0.022,-0.003459802,-1.0,0.669929513,0.013270099,-0.016270099,0.014,-0.669929513,0.004459802
1581250753.2363749,b827eb917e19,e78f135624ce,-68,4.564815488,4.220119925,1.80895203,-0.021976015,-0.002035977,-1.0,0.365020218,0.012059962,-0.007131917,0.012059962,-0.365020218,0.005988008
1581250755.0532901,b827eb917e19,e78f135624ce,-70,3.72990625,4.144,1.803144676,0.000289352,0.017,-1.0,-0.98513831,0.003,-0.00086169,0.002427662,0.98513831,0.017
1581250755.5064664,b827eb917e19,e78f135624ce,-71,3.543558534,4.14206748,1.79493252,-0.012269919,0.019,-1.0,-0.99506748,0.003,0.012269919,0.003,0.99506748,0.019
1581250755.9574554,b827eb917e19,e78f135624ce,-72,3.357766107,4.142335322,1.793994034,-0.024329356,0.015670644,-0.999,-0.998,0.004,0.024329356,0.004,0.998664678,0.015670644
1581250756.4088418,b827eb917e19,e78f135624ce,-79,3.159983513,4.156557387,1.788740435,-0.039519129,0.015740435,-0.999,-0.999,0.004,0.039519129,0.004259565,0.999,0.015740435
1581250756.8599815,b827eb917e19,e78f135624ce,-77,2.969221282,4.165863749,1.797318747,-0.036408752,0.009272501,-0.999,-0.999,0.002136251,0.036408752,0.003,1.0,0.009272501
1581250757.318446,b827eb917e19,e78f135624ce,-79,2.770699263,4.17491151,1.805,-0.02273453,0.007,-1.0,-1.0,0.000544245,0.02273453,0.000544245,1.0,0.007
1581250758.230673,b827eb917e19,e78f135624ce,-69,2.387659431,4.161432635,1.807425524,-0.015574476,0.008716317,-1.0,-1.0,-0.002858159,0.015574476,-0.002858159,1.0,0.008716317
1581250758.6864865,b827eb917e19,e78f135624ce,-75,2.201073606,4.16846981,1.80046981,-0.024959747,0.009020127,-0.999510063,-1.0,0.001489937,0.024959747,0.002,1.0,0.009020127
1581250759.1375833,b827eb917e19,e78f135624ce,-74,2.022797118,4.172164819,1.806412047,-0.029,0.004835181,-0.999,-1.0,0.002,0.029,0.002,1.0,0.004835181
1581250759.5913932,b827eb917e19,e78f135624ce,-72,1.840961871,4.18488305,1.807603813,-0.031720763,0.004837712,-0.999,-0.999,0.000441525,0.031720763,0.000441525,1.0,0.004837712
1581250760.0471146,b827eb917e19,e78f135624ce,-75,1.646231779,4.19990079,1.79590079,-0.04,0.010239684,-0.999,-0.999,0.0,0.04,0.001,1.0,0.010239684
1581250760.5012813,b827eb917e19,e78f135624ce,-93,1.482592697,4.212275942,1.732972406,-0.036,0.026972406,-0.997027594,-0.998027594,0.003972406,0.036,0.005972406,0.999,0.026972406
1581250760.953227,b827eb917e19,e78f135624ce,-73,1.289675131,4.245482234,1.755111675,-0.041852792,0.014629442,-0.998,-0.998629442,0.002111675,0.041852792,0.002741117,0.999,0.014629442
1581250761.4094338,b827eb917e19,e78f135624ce,-74,1.122513567,4.222233124,1.76301183,-0.017616562,0.008592902,-0.999,-0.999,0.001,0.017616562,0.001,1.0,0.008592902
1581250761.867586,b827eb917e19,e78f135624ce,-73,0.934750613,4.302165272,1.80986178,-0.041585341,-0.00643089,-0.99156911,-0.99256911,0.001,0.041585341,-0.00414363,0.99885637,-0.00543089
1581250762.322437,b827eb917e19,e78f135624ce,-76,0.77530608,4.217728973,1.787466122,-0.009466122,0.002533878,-0.996533878,-0.997533878,-0.000466122,0.01,-0.002466122,0.999533878,0.003
1581250762.7818332,b827eb917e19,e78f135624ce,-68,0.584221366,4.188610683,1.741,-0.004780745,0.015756149,-0.997243851,-0.999,-0.000243851,0.005780745,0.000512298,0.999,0.015512298
1581250763.2381716,b827eb917e19,e78f135624ce,-71,0.435722411,4.201355214,1.740558219,-0.017220891,0.014394026,-0.998086568,-0.999,-0.001086568,0.017307458,-0.001086568,0.999,0.013480594
1581250763.6964023,b827eb917e19,e78f135624ce,-72,0.349129175,4.173190928,1.767471959,-0.011196598,0.004865155,-0.999,-0.999,-0.002,0.011196598,-0.002,1.0,0.004865155
