1581250711.3765337,b827ebf7d096,e78f135624ce,-87,17.944293825,4.188234563,1.810471612,0.013,0.001353087,-1.0,1.0,0.015,0.013,0.015,-1.0,-0.001353087
1581250711.8348455,b827ebf7d096,e78f135624ce,-80,17.940020347,4.173081389,1.825938958,0.013,0.003979653,-1.0,1.0,0.015,0.013,0.015,-1.0,-0.003
1581250712.2904649,b827ebf7d096,e78f135624ce,-83,17.938,4.161674704,1.836325296,0.013,0.005,-1.0,1.0,0.015,0.013,0.015,-1.0,-0.004337352
1581250712.742997,b827ebf7d096,e78f135624ce,-99,17.935323592,4.159352817,1.838323592,0.012,0.003,-1.0,1.0,0.015,0.012,0.015,-1.0,-0.003
1581250713.1964269,b827ebf7d096,e78f135624ce,-96,17.93795392,4.15402304,1.82902304,0.01397696,-0.00098848,-1.0,1.0,0.014,0.01397696,0.014,-1.0,0.00098848
1581250713.6484249,b827ebf7d096,e78f135624ce,-81,17.922343707,4.160447902,1.833895804,0.015104196,0.002,-1.0,1.0,0.014552098,0.015104196,0.014552098,-1.0,-0.001447902
1581250715.0027533,b827ebf7d096,e78f135624ce,-83,17.739027994,4.169960173,1.83,0.050079654,-0.001,-0.998653391,0.998653391,0.015653391,0.050079654,0.015653391,-1.0,0.002
1581250715.4605165,b827ebf7d096,e78f135624ce,-79,17.638283545,4.169891446,1.839043421,0.058043421,0.002021711,-0.998,0.998,0.012021711,0.058065132,0.012021711,-1.0,-0.001021711
1581250715.9126365,b827ebf7d096,e78f135624ce,-76,17.518639874,4.166,1.84524904,0.059,0.00262452,-0.998,0.998,0.012,0.059,0.012,-1.0,-0.002
1581250716.374195,b827ebf7d096,e78f135624ce,-82,17.401266409,4.160695825,1.842479126,0.062,0.002087476,-0.998,0.998,0.015304175,0.062,0.015304175,-1.0,-0.001087476
1581250716.829784,b827ebf7d096,e78f135624ce,-81,17.284068833,4.160878304,1.843,0.057243392,0.001,-0.998,0.998,0.015,0.057243392,0.015,-1.0,-0.0
1581250717.2858925,b827ebf7d096,e78f135624ce,-75,17.147540491,4.159,1.840796948,0.049195422,0.002,-0.999,0.999,0.016,0.049195422,0.016,-1.0,-0.001
1581250717.744657,b827ebf7d096,e78f135624ce,-78,17.007479775,4.151,1.83828433,0.04471567,0.003568661,-0.999,0.999,0.015,0.04471567,0.015,-1.0,-0.003568661
1581250718.1986418,b827ebf7d096,e78f135624ce,-78,16.871866557,4.147,1.835924564,0.045,0.005924564,-0.999,0.999,0.015,0.045,0.015,-1.0,-0.004924564
1581250718.6527727,b827ebf7d096,e78f135624ce,-81,16.734476432,4.149830715,1.834915357,0.046169285,0.007,-0.999,0.999,0.015542321,0.046169285,0.016542321,-1.0,-0.006457679
1581250719.107229,b827ebf7d096,e78f135624ce,-75,16.605302337,4.147674419,1.837,0.055813952,0.007,-0.998,0.998,0.01616279,0.055813952,0.01616279,-1.0,-0.006
1581250720.4650462,b827ebf7d096,e78f135624ce,-76,16.231964032,4.148830336,1.831056555,0.067830336,-0.001,-0.998,0.997056555,0.017,0.067830336,0.017,-1.0,0.002
1581250720.9260738,b827ebf7d096,e78f135624ce,-76,16.103222586,4.140581015,1.831527005,0.050527005,-0.001736498,-0.999,0.998,0.017736498,0.050527005,0.017736498,-1.0,0.002736498
1581250721.3775203,b827ebf7d096,e78f135624ce,-77,15.978780995,4.140355736,1.833542294,0.028559675,-0.000728853,-0.999271147,0.999,0.017728853,0.028559675,0.017728853,-1.0,0.001728853
1581250721.8375604,b827ebf7d096,e78f135624ce,-79,15.85646105,4.153782849,1.839710465,0.001361919,0.002855232,-1.0,1.0,0.017072384,0.001361919,0.017072384,-1.0,-0.002855232
1581250722.2877152,b827ebf7d096,e78f135624ce,-73,15.727994729,4.166714737,1.837,-0.005856842,0.004,-1.0,0.908575796,0.018571579,-0.001,0.018571579,-0.908575796,-0.002571579
1581250722.7386296,b827ebf7d096,e78f135624ce,-86,15.570719349,4.153895161,1.814441936,-0.030696771,0.016116128,-0.999,-0.177312858,0.013441936,0.034104839,0.014441936,0.178312858,0.013116128
1581250723.1887379,b827ebf7d096,e78f135624ce,-85,15.421065494,4.138344658,1.821655342,0.03210438,0.007172329,-0.998,0.620424886,0.017172329,0.052483013,0.018,-0.621424886,0.003344658
1581250724.5441883,b827ebf7d096,e78f135624ce,-75,14.996051755,4.11923475,1.798704251,0.001939002,0.019353666,-0.998,-0.160284048,0.012411583,0.050646334,0.013411583,0.159872465,0.017942083
1581250725.0044384,b827ebf7d096,e78f135624ce,-87,14.849280811,4.103717351,1.787282649,-0.006738811,0.018869405,-0.999,-0.428275298,0.010847946,0.038130595,0.011565297,0.427992649,0.019152054
1581250725.4557154,b827ebf7d096,e78f135624ce,-77,14.691591811,4.099,1.781900178,0.001,0.016099822,-0.998,-0.276695193,0.015,0.053301246,0.015,0.276695193,0.017199644
1581250725.91069,b827ebf7d096,e78f135624ce,-75,14.537901477,4.107049933,1.768,-0.046249664,0.022475034,-0.997475034,-0.755897448,0.008475034,0.065099866,0.009950067,0.757422415,0.022475034
1581250726.3680403,b827ebf7d096,e78f135624ce,-73,14.373539732,4.125678206,1.755830448,-0.075508655,0.024830448,-0.996,-0.920560582,0.007,0.082,0.009,0.922730134,0.024660897
1581250726.8237534,b827ebf7d096,e78f135624ce,-77,14.221734714,4.12563168,1.748736639,-0.073,0.024,-0.997,-0.972526721,0.00781584,0.07518416,0.00981584,0.975526721,0.02381584
1581250727.2781725,b827ebf7d096,e78f135624ce,-88,14.066717355,4.150139126,1.737278253,-0.073278253,0.027395655,-0.996465218,-0.989395655,0.007,0.074278253,0.009,0.991930437,0.026395655
1581250727.7338645,b827ebf7d096,e78f135624ce,-74,13.936024465,4.141497553,1.739875612,-0.047626835,0.025,-0.998,-0.996124388,0.004,0.047626835,0.005,0.997124388,0.024124388
1581250728.194919,b827ebf7d096,e78f135624ce,-85,13.7687304,4.190722504,1.730379583,-0.053810209,0.027,-0.998,-0.997810209,0.005810209,0.053810209,0.007,0.999,0.026189791
1581250729.556797,b827ebf7d096,e78f135624ce,-83,13.351898315,4.193483256,1.747112442,-0.068314593,0.019943779,-0.997,-0.922976048,0.003370814,0.071741628,0.004685407,0.925976048,0.019629186
1581250730.010906,b827ebf7d096,e78f135624ce,-92,13.251690019,4.152343609,1.780974779,-0.014016814,0.016664798,-0.998,-0.166322268,0.009997198,0.053335202,0.010997198,0.166989869,0.007676008
1581250730.4689085,b827ebf7d096,e78f135624ce,-80,13.145673018,4.127981315,1.803990658,0.012971973,0.012,-0.999,0.390523541,0.015,0.037934604,0.015009342,-0.391514199,0.003009342
1581250730.9229627,b827ebf7d096,e78f135624ce,-91,13.006638092,4.114473142,1.811863809,0.01,0.014,-0.999,0.307505704,0.015372762,0.022745524,0.015745524,-0.307878466,0.002508953
1581250732.2884967,b827ebf7d096,e78f135624ce,-79,12.535644547,4.473264942,1.811896804,-0.095873872,0.005528666,-0.969057331,-0.107882899,0.015482801,0.058448402,0.009,0.1248485,0.003540132
1581250732.7494056,b827ebf7d096,e78f135624ce,-85,12.387525134,4.334751645,1.788320467,-0.027281867,-0.000679533,-0.990453022,0.460109221,0.012226511,0.025320467,0.010226511,-0.454562243,0.012
1581250733.204004,b827ebf7d096,e78f135624ce,-88,12.24885373,4.253991274,1.795875545,0.004253272,-0.002,-0.996875545,0.828532723,0.015875545,0.021,0.014875545,-0.827408268,0.006124455
1581250733.6552274,b827ebf7d096,e78f135624ce,-80,12.100418793,4.220678789,1.801160605,0.017296363,-0.002135758,-0.999,0.943346058,0.016432121,0.023,0.016432121,-0.943346058,0.003135758
1581250735.0165005,b827ebf7d096,e78f135624ce,-81,11.59107446,4.181611914,1.814104468,0.011701489,-0.004597022,-1.0,0.998,0.011,0.012,0.011,-0.998,0.004597022
1581250735.4705746,b827ebf7d096,e78f135624ce,-75,11.413788441,4.1634153,1.814940671,0.008940671,-0.005,-1.0,0.999,0.012940671,0.008940671,0.012940671,-0.999,0.005
1581250735.9330652,b827ebf7d096,e78f135624ce,-76,11.247620115,4.15348763,1.812115723,0.01,-0.004743815,-1.0,0.796498033,0.012628092,0.006859538,0.012628092,-0.796498033,0.007256185
1581250736.3831048,b827ebf7d096,e78f135624ce,-82,11.091047485,4.159211756,1.822847023,0.001,0.003211756,-1.0,0.549316477,0.015423511,-0.001788244,0.015423511,-0.549316477,0.002364733
1581250736.8430924,b827ebf7d096,e78f135624ce,-85,10.913166753,4.157,1.834887679,-0.005663038,0.006112321,-1.0,0.552141004,0.016663038,-0.003550717,0.016663038,-0.552141004,-0.002775359
1581250737.293484,b827ebf7d096,e78f135624ce,-82,10.744190124,4.162987848,1.832506076,-0.013987848,0.004506076,-1.0,0.465995692,0.016987848,-0.010481772,0.016987848,-0.466489616,0.0
1581250737.752402,b827ebf7d096,e78f135624ce,-81,10.565017412,4.155,1.835619877,-0.008239754,0.007619877,-1.0,0.316871955,0.015380123,0.003,0.015380123,-0.316871955,-0.001
1581250738.2062943,b827ebf7d096,e78f135624ce,-91,10.402668246,4.148534994,1.841465006,0.005751681,0.010643337,-1.0,0.598033617,0.016821669,0.014465006,0.016821669,-0.598033617,-0.005643337
1581250738.667188,b827ebf7d096,e78f135624ce,-81,10.224194029,4.158983128,1.835008436,-0.030470474,0.012495782,-0.999,-0.452778718,0.004008436,0.037983128,0.004504218,0.453778718,0.006487346
1581250739.5779853,b827ebf7d096,e78f135624ce,-85,9.921740887,4.160142648,1.838685589,0.006943234,0.009914118,-0.99922853,0.605377046,0.01477147,0.025542941,0.01477147,-0.605377046,-0.004457059
1581250740.028804,b827ebf7d096,e78f135624ce,-85,9.756914929,4.149606846,1.828213693,0.023393154,0.001,-0.999393154,0.872939842,0.019,0.029606846,0.019,-0.873939842,0.001
1581250740.4860356,b827ebf7d096,e78f135624ce,-97,9.588048377,4.136,1.821,0.030935834,-0.002,-0.999,0.959705823,0.02,0.032935834,0.02,-0.960705823,0.003
1581250740.9437804,b827ebf7d096,e78f135624ce,-77,9.423435003,4.135,1.820282614,0.025130455,-0.000282614,-1.0,0.909391825,0.018282614,0.027565227,0.018282614,-0.909391825,0.002
1581250741.4004014,b827ebf7d096,e78f135624ce,-79,9.267322425,4.131297339,1.814513307,0.009810646,0.003594677,-1.0,0.338020502,0.014,0.021297339,0.014,-0.338723163,0.007892016
1581250741.8496628,b827ebf7d096,e78f135624ce,-80,9.09705338,4.140742409,1.804,-0.005128795,0.008257591,-0.999,-0.036690012,0.011,0.027,0.011871205,0.036690012,0.012257591
1581250742.3061652,b827ebf7d096,e78f135624ce,-86,8.922656122,4.141318476,1.803,-0.00419746,0.006439492,-0.999,-0.112509704,0.010121016,0.032121016,0.010560508,0.112949196,0.011878984
1581250742.7670107,b827ebf7d096,e78f135624ce,-94,8.742520014,4.144280833,1.796,-0.015684998,0.011561666,-0.999,-0.446494951,0.007438334,0.038,0.008157501,0.446494951,0.015280833
1581250743.2182198,b827ebf7d096,e78f135624ce,-76,8.553564884,4.16274161,1.79908613,-0.03665548,0.01291387,-0.999,-0.823659948,0.00208613,0.04382774,0.00208613,0.824573818,0.01391387
1581250743.676936,b827ebf7d096,e78f135624ce,-81,8.35945621,4.174154248,1.799538562,-0.047615686,0.013461438,-0.999,-0.942694117,-0.000538562,0.050077124,0.0,0.943694117,0.014
1581250745.0393527,b827ebf7d096,e78f135624ce,-80,7.780747071,4.197602626,1.798218384,-0.043602626,0.009794747,-0.999,-0.997397374,0.0,0.043602626,0.000397374,0.998,0.009794747
1581250745.4898324,b827ebf7d096,e78f135624ce,-88,7.592095303,4.196950653,1.788032898,-0.043,0.011967102,-0.999,-0.998016449,0.003,0.043,0.003016449,0.999,0.011967102
1581250745.9455621,b827ebf7d096,e78f135624ce,-80,7.407203876,4.195053299,1.792457697,-0.0496489,0.009946701,-0.999,-0.9986489,0.0013511,0.0496489,0.001702199,1.0,0.009946701
1581250746.4033191,b827ebf7d096,e78f135624ce,-84,7.242562494,4.183078126,1.784484376,-0.041078126,0.011,-0.998,-0.800218757,0.001,0.052890625,0.001703125,0.801218757,0.01340625
1581250746.856175,b827ebf7d096,e78f135624ce,-80,7.082227937,4.181202518,1.780822782,-0.039291127,0.008911391,-0.998,-0.697518826,0.005,0.055822782,0.005,0.698430217,0.013088609
1581250747.7699215,b827ebf7d096,e78f135624ce,-100,6.829802406,4.187239519,1.772008385,-0.010008385,0.010760481,-0.999,0.268555595,0.017247904,0.023512577,0.017247904,-0.268555595,0.009
1581250748.2239056,b827ebf7d096,e78f135624ce,-93,6.710136542,4.218919232,1.774310576,-0.009804328,0.008114904,-0.999,0.647751909,0.018770192,0.01,0.018885096,-0.647637005,0.004344712
1581250748.6786582,b827ebf7d096,e78f135624ce,-95,6.577630403,4.218935722,1.758475896,-0.006443757,0.003475896,-0.999,0.60648827,0.018508035,-0.008443757,0.018508035,-0.60648827,0.010491965
1581250749.1392212,b827ebf7d096,e78f135624ce,-78,6.352034088,4.26994663,1.76,-0.029690884,0.002076354,-0.998,0.295163037,0.015103039,0.024049669,0.015282431,-0.293983644,0.010717569
1581250749.59296,b827ebf7d096,e78f135624ce,-85,6.122703431,4.240190263,1.758048683,-0.023380527,0.00957079,-0.998,-0.031221069,0.01,0.02757079,0.011,0.032221069,0.014380527
1581250750.046417,b827ebf7d096,e78f135624ce,-86,5.905703972,4.183193141,1.762324007,-0.01209657,0.011644856,-0.998451715,-0.208535653,0.00690343,0.015451715,0.00690343,0.209083938,0.013289711
1581250750.5024316,b827ebf7d096,e78f135624ce,-86,5.678857936,4.157340098,1.748773268,-0.016453464,0.017773268,-0.999,-0.377028698,0.000886634,0.010113366,0.001886634,0.377028698,0.018113366
1581250750.9532957,b827ebf7d096,e78f135624ce,-88,5.46176591,4.123739629,1.751426694,-0.012293223,0.014286653,-0.999,-0.503827107,0.001,0.007859959,0.001286653,0.503827107,0.016
1581250751.4133704,b827ebf7d096,e78f135624ce,-89,5.278648458,4.140135255,1.782027011,-0.015297319,0.004054021,-0.999,-0.126998186,0.005297319,0.000405362,0.005297319,0.126673856,0.00764866
1581250752.7755597,b827ebf7d096,e78f135624ce,-88,4.765287974,4.215893281,1.810811406,-0.022,-0.003459063,-1.0,0.66996499,0.013270469,-0.016270469,0.014,-0.66996499,0.004459063
1581250753.2364945,b827ebf7d096,e78f135624ce,-83,4.5647415,4.220109044,1.808956382,-0.021978191,-0.002032713,-1.0,0.364474013,0.012054522,-0.007119949,0.012054522,-0.364474013,0.005989096
1581250753.695792,b827ebf7d096,e78f135624ce,-98,4.33361755,4.192666498,1.815,-0.016142785,0.005238144,-1.0,-0.559908191,0.004,0.007380928,0.004,0.559908191,0.007619072
1581250754.1466267,b827ebf7d096,e78f135624ce,-88,4.120328899,4.175483656,1.819172115,-0.007827885,0.009172115,-1.0,-0.857056696,-0.002,0.005,-0.002,0.857056696,0.01
1581250754.5973892,b827ebf7d096,e78f135624ce,-101,3.917888838,4.159631801,1.813932458,6.7542e-05,0.014533771,-1.0,-0.953503283,-0.000233114,-0.001067542,-0.000233114,0.953503283,0.014533771
1581250755.0541835,b827ebf7d096,e78f135624ce,-90,3.729535165,4.144,1.803130932,0.000261864,0.017,-1.0,-0.98517267,0.003,-0.00082733,0.002434534,0.98517267,0.017
1581250755.5057874,b827ebf7d096,e78f135624ce,-79,3.543824917,4.142062257,1.794937743,-0.012249026,0.019,-1.0,-0.995062257,0.003,0.012249026,0.003,0.995062257,0.019
1581250755.9574087,b827ebf7d096,e78f135624ce,-85,3.357785578,4.142335712,1.793992865,-0.024328577,0.015671423,-0.999,-0.998,0.004,0.024328577,0.004,0.998664288,0.015671423
1581250756.4089434,b827ebf7d096,e78f135624ce,-87,3.159937808,4.156562466,1.788739589,-0.039520822,0.015739589,-0.999,-0.999,0.004,0.039520822,0.004260411,0.999,0.015739589
1581250756.859869,b827ebf7d096,e78f135624ce,-92,2.969267161,4.165862884,1.797314419,-0.036411349,0.009274232,-0.999,-0.999,0.002137116,0.036411349,0.003,1.0,0.009274232
1581250757.3157778,b827ebf7d096,e78f135624ce,-88,2.771766519,4.174952558,1.805,-0.022857675,0.007,-1.0,-1.0,0.000523721,0.022857675,0.000523721,1.0,0.007
1581250757.776441,b827ebf7d096,e78f135624ce,-84,2.574722309,4.161442262,1.807663394,-0.010442262,0.006778869,-1.0,-1.0,0.000778869,0.010442262,0.000778869,1.0,0.006778869
1581250758.6858377,b827ebf7d096,e78f135624ce,-88,2.201381756,4.168453592,1.800453592,-0.024938122,0.009030939,-0.999515469,-1.0,0.001484531,0.024938122,0.002,1.0,0.009030939
1581250759.1377501,b827ebf7d096,e78f135624ce,-91,2.022726188,4.1721676,1.806419001,-0.029,0.0048324,-0.999,-1.0,0.002,0.029,0.002,1.0,0.0048324
1581250760.046935,b827ebf7d096,e78f135624ce,-95,1.646303591,4.199893885,1.795893885,-0.04,0.010242446,-0.999,-0.999,0.0,0.04,0.001,1.0,0.010242446
1581250760.5010145,b827ebf7d096,e78f135624ce,-84,1.482697361,4.212255419,1.732974458,-0.036,0.026974458,-0.997025542,-0.998025542,0.003974458,0.036,0.005974458,0.999,0.026974458
1581250760.9541864,b827ebf7d096,e78f135624ce,-99,1.289315357,4.245450254,1.75508769,-0.041812817,0.014637437,-0.998,-0.998637437,0.00208769,0.041812817,0.002725127,0.999,0.014637437
1581250761.867469,b827ebf7d096,e78f135624ce,-81,0.934789832,4.302189471,1.809866787,-0.041600361,-0.006433394,-0.991566606,-0.992566606,0.001,0.041600361,-0.004144465,0.998855535,-0.005433394
1581250762.3233085,b827ebf7d096,e78f135624ce,-83,0.774994859,4.217679177,1.787459897,-0.009459897,0.002540103,-0.996540103,-0.997540103,-0.000459897,0.01,-0.002459897,0.999540103,0.003
1581250762.782861,b827ebf7d096,e78f135624ce,-85,0.583957069,4.188478535,1.741,-0.004744037,0.015748807,-0.997251193,-0.999,-0.000251193,0.005744037,0.000497615,0.999,0.015497615
1581250763.6965637,b827ebf7d096,e78f135624ce,-92,0.349113034,4.173155711,1.767492502,-0.011183392,0.004859285,-0.999,-0.999,-0.002,0.011183392,-0.002,1.0,0.004859285
