1581250709.5634935,000000000401,e78f135624ce,-70,17.974126112,4.354890764,1.743,0.008218472,-0.013109236,-0.999109236,1.0,0.021890764,0.007327708,0.021,-0.999,0.014
1581250710.4724731,000000000401,e78f135624ce,-68,17.957856351,4.246665743,1.768953041,0.012618784,-0.007809392,-1.0,0.999,0.013809392,0.012618784,0.013809392,-1.0,0.007
1581250710.9225097,000000000401,e78f135624ce,-72,17.94720987,4.215098701,1.790321039,0.01179013,-0.00262961,-1.0,1.0,0.01279013,0.01179013,0.01279013,-1.0,0.00241974
1581250711.3805084,000000000401,e78f135624ce,-68,17.944221558,4.188053896,1.810724546,0.013,0.001389221,-1.0,1.0,0.015,0.013,0.015,-1.0,-0.001389221
1581250711.839509,000000000401,e78f135624ce,-63,17.939983501,4.172901009,1.826032997,0.013016499,0.004,-1.0,1.0,0.015,0.013016499,0.015,-1.0,-0.003
1581250712.294505,000000000401,e78f135624ce,-63,17.938,4.161616989,1.836383011,0.013,0.005,-1.0,1.0,0.015,0.013,0.015,-1.0,-0.004308495
1581250712.7454834,000000000401,e78f135624ce,-62,17.935341352,4.159317296,1.838341352,0.012,0.003,-1.0,1.0,0.015,0.012,0.015,-1.0,-0.003
1581250713.6484342,000000000401,e78f135624ce,-77,17.922343453,4.160447818,1.833895635,0.015104365,0.002,-1.0,1.0,0.014552182,0.015104365,0.014552182,-1.0,-0.001447818
1581250714.10251,000000000401,e78f135624ce,-64,17.887979661,4.180942825,1.837,0.030134689,0.002865311,-0.999,0.999,0.013,0.030134689,0.013,-1.0,-0.002
1581250714.5524256,000000000401,e78f135624ce,-63,17.823154629,4.181627778,1.832542593,0.037186111,-0.000728704,-0.999,0.999,0.014,0.037186111,0.014,-1.0,0.000728704
1581250715.005502,000000000401,e78f135624ce,-77,17.738541681,4.169896741,1.83,0.050206518,-0.001,-0.998632247,0.998632247,0.015632247,0.050206518,0.015632247,-1.0,0.002
1581250715.4658785,000000000401,e78f135624ce,-76,17.636922415,4.169685214,1.839125914,0.058125914,0.002062957,-0.998,0.998,0.012062957,0.058188871,0.012062957,-1.0,-0.001062957
1581250715.9176795,000000000401,e78f135624ce,-63,17.51733709,4.166,1.845333091,0.059,0.002666545,-0.998,0.998,0.012,0.059,0.012,-1.0,-0.002
1581250716.379612,000000000401,e78f135624ce,-61,17.399821909,4.160650685,1.842253423,0.062,0.001952054,-0.998,0.998,0.015349315,0.062,0.015349315,-1.0,-0.000952054
1581250716.8304791,000000000401,e78f135624ce,-62,17.283887004,4.160889,1.843,0.057222001,0.001,-0.998,0.998,0.015,0.057222001,0.015,-1.0,-0.0
1581250717.290462,000000000401,e78f135624ce,-67,17.146169633,4.159,1.840726648,0.049089972,0.002,-0.999,0.999,0.016,0.049089972,0.016,-1.0,-0.001
1581250717.7475808,000000000401,e78f135624ce,-68,17.006647638,4.151,1.838306821,0.044693179,0.003613641,-0.999,0.999,0.015,0.044693179,0.015,-1.0,-0.003613641
1581250717.7505982,000000000401,e78f135624ce,-63,17.005788833,4.151,1.838330032,0.044669968,0.003660063,-0.999,0.999,0.015,0.044669968,0.015,-1.0,-0.003660063
1581250718.2034872,000000000401,e78f135624ce,-66,16.870332185,4.147,1.835964943,0.045,0.005964943,-0.999,0.999,0.015,0.045,0.015,-1.0,-0.004964943
1581250718.6554506,000000000401,e78f135624ce,-58,16.733673056,4.149741451,1.834870725,0.046258549,0.007,-0.999,0.999,0.015564637,0.046258549,0.016564637,-1.0,-0.006435363
1581250719.5634394,000000000401,e78f135624ce,-61,16.475530132,4.146186575,1.834186575,0.070440274,0.004186575,-0.997186575,0.997,0.017813425,0.070440274,0.018,-1.0,-0.003186575
1581250720.0144575,000000000401,e78f135624ce,-57,16.35202748,4.154,1.834,0.074563359,0.001563359,-0.997,0.997,0.016563359,0.074563359,0.016563359,-1.0,-0.000563359
1581250720.4688747,000000000401,e78f135624ce,-65,16.230903826,4.148741985,1.831086005,0.067741985,-0.001,-0.998,0.997086005,0.017,0.067741985,0.017,-1.0,0.002
1581250720.9312994,000000000401,e78f135624ce,-60,16.101698434,4.140319732,1.831439911,0.050439911,-0.001780045,-0.999,0.998,0.017780045,0.050439911,0.017780045,-1.0,0.002780045
1581250721.3825,000000000401,e78f135624ce,-60,15.977241841,4.140582082,1.833632833,0.028152252,-0.000683584,-0.999316416,0.999,0.017683584,0.028152252,0.017683584,-1.0,0.001683584
1581250723.1894066,000000000401,e78f135624ce,-62,15.420816227,4.138332499,1.821667501,0.032171256,0.007166249,-0.998,0.621221324,0.017166249,0.052501252,0.018,-0.622221324,0.003332499
1581250723.641425,000000000401,e78f135624ce,-60,15.275097899,4.134795105,1.824397553,0.056192658,0.004,-0.998,0.874709443,0.018602447,0.063,0.018602447,-0.876709443,0.000602447
1581250724.094434,000000000401,e78f135624ce,-53,15.13290818,4.132023287,1.826976713,0.062976713,0.004,-0.998,0.9586507,0.019,0.065,0.019,-0.9606507,-0.001976713
1581250724.5474443,000000000401,e78f135624ce,-58,14.995074931,4.11915961,1.79847883,0.00163844,0.019453853,-0.998,-0.167021628,0.012386537,0.050546147,0.013386537,0.166635092,0.018067317
1581250725.0074298,000000000401,e78f135624ce,-62,14.848245314,4.10369434,1.78730566,-0.006554723,0.018777361,-0.999,-0.424064278,0.010916979,0.038222639,0.011611319,0.423758618,0.019083021
1581250725.01041,000000000401,e78f135624ce,-59,14.847213696,4.103671415,1.787328585,-0.006371324,0.018685662,-0.999,-0.419869031,0.010985754,0.038314338,0.011657169,0.419540447,0.019014246
1581250725.460448,000000000401,e78f135624ce,-67,14.689777643,4.099,1.781939616,0.001,0.016060384,-0.998,-0.275630355,0.015,0.053577315,0.015,0.275630355,0.017120767
1581250725.9144535,000000000401,e78f135624ce,-70,14.536521549,4.107112657,1.768,-0.046563284,0.022443672,-0.997443672,-0.758280961,0.008443672,0.065225314,0.009887343,0.759837289,0.022443672
1581250726.3684587,000000000401,e78f135624ce,-60,14.37338631,4.125692154,1.755826962,-0.075519115,0.024826962,-0.996,-0.920633807,0.007,0.082,0.009,0.922806845,0.024653923
1581250726.8263943,000000000401,e78f135624ce,-62,14.22088148,4.12567231,1.748655379,-0.073,0.024,-0.997,-0.972689242,0.007836155,0.075163845,0.009836155,0.975689242,0.023836155
1581250727.2823904,000000000401,e78f135624ce,-62,14.065581778,4.150009346,1.737018692,-0.073018692,0.02749299,-0.996497663,-0.98949299,0.007,0.074018692,0.009,0.991995327,0.02649299
1581250727.7363935,000000000401,e78f135624ce,-64,13.935246341,4.141575366,1.739856159,-0.047568476,0.025,-0.998,-0.996143841,0.004,0.047568476,0.005,0.997143841,0.024143841
1581250728.6543875,000000000401,e78f135624ce,-64,13.634409323,4.186275553,1.742724447,-0.044582666,0.019637776,-0.998472445,-0.998472445,0.002472445,0.044582666,0.003,0.999472445,0.018637776
1581250729.1054165,000000000401,e78f135624ce,-62,13.498618931,4.191613881,1.753678234,-0.061128706,0.01519306,-0.997935647,-0.998,0.001064353,0.061128706,0.00119306,1.0,0.01519306
1581250729.5603979,000000000401,e78f135624ce,-62,13.350762667,4.193704845,1.747278634,-0.068286894,0.019860683,-0.997,-0.919984587,0.003426211,0.071852423,0.004713106,0.922984587,0.019573789
1581250730.014416,000000000401,e78f135624ce,-65,13.25101502,4.152046609,1.781703778,-0.013530815,0.016718798,-0.998,-0.157007281,0.010078198,0.053281202,0.011078198,0.157647882,0.007406008
1581250730.4723928,000000000401,e78f135624ce,-61,13.144734952,4.127927712,1.803963856,0.012891567,0.012,-0.999,0.389156645,0.015,0.03774699,0.015036144,-0.3901205,0.003036144
1581250730.925395,000000000401,e78f135624ce,-71,13.005624614,4.114229907,1.811762461,0.01,0.014,-0.999,0.304161225,0.015352492,0.022704985,0.015704985,-0.304513717,0.002590031
1581250731.3823624,000000000401,e78f135624ce,-58,12.883169325,4.158485135,1.822448513,-0.004121284,0.009775743,-0.999,0.623219727,0.017448513,0.006205946,0.017448513,-0.623219727,-0.001224257
1581250731.8343935,000000000401,e78f135624ce,-57,12.700320252,4.145834968,1.767162228,-0.007001402,0.022500701,-0.999,-0.12137211,0.017833567,0.004334268,0.017833567,0.121205677,0.019001402
1581250732.292829,000000000401,e78f135624ce,-59,12.533725957,4.471996197,1.811339794,-0.095193081,0.005683391,-0.969366781,-0.11264843,0.015389966,0.058169897,0.009,0.129428361,0.003756747
1581250732.7547116,000000000401,e78f135624ce,-59,12.386274433,4.333538844,1.788206767,-0.026827067,-0.000793233,-0.990528822,0.465983723,0.012264411,0.025206767,0.010264411,-0.460512545,0.012
1581250733.2063909,000000000401,e78f135624ce,-57,12.248007497,4.253644101,1.795897244,0.004383462,-0.002,-0.996897244,0.82983462,0.015897244,0.021,0.014897244,-0.828731863,0.006102756
1581250734.112342,000000000401,e78f135624ce,-65,11.939887393,4.204661983,1.809126756,0.019084504,4.2252e-05,-0.999,0.982169009,0.016957748,0.020084504,0.016957748,-0.982211261,0.000957748
1581250734.5643616,000000000401,e78f135624ce,-62,11.767666379,4.193333327,1.815333346,0.018333327,-0.000666673,-1.0,0.994333346,0.013666654,0.018666654,0.013666654,-0.994333346,0.001
1581250735.0203602,000000000401,e78f135624ce,-59,11.589589939,4.18137439,1.814015396,0.011671799,-0.004656402,-1.0,0.998,0.011,0.012,0.011,-0.998,0.004656402
1581250735.4743886,000000000401,e78f135624ce,-68,11.41229463,4.163192817,1.814972455,0.008972455,-0.005,-1.0,0.999,0.012972455,0.008972455,0.012972455,-0.999,0.005
1581250735.9353878,000000000401,e78f135624ce,-69,11.246807179,4.153410208,1.812057656,0.01,-0.004705104,-1.0,0.790226808,0.012647448,0.006762759,0.012647448,-0.790226808,0.007294896
1581250736.3863807,000000000401,e78f135624ce,-69,11.089764434,4.159239055,1.822956218,0.001,0.003239055,-1.0,0.552838042,0.015478109,-0.001760945,0.015478109,-0.552838042,0.002282836
1581250736.841372,000000000401,e78f135624ce,-60,10.91377552,4.157,1.834874445,-0.005623336,0.006125555,-1.0,0.55003679,0.016623336,-0.003497781,0.016623336,-0.55003679,-0.00274889
1581250737.2963707,000000000401,e78f135624ce,-64,10.743057622,4.162943436,1.832528282,-0.013943436,0.004528282,-1.0,0.464152601,0.016943436,-0.010415154,0.016943436,-0.464624319,0.0
1581250737.7553713,000000000401,e78f135624ce,-62,10.564058112,4.155,1.835574196,-0.008148392,0.007574196,-1.0,0.321303008,0.015425804,0.003,0.015425804,-0.321303008,-0.001
1581250738.2107236,000000000401,e78f135624ce,-71,10.401081064,4.14842426,1.84157574,0.006010059,0.01071716,-1.0,0.603201186,0.01685858,0.01457574,0.01685858,-0.603201186,-0.00571716
1581250739.1253717,000000000401,e78f135624ce,-72,10.067960166,4.163705374,1.833294626,-0.021232244,0.012852687,-0.999,-0.229029695,0.006589252,0.036558061,0.007441939,0.230029695,0.004410748
1581250739.582705,000000000401,e78f135624ce,-70,9.920034523,4.159961119,1.838576672,0.007269985,0.009768896,-0.999192224,0.610241998,0.014807776,0.025615552,0.014807776,-0.610241998,-0.004384448
1581250740.033019,000000000401,e78f135624ce,-80,9.755423468,4.149574423,1.828148846,0.023425577,0.001,-0.999425577,0.874171918,0.019,0.029574423,0.019,-0.875171918,0.001
1581250740.4908547,000000000401,e78f135624ce,-78,9.586343139,4.136,1.821,0.030898764,-0.002,-0.999,0.960113597,0.02,0.032898764,0.02,-0.961113597,0.003
1581250740.9463623,000000000401,e78f135624ce,-68,9.422488329,4.135,1.820261098,0.025044394,-0.000261098,-1.0,0.907154233,0.018261098,0.027522197,0.018261098,-0.907154233,0.002
1581250741.3993642,000000000401,e78f135624ce,-68,9.26775613,4.13128791,1.814560449,0.009848359,0.00357582,-1.0,0.339510186,0.014,0.02128791,0.014,-0.340222276,0.007863731
1581250741.8503425,000000000401,e78f135624ce,-67,9.096825185,4.14075212,1.804,-0.00512394,0.00824788,-0.999,-0.036287029,0.011,0.027,0.01187606,0.036287029,0.01224788
1581250742.3103352,000000000401,e78f135624ce,-68,8.921256215,4.14122912,1.803,-0.004048533,0.006409707,-0.999,-0.109560963,0.010180587,0.032180587,0.010590293,0.109970669,0.011819413
1581250742.7713454,000000000401,e78f135624ce,-63,8.741033837,4.144311795,1.796,-0.01587077,0.01162359,-0.999,-0.451510801,0.00737641,0.038,0.008064615,0.451510801,0.015311795
1581250743.2223406,000000000401,e78f135624ce,-68,8.551579392,4.162853997,1.799048668,-0.036805329,0.012951332,-0.999,-0.825982598,0.002048668,0.043902664,0.002048668,0.82693393,0.013951332
1581250744.1323173,000000000401,e78f135624ce,-65,8.1663531,4.18566469,1.801132938,-0.053265876,0.012,-0.998,-0.98066469,-0.0,0.054132938,0.0,0.98166469,0.012867062
1581250744.5843482,000000000401,e78f135624ce,-75,7.974851377,4.199256507,1.803256507,-0.052769521,0.010256507,-0.998743493,-0.992486986,-0.001256507,0.052769521,-0.000256507,0.994486986,0.010256507
1581250745.0437613,000000000401,e78f135624ce,-63,7.778847984,4.197568714,1.797980998,-0.043568714,0.009862572,-0.999,-0.997431286,0.0,0.043568714,0.000431286,0.998,0.009862572
1581250745.494234,000000000401,e78f135624ce,-67,7.590233054,4.196849076,1.788100616,-0.043,0.011899384,-0.999,-0.998050308,0.003,0.043,0.003050308,0.999,0.011899384
1581250745.9497652,000000000401,e78f135624ce,-63,7.405487616,4.194948221,1.792212517,-0.049683926,0.010051779,-0.999,-0.998683926,0.001316074,0.049683926,0.001632148,1.0,0.010051779
1581250746.4063342,000000000401,e78f135624ce,-62,7.241255974,4.183254003,1.784610002,-0.041254003,0.011,-0.998,-0.801676029,0.001,0.052966001,0.001678,0.802676029,0.013355999
1581250747.315329,000000000401,e78f135624ce,-80,6.909278619,4.185208424,1.776583153,-0.035430886,0.013791576,-0.998597192,-0.644563731,0.005791576,0.048611231,0.006194384,0.644966539,0.014208424
1581250747.7743123,000000000401,e78f135624ce,-65,6.828958038,4.187408392,1.771873286,-0.009873286,0.010591608,-0.999,0.275715835,0.017281678,0.023309929,0.017281678,-0.275715835,0.009
1581250748.2263367,000000000401,e78f135624ce,-72,6.709407195,4.218757155,1.774432134,-0.00966251,0.008094644,-0.999,0.650264104,0.018810711,0.01,0.018905356,-0.65016946,0.004283933
1581250748.6833436,000000000401,e78f135624ce,-68,6.575834331,4.218623362,1.758358761,-0.006170442,0.003358761,-0.999,0.611290811,0.01854708,-0.008170442,0.01854708,-0.611290811,0.01045292
1581250749.1403043,000000000401,e78f135624ce,-73,6.351230762,4.270145205,1.76,-0.029826276,0.00213051,-0.998,0.291850444,0.015057908,0.024203113,0.015246326,-0.290662025,0.010753674
1581250749.5963545,000000000401,e78f135624ce,-77,6.121371703,4.240164151,1.758179245,-0.023328302,0.009492453,-0.998,-0.029132084,0.01,0.027492453,0.011,0.030132084,0.014328302
1581250750.0513246,000000000401,e78f135624ce,-70,5.903589928,4.183042138,1.762852518,-0.012021069,0.011531603,-0.998489466,-0.203816803,0.006978931,0.015489466,0.006978931,0.204327337,0.013063207
1581250750.5053358,000000000401,e78f135624ce,-68,5.677450528,4.157407118,1.748728588,-0.016542824,0.017728588,-0.999,-0.378413766,0.000864294,0.010135706,0.001864294,0.378413766,0.018135706
1581250750.9563208,000000000401,e78f135624ce,-69,5.460379426,4.123058991,1.751477112,-0.012091553,0.014261444,-0.999,-0.504633789,0.001,0.007784332,0.001261444,0.504633789,0.016
1581250751.4163256,000000000401,e78f135624ce,-64,5.277708167,4.140726295,1.781946414,-0.015404781,0.003892829,-0.999,-0.118051986,0.005404781,0.000190438,0.005404781,0.117700791,0.00770239
1581250751.8722773,000000000401,e78f135624ce,-77,5.113779827,4.160690465,1.801690465,-0.012922616,0.002,-1.0,0.184118831,0.008,-0.008922616,0.008,-0.184118831,0.003077384
1581250752.324306,000000000401,e78f135624ce,-70,4.945016424,4.186898505,1.807762687,-0.01885597,-0.00285597,-1.0,0.462264902,0.011237313,-0.016093283,0.01185597,-0.462264902,0.004237313
1581250752.779306,000000000401,e78f135624ce,-66,4.764030298,4.216080594,1.810891683,-0.022,-0.003405545,-1.0,0.67253386,0.013297228,-0.016297228,0.014,-0.67253386,0.004405545
1581250753.2402961,000000000401,e78f135624ce,-83,4.562810469,4.219851309,1.809055759,-0.022018586,-0.001962827,-1.0,0.352178785,0.011944241,-0.006832722,0.011944241,-0.352178785,0.006
1581250755.0573146,000000000401,e78f135624ce,-73,3.728234534,4.144,1.803082761,0.000165521,0.017,-1.0,-0.985293099,0.003,-0.000706901,0.00245862,0.985293099,0.017
1581250755.5103273,000000000401,e78f135624ce,-71,3.542043854,4.142097179,1.794902821,-0.012388717,0.019,-1.0,-0.995097179,0.003,0.012388717,0.003,0.995097179,0.019
1581250755.96182,000000000401,e78f135624ce,-67,3.355947568,4.142298951,1.794103146,-0.024402097,0.015597903,-0.999,-0.998,0.004,0.024402097,0.004,0.998701049,0.015597903
1581250756.4123287,000000000401,e78f135624ce,-67,3.15841442,4.156731731,1.788711378,-0.039577244,0.015711378,-0.999,-0.999,0.004,0.039577244,0.004288622,0.999,0.015711378
1581250756.8633237,000000000401,e78f135624ce,-70,2.967858713,4.165889458,1.797447291,-0.036331625,0.009221084,-0.999,-0.999,0.002110542,0.036331625,0.003,1.0,0.009221084
1581250757.3192759,000000000401,e78f135624ce,-76,2.770367289,4.174898742,1.805,-0.022696226,0.007,-1.0,-1.0,0.000550629,0.022696226,0.000550629,1.0,0.007
1581250758.2342918,000000000401,e78f135624ce,-71,2.386031006,4.161553259,1.807335056,-0.015664944,0.008776629,-1.0,-1.0,-0.002888315,0.015664944,-0.002888315,1.0,0.008776629
1581250758.6902678,000000000401,e78f135624ce,-69,2.199277478,4.168564343,1.800564343,-0.025085791,0.008957104,-0.999478552,-1.0,0.001521448,0.025085791,0.002,1.0,0.008957104
1581250759.1412885,000000000401,e78f135624ce,-83,2.021222379,4.172226573,1.806566433,-0.029,0.004773427,-0.999,-1.0,0.002,0.029,0.002,1.0,0.004773427
1581250760.0512662,000000000401,e78f135624ce,-66,1.644571148,4.200060467,1.796060467,-0.04,0.010175813,-0.999,-0.999,0.0,0.04,0.001,1.0,0.010175813
1581250760.5053022,000000000401,e78f135624ce,-74,1.481015257,4.212585244,1.732941476,-0.036,0.026941476,-0.997058524,-0.998058524,0.003941476,0.036,0.005941476,0.999,0.026941476
1581250760.9572904,000000000401,e78f135624ce,-71,1.288151366,4.245346788,1.755010091,-0.041683485,0.014663303,-0.998,-0.998663303,0.002010091,0.041683485,0.002673394,0.999,0.014663303
1581250761.4132419,000000000401,e78f135624ce,-75,1.120851883,4.221748466,1.762838738,-0.017374233,0.008696757,-0.999,-0.999,0.001,0.017374233,0.001,1.0,0.008696757
1581250761.8712466,000000000401,e78f135624ce,-70,0.933521671,4.301406989,1.809704894,-0.041114683,-0.006352447,-0.991647553,-0.992647553,0.001,0.041114683,-0.004117482,0.998882518,-0.005352447
1581250762.3262804,000000000401,e78f135624ce,-75,0.773933471,4.217509355,1.787438669,-0.009438669,0.002561331,-0.996561331,-0.997561331,-0.000438669,0.01,-0.002438669,0.999561331,0.003
1581250762.785272,000000000401,e78f135624ce,-80,0.583337127,4.188168564,1.741,-0.004657934,0.015731587,-0.997268413,-0.999,-0.000268413,0.005657934,0.000463174,0.999,0.015463174
1581250763.2422426,000000000401,e78f135624ce,-74,0.43413102,4.202058387,1.739892055,-0.017553973,0.01465309,-0.998049559,-0.999,-0.001049559,0.017603531,-0.001049559,0.999,0.013702648
1581250763.7002485,000000000401,e78f135624ce,-71,0.348744558,4.172351763,1.767961472,-0.010881911,0.004725294,-0.999,-0.999,-0.002,0.010881911,-0.002,1.0,0.004725294
