1581250709.5621536,000000000301,e78f135624ce,-76,17.974043656,4.354880457,1.743,0.008239086,-0.013119543,-0.999119543,1.0,0.021880457,0.007358629,0.021,-0.999,0.014
1581250710.018156,000000000301,e78f135624ce,-83,17.961373956,4.302327763,1.760626044,0.01,-0.007,-1.001,0.999,0.01491597,0.01,0.01491597,-1.001,0.005
1581250710.4711652,000000000301,e78f135624ce,-77,17.957916719,4.246736172,1.768902734,0.012638906,-0.007819453,-1.0,0.999,0.013819453,0.012638906,0.013819453,-1.0,0.007
1581250710.9221604,000000000301,e78f135624ce,-78,17.947212781,4.215127808,1.790297753,0.011787219,-0.002638343,-1.0,1.0,0.012787219,0.011787219,0.012787219,-1.0,0.002425562
1581250711.3801663,000000000301,e78f135624ce,-81,17.944227779,4.188069447,1.810702774,0.013,0.001386111,-1.0,1.0,0.015,0.013,0.015,-1.0,-0.001386111
1581250711.8371456,000000000301,e78f135624ce,-81,17.940003919,4.173015674,1.825988244,0.013,0.003996081,-1.0,1.0,0.015,0.013,0.015,-1.0,-0.003
1581250712.2941442,000000000301,e78f135624ce,-83,17.938,4.161622143,1.836377857,0.013,0.005,-1.0,1.0,0.015,0.013,0.015,-1.0,-0.004311071
1581250712.745165,000000000301,e78f135624ce,-85,17.935339079,4.159321843,1.838339079,0.012,0.003,-1.0,1.0,0.015,0.012,0.015,-1.0,-0.003
1581250714.1021411,000000000301,e78f135624ce,-82,17.888029956,4.180919354,1.837,0.030131336,0.002868664,-0.999,0.999,0.013,0.030131336,0.013,-1.0,-0.002
1581250714.5521271,000000000301,e78f135624ce,-81,17.823198256,4.181641554,1.832547185,0.037179223,-0.000726408,-0.999,0.999,0.014,0.037179223,0.014,-1.0,0.000726408
1581250715.0051315,000000000301,e78f135624ce,-75,17.738607231,4.169905291,1.83,0.050189418,-0.001,-0.998635097,0.998635097,0.015635097,0.050189418,0.015635097,-1.0,0.002
1581250715.4641216,000000000301,e78f135624ce,-74,17.637368399,4.169752788,1.839098885,0.058098885,0.002049442,-0.998,0.998,0.012049442,0.058148327,0.012049442,-1.0,-0.001049442
1581250715.9151182,000000000301,e78f135624ce,-79,17.517998768,4.166,1.845290402,0.059,0.002645201,-0.998,0.998,0.012,0.059,0.012,-1.0,-0.002
1581250716.3761072,000000000301,e78f135624ce,-82,17.400756511,4.160679891,1.842399455,0.062,0.002039673,-0.998,0.998,0.015320109,0.062,0.015320109,-1.0,-0.001039673
1581250716.8301082,000000000301,e78f135624ce,-80,17.28398403,4.160883292,1.843,0.057233415,0.001,-0.998,0.998,0.015,0.057233415,0.015,-1.0,-0.0
1581250717.2881207,000000000301,e78f135624ce,-75,17.146872013,4.159,1.840762667,0.049144001,0.002,-0.999,0.999,0.016,0.049144001,0.016,-1.0,-0.001
1581250717.2910757,000000000301,e78f135624ce,-81,17.145985526,4.159,1.840717206,0.04907581,0.002,-0.999,0.999,0.016,0.04907581,0.016,-1.0,-0.001
1581250717.7471263,000000000301,e78f135624ce,-75,17.006776974,4.151,1.838303325,0.044696675,0.00360665,-0.999,0.999,0.015,0.044696675,0.015,-1.0,-0.00360665
1581250718.2021253,000000000301,e78f135624ce,-73,16.870763437,4.147,1.835953594,0.045,0.005953594,-0.999,0.999,0.015,0.045,0.015,-1.0,-0.004953594
1581250718.6551137,000000000301,e78f135624ce,-75,16.733774122,4.14975268,1.83487634,0.04624732,0.007,-0.999,0.999,0.01556183,0.04624732,0.01656183,-1.0,-0.00643817
1581250719.5630863,000000000301,e78f135624ce,-83,16.475625197,4.146189291,1.834189291,0.070432126,0.004189291,-0.997189291,0.997,0.017810709,0.070432126,0.018,-1.0,-0.003189291
1581250720.01409,000000000301,e78f135624ce,-77,16.352117918,4.154,1.834,0.074566185,0.001566185,-0.997,0.997,0.016566185,0.074566185,0.016566185,-1.0,-0.000566185
1581250720.928089,000000000301,e78f135624ce,-83,16.102634844,4.140480259,1.83149342,0.05049342,-0.00175329,-0.999,0.998,0.01775329,0.05049342,0.01775329,-1.0,0.00275329
1581250720.9310563,000000000301,e78f135624ce,-78,16.101769364,4.140331891,1.831443964,0.050443964,-0.001778018,-0.999,0.998,0.017778018,0.050443964,0.017778018,-1.0,0.002778018
1581250721.3810751,000000000301,e78f135624ce,-73,15.977682231,4.140517319,1.833606928,0.028268826,-0.000696536,-0.999303464,0.999,0.017696536,0.028268826,0.017696536,-1.0,0.001696536
1581250723.6410656,000000000301,e78f135624ce,-68,15.275228553,4.134788572,1.824394286,0.056182859,0.004,-0.998,0.874588589,0.018605714,0.063,0.018605714,-0.876588589,0.000605714
1581250724.0940568,000000000301,e78f135624ce,-69,15.133013251,4.132025981,1.826974019,0.062974019,0.004,-0.998,0.958610288,0.019,0.065,0.019,-0.960610288,-0.001974019
1581250724.5460465,000000000301,e78f135624ce,-71,14.995494285,4.119191868,1.798575604,0.001767472,0.019410843,-0.998,-0.16412916,0.012397289,0.050589157,0.013397289,0.163731871,0.018013553
1581250725.007076,000000000301,e78f135624ce,-83,14.848367788,4.103697062,1.787302938,-0.006576496,0.018788248,-0.999,-0.424562337,0.010908814,0.038211752,0.011605876,0.424259399,0.019091186
1581250725.4584737,000000000301,e78f135624ce,-79,14.690534475,4.099,1.781923164,0.001,0.016076836,-0.998,-0.276074583,0.015,0.053462145,0.015,0.276074583,0.017153673
1581250725.461047,000000000301,e78f135624ce,-81,14.689548061,4.099,1.781944607,0.001,0.016055393,-0.998,-0.275495601,0.015,0.053612252,0.015,0.275495601,0.017110785
1581250725.9140298,000000000301,e78f135624ce,-81,14.536676895,4.107105596,1.768,-0.046527978,0.022447202,-0.997447202,-0.758012636,0.008447202,0.065211191,0.009894404,0.759565434,0.022447202
1581250726.826052,000000000301,e78f135624ce,-77,14.220992092,4.125667043,1.748665914,-0.073,0.024,-0.997,-0.972668173,0.007833522,0.075166478,0.009833522,0.975668173,0.023833522
1581250727.2820303,000000000301,e78f135624ce,-79,14.065678704,4.150020423,1.737040847,-0.073040847,0.027484683,-0.996494894,-0.989484683,0.007,0.074040847,0.009,0.991989788,0.026484683
1581250727.7375784,000000000301,e78f135624ce,-76,13.934881744,4.141611826,1.739847044,-0.047541131,0.025,-0.998,-0.996152956,0.004,0.047541131,0.005,0.997152956,0.024152956
1581250728.1970348,000000000301,e78f135624ce,-74,13.767919371,4.190934077,1.73034432,-0.05382784,0.027,-0.998,-0.99782784,0.00582784,0.05382784,0.007,0.999,0.02617216
1581250728.6530244,000000000301,e78f135624ce,-71,13.634784159,4.186389139,1.742610861,-0.044616742,0.01969457,-0.998461086,-0.998461086,0.002461086,0.044616742,0.003,0.999461086,0.01869457
1581250729.1040182,000000000301,e78f135624ce,-80,13.499050082,4.191683797,1.753736498,-0.061105401,0.015158101,-0.9979473,-0.998,0.0010527,0.061105401,0.001158101,1.0,0.015158101
1581250729.5600274,000000000301,e78f135624ce,-71,13.350879518,4.193682045,1.747261534,-0.068289744,0.019869233,-0.997,-0.920292389,0.003420511,0.071841023,0.004710256,0.923292389,0.019579489
1581250730.0140295,000000000301,e78f135624ce,-77,13.251089343,4.152079311,1.78162351,-0.013584327,0.016712853,-0.998,-0.158032929,0.010069279,0.053287147,0.011069279,0.158676503,0.007435737
1581250730.472018,000000000301,e78f135624ce,-81,13.144835858,4.127933478,1.803966739,0.012900216,0.012,-0.999,0.389303679,0.015,0.037767172,0.015033261,-0.390270418,0.003033261
1581250730.9250371,000000000301,e78f135624ce,-83,13.005773725,4.114265694,1.811777372,0.01,0.014,-0.999,0.304653291,0.015355474,0.022710949,0.015710949,-0.305008766,0.002578102
1581250731.3820593,000000000301,e78f135624ce,-83,12.88324095,4.158430038,1.822443004,-0.00410751,0.009778498,-0.999,0.622922206,0.017443004,0.006227985,0.017443004,-0.622922206,-0.001221502
1581250732.2943125,000000000301,e78f135624ce,-73,12.533069005,4.471561761,1.811149066,-0.09495997,0.005736371,-0.969472741,-0.114280213,0.015358178,0.058074533,0.009,0.130996568,0.003830919
1581250732.7530067,000000000301,e78f135624ce,-73,12.38667631,4.333928543,1.788243301,-0.026973203,-0.000756699,-0.990504466,0.464096122,0.012252233,0.025243301,0.010252233,-0.458600588,0.012
1581250733.205991,000000000301,e78f135624ce,-79,12.248149255,4.253702258,1.795893609,0.004361653,-0.002,-0.996893609,0.829616532,0.015893609,0.021,0.014893609,-0.82851014,0.006106391
1581250733.657014,000000000301,e78f135624ce,-72,12.099720445,4.220516383,1.801241809,0.017345085,-0.002103277,-0.999,0.94362215,0.016448362,0.023,0.016448362,-0.94362215,0.003103277
1581250734.1119657,000000000301,e78f135624ce,-70,11.940058404,4.204689345,1.809116496,0.019077664,3.8832e-05,-0.999,0.982155328,0.016961168,0.020077664,0.016961168,-0.98219416,0.000961168
1581250734.5639815,000000000301,e78f135624ce,-74,11.767803778,4.193336251,1.815327499,0.018336251,-0.000663749,-1.0,0.994327499,0.013672501,0.018672501,0.013672501,-0.994327499,0.001
1581250735.0199754,000000000301,e78f135624ce,-80,11.589737942,4.181398071,1.814024276,0.011674759,-0.004650482,-1.0,0.998,0.011,0.012,0.011,-0.998,0.004650482
1581250735.4739592,000000000301,e78f135624ce,-75,11.412462809,4.163217865,1.814968876,0.008968876,-0.005,-1.0,0.999,0.012968876,0.008968876,0.012968876,-0.999,0.005
1581250735.9349668,000000000301,e78f135624ce,-76,11.246954545,4.153424242,1.812068182,0.01,-0.004712121,-1.0,0.791363636,0.012643939,0.006780303,0.012643939,-0.791363636,0.007287879
1581250736.3859751,000000000301,e78f135624ce,-70,11.089923275,4.159235675,1.8229427,0.001,0.003235675,-1.0,0.552402075,0.01547135,-0.001764325,0.01547135,-0.552402075,0.002292975
1581250736.840925,000000000301,e78f135624ce,-72,10.913933701,4.157,1.834871006,-0.005613019,0.006128994,-1.0,0.549490032,0.016613019,-0.003484026,0.016613019,-0.549490032,-0.002742013
1581250737.2959614,000000000301,e78f135624ce,-73,10.743218219,4.162949734,1.832525133,-0.013949734,0.004525133,-1.0,0.464413964,0.016949734,-0.010424601,0.016949734,-0.464888831,0.0
1581250737.75496,000000000301,e78f135624ce,-78,10.564190984,4.155,1.835580523,-0.008161046,0.007580523,-1.0,0.320689264,0.015419477,0.003,0.015419477,-0.320689264,-0.001
1581250738.208935,000000000301,e78f135624ce,-75,10.401721986,4.148468976,1.841531024,0.005905723,0.010687349,-1.0,0.601114465,0.016843675,0.014531024,0.016843675,-0.601114465,-0.005687349
1581250738.2119281,000000000301,e78f135624ce,-86,10.400649455,4.148394148,1.841605852,0.006080321,0.010737235,-1.0,0.604606426,0.016868617,0.014605852,0.016868617,-0.604606426,-0.005737235
1581250739.1249712,000000000301,e78f135624ce,-75,10.068097019,4.16371205,1.83328795,-0.021272298,0.012856025,-0.999,-0.230184596,0.006575901,0.036568075,0.007431925,0.231184596,0.004424099
1581250739.5809386,000000000301,e78f135624ce,-72,9.92067316,4.16002906,1.838617436,0.007147693,0.009823248,-0.999205812,0.608421205,0.014794188,0.025588376,0.014794188,-0.608421205,-0.004411624
1581250740.031933,000000000301,e78f135624ce,-80,9.755807743,4.149582777,1.828165554,0.023417223,0.001,-0.999417223,0.873854473,0.019,0.029582777,0.019,-0.874854473,0.001
1581250740.4889305,000000000301,e78f135624ce,-69,9.587024036,4.136,1.821,0.030913566,-0.002,-0.999,0.959950774,0.02,0.032913566,0.02,-0.960950774,0.003
1581250740.4919038,000000000301,e78f135624ce,-73,9.58597194,4.136,1.821,0.030890694,-0.002,-0.999,0.960202362,0.02,0.032890694,0.02,-0.961202362,0.003
1581250740.9461796,000000000301,e78f135624ce,-69,9.422555293,4.135,1.82026262,0.025050481,-0.00026262,-1.0,0.907312511,0.01826262,0.027525241,0.01826262,-0.907312511,0.002
1581250741.8499162,000000000301,e78f135624ce,-83,9.096968297,4.14074603,1.804,-0.005126985,0.00825397,-0.999,-0.036539759,0.011,0.027,0.011873015,0.036539759,0.01225397
1581250742.3089044,000000000301,e78f135624ce,-76,8.921736537,4.141259779,1.803,-0.004099632,0.006419926,-0.999,-0.110572707,0.010160147,0.032160147,0.010580074,0.110992633,0.011839853
1581250742.7709246,000000000301,e78f135624ce,-72,8.741178114,4.144308789,1.796,-0.015852736,0.011617579,-0.999,-0.451023866,0.007382421,0.038,0.008073632,0.451023866,0.015308789
1581250743.2219107,000000000301,e78f135624ce,-70,8.551786511,4.162842273,1.799052576,-0.036789697,0.012947424,-0.999,-0.825740308,0.002052576,0.043894849,0.002052576,0.826687732,0.013947424
1581250744.131904,000000000301,e78f135624ce,-80,8.166541018,4.185645898,1.80112918,-0.053258359,0.012,-0.998,-0.980645898,-0.0,0.05412918,0.0,0.981645898,0.01287082
1581250744.5838966,000000000301,e78f135624ce,-82,7.97503895,4.199259981,1.803259981,-0.052779942,0.010259981,-0.998740019,-0.992480039,-0.001259981,0.052779942,-0.000259981,0.994480039,0.010259981
1581250745.0428965,000000000301,e78f135624ce,-80,7.779220489,4.197575366,1.798027561,-0.043575366,0.009849268,-0.999,-0.997424634,0.0,0.043575366,0.000424634,0.998,0.009849268
1581250745.4928765,000000000301,e78f135624ce,-79,7.590807404,4.196880404,1.788079731,-0.043,0.011920269,-0.999,-0.998039865,0.003,0.043,0.003039865,0.999,0.011920269
1581250745.9478931,000000000301,e78f135624ce,-75,7.406252042,4.194995023,1.79232172,-0.049668326,0.010004977,-0.999,-0.998668326,0.001331674,0.049668326,0.001663349,1.0,0.010004977
1581250746.405887,000000000301,e78f135624ce,-72,7.241449793,4.183227912,1.784591366,-0.041227912,0.011,-0.998,-0.801459846,0.001,0.05295482,0.001681727,0.802459846,0.013363454
1581250747.3148727,000000000301,e78f135624ce,-72,6.909376906,4.185218954,1.776562091,-0.035469499,0.013781046,-0.998593682,-0.64551852,0.005781046,0.048625272,0.006187364,0.645924838,0.014218954
1581250747.7728674,000000000301,e78f135624ce,-72,6.829235887,4.187352823,1.771917742,-0.009917742,0.010647177,-0.999,0.273359674,0.017270565,0.023376613,0.017270565,-0.273359674,0.009
1581250748.2258887,000000000301,e78f135624ce,-74,6.709541592,4.21878702,1.774409735,-0.009688643,0.008098378,-0.999,0.649801183,0.018803245,0.01,0.018901622,-0.649702805,0.004295133
1581250748.6828551,000000000301,e78f135624ce,-69,6.576021597,4.21865593,1.758370974,-0.006198939,0.003370974,-0.999,0.610790078,0.018543009,-0.008198939,0.018543009,-0.610790078,0.010456991
1581250749.5958726,000000000301,e78f135624ce,-80,6.121560734,4.240167858,1.758160712,-0.023335715,0.009503573,-0.998,-0.029428603,0.01,0.027503573,0.011,0.030428603,0.014335715
1581250750.0488558,000000000301,e78f135624ce,-75,5.90465342,4.183118101,1.762586645,-0.012059051,0.011588576,-0.998470475,-0.206190671,0.006940949,0.015470475,0.006940949,0.206720196,0.013177152
1581250750.0518332,000000000301,e78f135624ce,-75,5.903370862,4.18302649,1.762907285,-0.012013245,0.011519868,-0.998493377,-0.203327816,0.006986755,0.015493377,0.006986755,0.203834439,0.013039735
1581250751.4158607,000000000301,e78f135624ce,-76,5.277856095,4.140633312,1.781959094,-0.015387875,0.003918188,-0.999,-0.119459416,0.005387875,0.00022425,0.005387875,0.119112447,0.007693937
1581250752.323836,000000000301,e78f135624ce,-83,4.9451574,4.1868448,1.8077694,-0.0188459,-0.0028459,-1.0,0.461677498,0.0112306,-0.0160765,0.0118459,-0.461677498,0.0042306
1581250752.777839,000000000301,e78f135624ce,-75,4.764522787,4.216007245,1.810860248,-0.022,-0.003426502,-1.0,0.671527925,0.013286749,-0.016286749,0.014,-0.671527925,0.004426502
1581250753.239825,000000000301,e78f135624ce,-77,4.563025836,4.21987823,1.809045664,-0.022015221,-0.001969557,-1.0,0.353413779,0.011954336,-0.006863008,0.011954336,-0.353413779,0.006
1581250753.6988387,000000000301,e78f135624ce,-80,4.331900289,4.192472613,1.815,-0.016059691,0.005293539,-1.0,-0.563841274,0.004,0.00735323,0.004,0.563841274,0.00764677
1581250754.1488295,000000000301,e78f135624ce,-74,4.119087348,4.175423581,1.81919214,-0.00780786,0.00919214,-1.0,-0.857877721,-0.002,0.005,-0.002,0.857877721,0.01
1581250755.056814,000000000301,e78f135624ce,-76,3.728442508,4.144,1.803090463,0.000180927,0.017,-1.0,-0.985273842,0.003,-0.000726158,0.002454768,0.985273842,0.017
1581250755.5087876,000000000301,e78f135624ce,-80,3.542647893,4.142085335,1.794914665,-0.012341342,0.019,-1.0,-0.995085335,0.003,0.012341342,0.003,0.995085335,0.019
1581250755.5117738,000000000301,e78f135624ce,-74,3.541476387,4.142108306,1.794891694,-0.012433225,0.019,-1.0,-0.995108306,0.003,0.012433225,0.003,0.995108306,0.019
1581250755.960789,000000000301,e78f135624ce,-80,3.356377119,4.142307542,1.794077373,-0.024384915,0.015615085,-0.999,-0.998,0.004,0.024384915,0.004,0.998692458,0.015615085
1581250756.8627918,000000000301,e78f135624ce,-82,2.968075569,4.165885367,1.797426833,-0.0363439,0.009229267,-0.999,-0.999,0.002114633,0.0363439,0.003,1.0,0.009229267
1581250757.3188088,000000000301,e78f135624ce,-72,2.770554114,4.174905927,1.805,-0.022717782,0.007,-1.0,-1.0,0.000547036,0.022717782,0.000547036,1.0,0.007
1581250758.2337818,000000000301,e78f135624ce,-80,2.386260496,4.16153626,1.807347805,-0.015652195,0.00876813,-1.0,-1.0,-0.002884065,0.015652195,-0.002884065,1.0,0.00876813
1581250758.6887922,000000000301,e78f135624ce,-77,2.199978375,4.168527454,1.800527454,-0.025036605,0.008981697,-0.999490849,-1.0,0.001509151,0.025036605,0.002,1.0,0.008981697
1581250759.1408017,000000000301,e78f135624ce,-85,2.021429291,4.172218459,1.806546148,-0.029,0.004781541,-0.999,-1.0,0.002,0.029,0.002,1.0,0.004781541
1581250759.5947943,000000000301,e78f135624ce,-78,1.83965378,4.184987698,1.807734622,-0.031746924,0.004759227,-0.999,-0.999,0.000493849,0.031746924,0.000493849,1.0,0.004759227
1581250760.0507708,000000000301,e78f135624ce,-77,1.644769321,4.200041411,1.796041411,-0.04,0.010183435,-0.999,-0.999,0.0,0.04,0.001,1.0,0.010183435
1581250760.5047739,000000000301,e78f135624ce,-73,1.481222527,4.212544603,1.73294554,-0.036,0.02694554,-0.99705446,-0.99805446,0.00394554,0.036,0.00594554,0.999,0.02694554
1581250760.9568858,000000000301,e78f135624ce,-86,1.28830309,4.245360275,1.755020206,-0.041700343,0.014659931,-0.998,-0.998659931,0.002020206,0.041700343,0.002680137,0.999,0.014659931
1581250761.870762,000000000301,e78f135624ce,-75,0.933684314,4.301507342,1.809725657,-0.041176971,-0.006362829,-0.991637171,-0.992637171,0.001,0.041176971,-0.004120943,0.998879057,-0.005362829
1581250762.325771,000000000301,e78f135624ce,-72,0.77411535,4.217538456,1.787442307,-0.009442307,0.002557693,-0.996557693,-0.997557693,-0.000442307,0.01,-0.002442307,0.999557693,0.003
1581250762.784776,000000000301,e78f135624ce,-74,0.583464647,4.188232323,1.741,-0.004675645,0.015735129,-0.997264871,-0.999,-0.000264871,0.005675645,0.000470258,0.999,0.015470258
1581250763.241773,000000000301,e78f135624ce,-81,0.434314624,4.201977259,1.739968912,-0.017515544,0.014623201,-0.998053828,-0.999,-0.001053828,0.017569372,-0.001053828,0.999,0.013677029
1581250763.6997535,000000000301,e78f135624ce,-77,0.348794054,4.172459754,1.767898477,-0.010922408,0.004743292,-0.999,-0.999,-0.002,0.010922408,-0.002,1.0,0.004743292
