1581250709.5589538,000000000202,e78f135624ce,-83,17.973846745,4.354855843,1.743,0.008288314,-0.013144157,-0.999144157,1.0,0.021855843,0.007432471,0.021,-0.999,0.014
1581250710.0149534,000000000202,e78f135624ce,-78,17.961447863,4.302721938,1.760552137,0.01,-0.007,-1.001,0.999,0.014965242,0.01,0.014965242,-1.001,0.005
1581250710.4719622,000000000202,e78f135624ce,-81,17.957879933,4.246693255,1.76893339,0.012626644,-0.007813322,-1.0,0.999,0.013813322,0.012626644,0.013813322,-1.0,0.007
1581250710.9229593,000000000202,e78f135624ce,-83,17.947206123,4.21506123,1.790351016,0.011793877,-0.002618369,-1.0,1.0,0.012793877,0.011793877,0.012793877,-1.0,0.002412246
1581250711.3800786,000000000202,e78f135624ce,-80,17.944229374,4.188073435,1.810697191,0.013,0.001385313,-1.0,1.0,0.015,0.013,0.015,-1.0,-0.001385313
1581250713.6479726,000000000202,e78f135624ce,-77,17.922356042,4.160452014,1.833904028,0.015095972,0.002,-1.0,1.0,0.014547986,0.015095972,0.014547986,-1.0,-0.001452014
1581250714.5519733,000000000202,e78f135624ce,-80,17.823220731,4.181648652,1.832549551,0.037175674,-0.000725225,-0.999,0.999,0.014,0.037175674,0.014,-1.0,0.000725225
1581250715.005971,000000000202,e78f135624ce,-79,17.73845871,4.169885919,1.83,0.050228163,-0.001,-0.99862864,0.99862864,0.01562864,0.050228163,0.01562864,-1.0,0.002
1581250715.4649763,000000000202,e78f135624ce,-78,17.637151429,4.169719913,1.839112035,0.058112035,0.002056017,-0.998,0.998,0.012056017,0.058168052,0.012056017,-1.0,-0.001056017
1581250715.915985,000000000202,e78f135624ce,-86,17.517774821,4.166,1.84530485,0.059,0.002652425,-0.998,0.998,0.012,0.059,0.012,-1.0,-0.002
1581250716.3729494,000000000202,e78f135624ce,-80,17.401598606,4.160706206,1.842531032,0.062,0.002118619,-0.998,0.998,0.015293794,0.062,0.015293794,-1.0,-0.001118619
1581250716.8299835,000000000202,e78f135624ce,-85,17.284016642,4.160881374,1.843,0.057237252,0.001,-0.998,0.998,0.015,0.057237252,0.015,-1.0,-0.0
1581250717.2899659,000000000202,e78f135624ce,-74,17.146318477,4.159,1.840734281,0.049101421,0.002,-0.999,0.999,0.016,0.049101421,0.016,-1.0,-0.001
1581250718.6509886,000000000202,e78f135624ce,-83,16.735011659,4.149890184,1.834945092,0.046109816,0.007,-0.999,0.999,0.015527454,0.046109816,0.016527454,-1.0,-0.006472546
1581250719.1059685,000000000202,e78f135624ce,-80,16.605669989,4.147695428,1.837,0.05576143,0.007,-0.998,0.998,0.016152286,0.05576143,0.016152286,-1.0,-0.006
1581250719.563999,000000000202,e78f135624ce,-79,16.47537948,4.146182271,1.834182271,0.070453187,0.004182271,-0.997182271,0.997,0.017817729,0.070453187,0.018,-1.0,-0.003182271
1581250720.0139985,000000000202,e78f135624ce,-81,16.352140454,4.154,1.834,0.074566889,0.001566889,-0.997,0.997,0.016566889,0.074566889,0.016566889,-1.0,-0.000566889
1581250720.4679728,000000000202,e78f135624ce,-75,16.231153593,4.148762799,1.831079067,0.067762799,-0.001,-0.998,0.997079067,0.017,0.067762799,0.017,-1.0,0.002
1581250721.3779922,000000000202,e78f135624ce,-81,15.978635156,4.140377183,1.833550873,0.028521071,-0.000724563,-0.999275437,0.999,0.017724563,0.028521071,0.017724563,-1.0,0.001724563
1581250721.837956,000000000202,e78f135624ce,-81,15.856364991,4.153791324,1.839721766,0.001347793,0.002860883,-1.0,1.0,0.017069559,0.001347793,0.017069559,-1.0,-0.002860883
1581250722.2869706,000000000202,e78f135624ce,-81,15.728180874,4.166698782,1.837,-0.005867479,0.004,-1.0,0.908421561,0.018566261,-0.001,0.018566261,-0.908421561,-0.002566261
1581250722.737969,000000000202,e78f135624ce,-88,15.570917546,4.153918756,1.814432498,-0.030810027,0.016135004,-0.999,-0.178907873,0.013432498,0.034081244,0.014432498,0.179907873,0.013135004
1581250723.6409986,000000000202,e78f135624ce,-85,15.275252915,4.134787354,1.824393677,0.056181031,0.004,-0.998,0.874566054,0.018606323,0.063,0.018606323,-0.876566054,0.000606323
1581250724.093984,000000000202,e78f135624ce,-77,15.133033574,4.132026502,1.826973498,0.062973498,0.004,-0.998,0.958602471,0.019,0.065,0.019,-0.960602471,-0.001973498
1581250724.5489771,000000000202,e78f135624ce,-77,14.994615094,4.119124238,1.798372714,0.001496952,0.019501016,-0.998,-0.170193328,0.012374746,0.050498984,0.013374746,0.169818582,0.01812627
1581250726.3669715,000000000202,e78f135624ce,-75,14.373931637,4.125642578,1.755839355,-0.075481934,0.024839355,-0.996,-0.920373537,0.007,0.082,0.009,0.922534181,0.024678711
1581250726.8270047,000000000202,e78f135624ce,-81,14.22068429,4.1256817,1.748636599,-0.073,0.024,-0.997,-0.972726802,0.00784085,0.07515915,0.00984085,0.975726802,0.02384085
1581250727.2819734,000000000202,e78f135624ce,-72,14.065694045,4.150022177,1.737044353,-0.073044353,0.027483368,-0.996494456,-0.989483368,0.007,0.074044353,0.009,0.991988912,0.026483368
1581250727.7359915,000000000202,e78f135624ce,-83,13.935370025,4.141562997,1.739859251,-0.047577752,0.025,-0.998,-0.996140749,0.004,0.047577752,0.005,0.997140749,0.024140749
1581250728.1939812,000000000202,e78f135624ce,-80,13.769089943,4.19062871,1.730395215,-0.053802393,0.027,-0.998,-0.997802393,0.005802393,0.053802393,0.007,0.999,0.026197607
1581250728.654007,000000000202,e78f135624ce,-75,13.634513965,4.186307262,1.742692738,-0.044592179,0.019653631,-0.998469274,-0.998469274,0.002469274,0.044592179,0.003,0.999469274,0.018653631
1581250729.1049736,000000000202,e78f135624ce,-78,13.498755517,4.19163603,1.753696692,-0.061121323,0.015181985,-0.997939338,-0.998,0.001060662,0.061121323,0.001181985,1.0,0.015181985
1581250729.5600164,000000000202,e78f135624ce,-80,13.350882977,4.19368137,1.747261028,-0.068289829,0.019869486,-0.997,-0.9203015,0.003420343,0.071840685,0.004710171,0.9233015,0.019579657
1581250730.0149932,000000000202,e78f135624ce,-78,13.250904018,4.151997768,1.78182366,-0.013450893,0.016727679,-0.998,-0.155475452,0.010091518,0.053272321,0.011091518,0.156111613,0.007361607
1581250730.468987,000000000202,e78f135624ce,-79,13.1456519,4.127980109,1.803990054,0.012970163,0.012,-0.999,0.390492769,0.015,0.03793038,0.015009946,-0.391482823,0.003009946
1581250730.9219663,000000000202,e78f135624ce,-83,13.007053239,4.114572777,1.811905324,0.01,0.014,-0.999,0.308875688,0.015381065,0.02276213,0.01576213,-0.309256753,0.002475741
1581250731.3829916,000000000202,e78f135624ce,-74,12.883020608,4.158599532,1.822459953,-0.004149883,0.009770023,-0.999,0.623837474,0.017459953,0.006160187,0.017459953,-0.623837474,-0.001229977
1581250731.834003,000000000202,e78f135624ce,-83,12.700476464,4.145815442,1.767215229,-0.006984665,0.022492332,-0.999,-0.120909054,0.017830777,0.00432311,0.017830777,0.120739831,0.018984665
1581250732.2930875,000000000202,e78f135624ce,-72,12.533611502,4.47192051,1.811306565,-0.095152469,0.005692621,-0.969385242,-0.11293272,0.015384428,0.058153283,0.009,0.129701575,0.003769669
1581250732.7499735,000000000202,e78f135624ce,-81,12.387391268,4.334621836,1.788308297,-0.027233189,-0.000691703,-0.990461135,0.460737982,0.012230568,0.025308297,0.010230568,-0.455199117,0.012
1581250733.2029738,000000000202,e78f135624ce,-81,12.249218986,4.254141122,1.79586618,0.004197079,-0.002,-0.99686618,0.827970792,0.01586618,0.021,0.01486618,-0.826836971,0.00613382
1581250733.6539986,000000000202,e78f135624ce,-82,12.100899147,4.220790499,1.80110475,0.01726285,-0.0021581,-0.999,0.943156151,0.01642095,0.023,0.01642095,-0.943156151,0.0031581
1581250734.112004,000000000202,e78f135624ce,-74,11.940040956,4.204686553,1.809117543,0.019078362,3.9181e-05,-0.999,0.982156724,0.016960819,0.020078362,0.016960819,-0.982195904,0.000960819
1581250734.5640175,000000000202,e78f135624ce,-75,11.767790762,4.193335974,1.815328053,0.018335974,-0.000664026,-1.0,0.994328053,0.013671947,0.018671947,0.013671947,-0.994328053,0.001
1581250735.0199916,000000000202,e78f135624ce,-70,11.589731706,4.181397073,1.814023902,0.011674634,-0.004650732,-1.0,0.998,0.011,0.012,0.011,-0.998,0.004650732
1581250735.4749901,000000000202,e78f135624ce,-71,11.412059031,4.163157728,1.814977467,0.008977467,-0.005,-1.0,0.999,0.012977467,0.008977467,0.012977467,-0.999,0.005
1581250735.932055,000000000202,e78f135624ce,-79,11.247973679,4.153521303,1.812140977,0.01,-0.004760651,-1.0,0.79922552,0.012619674,0.006901628,0.012619674,-0.79922552,0.007239349
1581250736.3820262,000000000202,e78f135624ce,-80,11.091469939,4.159202767,1.822811069,0.001,0.003202767,-1.0,0.548156975,0.015405534,-0.001797233,0.015405534,-0.548156975,0.002391698
1581250736.8410056,000000000202,e78f135624ce,-77,10.913905187,4.157,1.834871626,-0.005614879,0.006128374,-1.0,0.549588594,0.016614879,-0.003486506,0.016614879,-0.549588594,-0.002743253
1581250737.2960145,000000000202,e78f135624ce,-82,10.743197361,4.162948916,1.832525542,-0.013948916,0.004525542,-1.0,0.464380019,0.016948916,-0.010423374,0.016948916,-0.464854477,0.0
1581250737.7550015,000000000202,e78f135624ce,-72,10.564177581,4.155,1.835579885,-0.00815977,0.007579885,-1.0,0.320751172,0.015420115,0.003,0.015420115,-0.320751172,-0.001
1581250738.6660028,000000000202,e78f135624ce,-74,10.224648348,4.158943622,1.835028189,-0.030401338,0.012485905,-0.999,-0.451089836,0.004028189,0.037943622,0.004514095,0.452089836,0.006457716
1581250739.1249945,000000000202,e78f135624ce,-83,10.068089036,4.16371166,1.83328834,-0.021269962,0.01285583,-0.999,-0.230117227,0.006576679,0.03656749,0.00743251,0.231117227,0.004423321
1581250739.581026,000000000202,e78f135624ce,-76,9.920641525,4.160025694,1.838615416,0.007153751,0.009820555,-0.999205139,0.608511396,0.014794861,0.025589722,0.014794861,-0.608511396,-0.004410278
1581250740.0320048,000000000202,e78f135624ce,-77,9.75578235,4.149582225,1.82816445,0.023417775,0.001,-0.999417775,0.87387545,0.019,0.029582225,0.019,-0.87487545,0.001
1581250740.9430244,000000000202,e78f135624ce,-75,9.423712213,4.135,1.820288914,0.025155656,-0.000288914,-1.0,0.910047048,0.018288914,0.027577828,0.018288914,-0.910047048,0.002
1581250741.3999927,000000000202,e78f135624ce,-78,9.267493315,4.131293624,1.814531882,0.009825506,0.003587247,-1.0,0.338607472,0.014,0.021293624,0.014,-0.339313848,0.007880871
1581250741.8500001,000000000202,e78f135624ce,-75,9.096940123,4.140747229,1.804,-0.005126386,0.008252771,-0.999,-0.036490004,0.011,0.027,0.011873614,0.036490004,0.012252771
1581250742.309997,000000000202,e78f135624ce,-71,8.921369712,4.141236365,1.803,-0.004060608,0.006412122,-0.999,-0.109800032,0.010175757,0.032175757,0.010587878,0.110212153,0.011824243
1581250742.7670488,000000000202,e78f135624ce,-71,8.742506935,4.144281106,1.796,-0.015686633,0.011562211,-0.999,-0.446539093,0.007437789,0.038,0.008156683,0.446539093,0.015281106
1581250743.2192218,000000000202,e78f135624ce,-75,8.553082066,4.16276894,1.79907702,-0.03669192,0.01292298,-0.999,-0.824224753,0.00207702,0.04384596,0.00207702,0.825147733,0.01392298
1581250743.6760068,000000000202,e78f135624ce,-77,8.359903876,4.174120462,1.799530116,-0.047590347,0.013469884,-0.999,-0.94254208,-0.000530116,0.050060231,0.0,0.94354208,0.014
1581250744.1320097,000000000202,e78f135624ce,-75,8.166492901,4.18565071,1.801130142,-0.053260284,0.012,-0.998,-0.98065071,-0.0,0.054130142,0.0,0.98165071,0.012869858
1581250744.5850124,000000000202,e78f135624ce,-78,7.974575465,4.199251397,1.803251397,-0.052754192,0.010251397,-0.998748603,-0.992497205,-0.001251397,0.052754192,-0.000251397,0.994497205,0.010251397
1581250745.0430095,000000000202,e78f135624ce,-71,7.779171808,4.197574497,1.798021476,-0.043574497,0.009851007,-0.999,-0.997425503,0.0,0.043574497,0.000425503,0.998,0.009851007
1581250745.494032,000000000202,e78f135624ce,-72,7.590318591,4.196853741,1.788097506,-0.043,0.011902494,-0.999,-0.998048753,0.003,0.043,0.003048753,0.999,0.011902494
1581250746.4020617,000000000202,e78f135624ce,-84,7.243107376,4.183004776,1.784431983,-0.041004776,0.011,-0.998,-0.799611004,0.001,0.05285919,0.001713603,0.800611004,0.013427207
1581250746.8550076,000000000202,e78f135624ce,-85,7.08275771,4.181121705,1.780804823,-0.039219294,0.008902412,-0.998,-0.696558051,0.005,0.055804823,0.005,0.697460463,0.013097588
1581250747.3150055,000000000202,e78f135624ce,-89,6.909348304,4.18521589,1.776568221,-0.035458262,0.01378411,-0.998594703,-0.645240663,0.00578411,0.048621186,0.006189407,0.64564596,0.01421589
1581250747.7740207,000000000202,e78f135624ce,-75,6.829014113,4.187397177,1.771882258,-0.009882258,0.010602823,-0.999,0.275240326,0.017279435,0.023323387,0.017279435,-0.275240326,0.009
1581250748.226023,000000000202,e78f135624ce,-79,6.709501323,4.218778072,1.774416446,-0.009680813,0.008097259,-0.999,0.649939887,0.018805482,0.01,0.018902741,-0.649842628,0.004291777
1581250749.1400113,000000000202,e78f135624ce,-83,6.351448082,4.270091485,1.76,-0.029789649,0.00211586,-0.998,0.292746587,0.015070117,0.024161602,0.015256094,-0.29156061,0.010743906
1581250749.5960374,000000000202,e78f135624ce,-81,6.121496103,4.24016659,1.758167049,-0.023333181,0.009499771,-0.998,-0.02932722,0.01,0.027499771,0.011,0.03032722,0.014333181
1581250750.0500212,000000000202,e78f135624ce,-72,5.904151407,4.183082243,1.762712148,-0.012041122,0.011561683,-0.998479439,-0.205070104,0.006958878,0.015479439,0.006958878,0.205590665,0.013123365
1581250750.5050216,000000000202,e78f135624ce,-75,5.677602812,4.157399866,1.748733423,-0.016533155,0.017733423,-0.999,-0.3782639,0.000866711,0.010133289,0.001866711,0.3782639,0.018133289
1581250750.9570286,000000000202,e78f135624ce,-79,5.460054987,4.122899721,1.75148891,-0.012044362,0.014255545,-0.999,-0.504822553,0.001,0.007766636,0.001255545,0.504822553,0.016
1581250751.412079,000000000202,e78f135624ce,-75,5.279059319,4.139877,1.782062227,-0.015250364,0.004124455,-0.999,-0.130907231,0.005250364,0.000499273,0.005250364,0.13059464,0.007625182
1581250751.872033,000000000202,e78f135624ce,-73,5.113860045,4.160676514,1.801676514,-0.012919128,0.002,-1.0,0.183853764,0.008,-0.008919128,0.008,-0.183853764,0.003080872
1581250752.3240469,000000000202,e78f135624ce,-83,4.945094172,4.186868887,1.807766389,-0.018850416,-0.002850416,-1.0,0.461940951,0.011233611,-0.016084027,0.011850416,-0.461940951,0.004233611
1581250752.779025,000000000202,e78f135624ce,-74,4.764124586,4.216066551,1.810885665,-0.022,-0.003409557,-1.0,0.672341272,0.013295222,-0.016295222,0.014,-0.672341272,0.004409557
1581250753.6950188,000000000202,e78f135624ce,-86,4.334053349,4.192715701,1.815,-0.016163872,0.005224086,-1.0,-0.558910071,0.004,0.007387957,0.004,0.558910071,0.007612043
1581250754.146032,000000000202,e78f135624ce,-75,4.120664046,4.175499873,1.819166709,-0.007833291,0.009166709,-1.0,-0.856835066,-0.002,0.005,-0.002,0.856835066,0.01
1581250754.59603,000000000202,e78f135624ce,-82,3.918422072,4.15970499,1.81397428,2.572e-05,0.01451286,-1.0,-0.953346449,-0.00024357,-0.00102572,-0.00024357,0.953346449,0.01451286
1581250755.0570264,000000000202,e78f135624ce,-72,3.728354268,4.144,1.803087195,0.00017439,0.017,-1.0,-0.985282012,0.003,-0.000717988,0.002456402,0.985282012,0.017
1581250755.5100138,000000000202,e78f135624ce,-77,3.542166851,4.142094768,1.794905232,-0.012379071,0.019,-1.0,-0.995094768,0.003,0.012379071,0.003,0.995094768,0.019
1581250755.961041,000000000202,e78f135624ce,-69,3.356272115,4.142305442,1.794083673,-0.024389115,0.015610885,-0.999,-0.998,0.004,0.024389115,0.004,0.998694558,0.015610885
1581250756.4120233,000000000202,e78f135624ce,-82,3.158551856,4.15671646,1.788713923,-0.039572153,0.015713923,-0.999,-0.999,0.004,0.039572153,0.004286077,0.999,0.015713923
1581250756.8630502,000000000202,e78f135624ce,-73,2.967970203,4.165887355,1.797436773,-0.036337936,0.009225291,-0.999,-0.999,0.002112645,0.036337936,0.003,1.0,0.009225291
1581250757.7750435,000000000202,e78f135624ce,-83,2.575270601,4.161420761,1.807631141,-0.010420761,0.00678962,-1.0,-1.0,0.00078962,0.010420761,0.00078962,1.0,0.00678962
1581250758.2340622,000000000202,e78f135624ce,-77,2.386134325,4.161545606,1.807340796,-0.015659204,0.008772803,-1.0,-1.0,-0.002886401,0.015659204,-0.002886401,1.0,0.008772803
1581250758.6900325,000000000202,e78f135624ce,-71,2.199389254,4.16855846,1.80055846,-0.025077947,0.008961026,-0.999480513,-1.0,0.001519487,0.025077947,0.002,1.0,0.008961026
1581250759.1418257,000000000202,e78f135624ce,-78,2.020994087,4.172235526,1.806588815,-0.029,0.004764474,-0.999,-1.0,0.002,0.029,0.002,1.0,0.004764474
1581250759.59581,000000000202,e78f135624ce,-69,1.839263141,4.185018949,1.807773686,-0.031754737,0.004735788,-0.999,-0.999,0.000509474,0.031754737,0.000509474,1.0,0.004735788
1581250760.5011153,000000000202,e78f135624ce,-73,1.482657796,4.212263177,1.732973682,-0.036,0.026973682,-0.997026318,-0.998026318,0.003973682,0.036,0.005973682,0.999,0.026973682
1581250760.9531872,000000000202,e78f135624ce,-82,1.289690062,4.245483561,1.755112671,-0.041854451,0.01462911,-0.998,-0.99862911,0.002112671,0.041854451,0.002741781,0.999,0.01462911
1581250761.4130425,000000000202,e78f135624ce,-75,1.120938859,4.221773834,1.762847798,-0.017386917,0.008691321,-0.999,-0.999,0.001,0.017386917,0.001,1.0,0.008691321
1581250761.871042,000000000202,e78f135624ce,-89,0.933590346,4.301449362,1.809713661,-0.041140984,-0.006356831,-0.991643169,-0.992643169,0.001,0.041140984,-0.004118944,0.998881056,-0.005356831
1581250762.7810478,000000000202,e78f135624ce,-74,0.584423314,4.188711657,1.741,-0.004808794,0.015761759,-0.997238241,-0.999,-0.000238241,0.005808794,0.000523517,0.999,0.015523517
1581250763.2420268,000000000202,e78f135624ce,-79,0.434215366,4.202021117,1.739927362,-0.017536319,0.014639359,-0.99805152,-0.999,-0.00105152,0.017587839,-0.00105152,0.999,0.013690879
1581250763.7000356,000000000202,e78f135624ce,-70,0.348765849,4.172398216,1.767934374,-0.010899331,0.004733036,-0.999,-0.999,-0.002,0.010899331,-0.002,1.0,0.004733036
