1581250710.471179,000000000302,e78f135624ce,-79,17.95791608,4.246735427,1.768903266,0.012638693,-0.007819347,-1.0,0.999,0.013819347,0.012638693,0.013819347,-1.0,0.007
1581250710.922167,000000000302,e78f135624ce,-77,17.947212725,4.215127252,1.790298198,0.011787275,-0.002638176,-1.0,1.0,0.012787275,0.011787275,0.012787275,-1.0,0.00242545
1581250711.3801713,000000000302,e78f135624ce,-81,17.944227688,4.188069219,1.810703093,0.013,0.001386156,-1.0,1.0,0.015,0.013,0.015,-1.0,-0.001386156
1581250711.837181,000000000302,e78f135624ce,-81,17.940003665,4.173014659,1.825989006,0.013,0.003996335,-1.0,1.0,0.015,0.013,0.015,-1.0,-0.003
1581250711.840145,000000000302,e78f135624ce,-85,17.939977719,4.172866312,1.826044563,0.013022281,0.004,-1.0,1.0,0.015,0.013022281,0.015,-1.0,-0.003
1581250712.2941568,000000000302,e78f135624ce,-85,17.938,4.161621962,1.836378038,0.013,0.005,-1.0,1.0,0.015,0.013,0.015,-1.0,-0.004310981
1581250712.7451668,000000000302,e78f135624ce,-86,17.935339091,4.159321819,1.838339091,0.012,0.003,-1.0,1.0,0.015,0.012,0.015,-1.0,-0.003
1581250714.1021328,000000000302,e78f135624ce,-79,17.888031094,4.180918823,1.837,0.03013126,0.00286874,-0.999,0.999,0.013,0.03013126,0.013,-1.0,-0.002
1581250714.5521011,000000000302,e78f135624ce,-81,17.823202054,4.181642754,1.832547585,0.037178623,-0.000726208,-0.999,0.999,0.014,0.037178623,0.014,-1.0,0.000726208
1581250715.0051458,000000000302,e78f135624ce,-80,17.738604701,4.169904961,1.83,0.050190078,-0.001,-0.998634987,0.998634987,0.015634987,0.050190078,0.015634987,-1.0,0.002
1581250715.4641101,000000000302,e78f135624ce,-83,17.637371304,4.169753228,1.839098709,0.058098709,0.002049354,-0.998,0.998,0.012049354,0.058148063,0.012049354,-1.0,-0.001049354
1581250715.915139,000000000302,e78f135624ce,-75,17.51799341,4.166,1.845290748,0.059,0.002645374,-0.998,0.998,0.012,0.059,0.012,-1.0,-0.002
1581250716.376122,000000000302,e78f135624ce,-76,17.400752569,4.160679768,1.842398839,0.062,0.002039303,-0.998,0.998,0.015320232,0.062,0.015320232,-1.0,-0.001039303
1581250716.8300898,000000000302,e78f135624ce,-71,17.283988831,4.16088301,1.843,0.05723398,0.001,-0.998,0.998,0.015,0.05723398,0.015,-1.0,-0.0
1581250717.290118,000000000302,e78f135624ce,-77,17.146272844,4.159,1.840731941,0.049097911,0.002,-0.999,0.999,0.016,0.049097911,0.016,-1.0,-0.001
1581250717.7471242,000000000302,e78f135624ce,-78,17.006777585,4.151,1.838303309,0.044696691,0.003606617,-0.999,0.999,0.015,0.044696691,0.015,-1.0,-0.003606617
1581250718.202122,000000000302,e78f135624ce,-87,16.870764494,4.147,1.835953566,0.045,0.005953566,-0.999,0.999,0.015,0.045,0.015,-1.0,-0.004953566
1581250718.6551266,000000000302,e78f135624ce,-71,16.73377026,4.149752251,1.834876126,0.046247749,0.007,-0.999,0.999,0.015561937,0.046247749,0.016561937,-1.0,-0.006438063
1581250719.5630782,000000000302,e78f135624ce,-75,16.47562738,4.146189354,1.834189354,0.070431939,0.004189354,-0.997189354,0.997,0.017810646,0.070431939,0.018,-1.0,-0.003189354
1581250720.01409,000000000302,e78f135624ce,-84,16.352117918,4.154,1.834,0.074566185,0.001566185,-0.997,0.997,0.016566185,0.074566185,0.016566185,-1.0,-0.000566185
1581250720.467067,000000000302,e78f135624ce,-72,16.231404416,4.148783701,1.8310721,0.067783701,-0.001,-0.998,0.9970721,0.017,0.067783701,0.017,-1.0,0.002
1581250720.929613,000000000302,e78f135624ce,-72,16.102190282,4.140404048,1.831468016,0.050468016,-0.001765992,-0.999,0.998,0.017765992,0.050468016,0.017765992,-1.0,0.002765992
1581250721.3811016,000000000302,e78f135624ce,-71,15.977674051,4.140518522,1.833607409,0.028266661,-0.000696296,-0.999303704,0.999,0.017696296,0.028266661,0.017696296,-1.0,0.001696296
1581250723.641066,000000000302,e78f135624ce,-82,15.275228379,4.134788581,1.824394291,0.056182872,0.004,-0.998,0.874588749,0.018605709,0.063,0.018605709,-0.876588749,0.000605709
1581250724.0940397,000000000302,e78f135624ce,-77,15.133018033,4.132026103,1.826973897,0.062973897,0.004,-0.998,0.958608449,0.019,0.065,0.019,-0.960608449,-0.001973897
1581250724.5460708,000000000302,e78f135624ce,-78,14.99548699,4.119191307,1.798573921,0.001765228,0.019411591,-0.998,-0.164179481,0.012397102,0.050588409,0.013397102,0.163782379,0.018014489
1581250725.0070772,000000000302,e78f135624ce,-73,14.848367375,4.103697053,1.787302947,-0.006576422,0.018788211,-0.999,-0.424560659,0.010908842,0.038211789,0.011605894,0.424257712,0.019091158
1581250725.4580486,000000000302,e78f135624ce,-80,14.690697431,4.099,1.781919621,0.001,0.016080379,-0.998,-0.276170231,0.015,0.053437348,0.015,0.276170231,0.017160758
1581250725.461051,000000000302,e78f135624ce,-68,14.689546508,4.099,1.781944641,0.001,0.016055359,-0.998,-0.275494689,0.015,0.053612488,0.015,0.275494689,0.017110718
1581250725.9140432,000000000302,e78f135624ce,-72,14.536671999,4.107105818,1.768,-0.046529091,0.022447091,-0.997447091,-0.758021092,0.008447091,0.065211636,0.009894182,0.759574001,0.022447091
1581250726.8260467,000000000302,e78f135624ce,-79,14.220993786,4.125666963,1.748666075,-0.073,0.024,-0.997,-0.97266785,0.007833481,0.075166519,0.009833481,0.97566785,0.023833481
1581250727.282043,000000000302,e78f135624ce,-84,14.065675302,4.150020034,1.737040069,-0.073040069,0.027484974,-0.996494991,-0.989484974,0.007,0.074040069,0.009,0.991989983,0.026484974
1581250727.7361598,000000000302,e78f135624ce,-76,13.935318234,4.141568177,1.739857956,-0.047573868,0.025,-0.998,-0.996142044,0.004,0.047573868,0.005,0.997142044,0.024142044
1581250728.1970396,000000000302,e78f135624ce,-71,13.767917543,4.190934554,1.730344241,-0.05382788,0.027,-0.998,-0.99782788,0.00582788,0.05382788,0.007,0.999,0.02617212
1581250728.6530223,000000000302,e78f135624ce,-74,13.63478475,4.186389318,1.742610682,-0.044616795,0.019694659,-0.998461068,-0.998461068,0.002461068,0.044616795,0.003,0.999461068,0.018694659
1581250729.104003,000000000302,e78f135624ce,-77,13.499054787,4.19168456,1.753737133,-0.061105147,0.01515772,-0.997947427,-0.998,0.001052573,0.061105147,0.00115772,1.0,0.01515772
1581250729.5600085,000000000302,e78f135624ce,-77,13.350885458,4.193680886,1.747260665,-0.068289889,0.019869668,-0.997,-0.920308037,0.003420222,0.071840443,0.004710111,0.923308037,0.019579778
1581250730.0140238,000000000302,e78f135624ce,-76,13.251090443,4.152079795,1.781622321,-0.013585119,0.016712765,-0.998,-0.158048115,0.010069147,0.053287235,0.011069147,0.158691732,0.007436177
1581250730.472017,000000000302,e78f135624ce,-69,13.144836115,4.127933492,1.803966746,0.012900238,0.012,-0.999,0.389304053,0.015,0.037767223,0.015033254,-0.390270799,0.003033254
1581250730.9250283,000000000302,e78f135624ce,-69,13.0057774,4.114266576,1.81177774,0.01,0.014,-0.999,0.304665421,0.015355548,0.022711096,0.015711096,-0.305020969,0.002577808
1581250731.3820827,000000000302,e78f135624ce,-75,12.883235428,4.158434286,1.822443429,-0.004108572,0.009778286,-0.999,0.622945146,0.017443429,0.006226285,0.017443429,-0.622945146,-0.001221714
1581250731.834001,000000000302,e78f135624ce,-76,12.700477227,4.145815347,1.767215488,-0.006984583,0.022492291,-0.999,-0.120906792,0.017830764,0.004323055,0.017830764,0.120737556,0.018984583
1581250732.2920356,000000000302,e78f135624ce,-82,12.534077345,4.472228567,1.81144181,-0.095317767,0.005655053,-0.969310106,-0.111775628,0.015406968,0.058220905,0.009,0.128589564,0.003717074
1581250732.7529914,000000000302,e78f135624ce,-77,12.386679906,4.33393203,1.788243628,-0.026974511,-0.000756372,-0.990504248,0.464079228,0.012252124,0.025243628,0.010252124,-0.458583476,0.012
1581250733.2059941,000000000302,e78f135624ce,-79,12.248148156,4.253701807,1.795893637,0.004361822,-0.002,-0.996893637,0.829618222,0.015893637,0.021,0.014893637,-0.828511859,0.006106363
1581250733.65779,000000000302,e78f135624ce,-89,12.099417079,4.220445832,1.801277084,0.01736625,-0.002089166,-0.999,0.943742085,0.016455417,0.023,0.016455417,-0.943742085,0.003089166
1581250734.5639765,000000000302,e78f135624ce,-72,11.767805588,4.193336289,1.815327422,0.018336289,-0.000663711,-1.0,0.994327422,0.013672578,0.018672578,0.013672578,-0.994327422,0.001
1581250735.0199811,000000000302,e78f135624ce,-85,11.589735741,4.181397719,1.814024144,0.011674715,-0.00465057,-1.0,0.998,0.011,0.012,0.011,-0.998,0.00465057
1581250735.4739778,000000000302,e78f135624ce,-81,11.412455525,4.16321678,1.814969031,0.008969031,-0.005,-1.0,0.999,0.012969031,0.008969031,0.012969031,-0.999,0.005
1581250736.3859649,000000000302,e78f135624ce,-73,11.08992729,4.15923559,1.822942358,0.001,0.00323559,-1.0,0.552391055,0.015471179,-0.00176441,0.015471179,-0.552391055,0.002293231
1581250736.8409662,000000000302,e78f135624ce,-80,10.913919106,4.157,1.834871324,-0.005613971,0.006128676,-1.0,0.54954048,0.016613971,-0.003485295,0.016613971,-0.54954048,-0.002742648
1581250737.2959664,000000000302,e78f135624ce,-75,10.743216255,4.162949657,1.832525171,-0.013949657,0.004525171,-1.0,0.464410767,0.016949657,-0.010424486,0.016949657,-0.464885596,0.0
1581250737.7549508,000000000302,e78f135624ce,-80,10.564193988,4.155,1.835580666,-0.008161332,0.007580666,-1.0,0.320675388,0.015419334,0.003,0.015419334,-0.320675388,-0.001
1581250738.2099297,000000000302,e78f135624ce,-78,10.401365558,4.148444109,1.841555891,0.005963746,0.010703928,-1.0,0.602274929,0.016851964,0.014555891,0.016851964,-0.602274929,-0.005703928
1581250739.1249728,000000000302,e78f135624ce,-83,10.068096448,4.163712022,1.833287978,-0.021272131,0.012856011,-0.999,-0.230179784,0.006575956,0.036568033,0.007431967,0.231179784,0.004424044
1581250739.5809555,000000000302,e78f135624ce,-80,9.92066704,4.160028408,1.838617045,0.007148865,0.009822727,-0.999205682,0.608438653,0.014794318,0.025588637,0.014794318,-0.608438653,-0.004411363
1581250740.0319388,000000000302,e78f135624ce,-81,9.755805718,4.149582733,1.828165466,0.023417267,0.001,-0.999417267,0.873856146,0.019,0.029582733,0.019,-0.874856146,0.001
1581250740.4889233,000000000302,e78f135624ce,-68,9.587026567,4.136,1.821,0.030913621,-0.002,-0.999,0.959950169,0.02,0.032913621,0.02,-0.960950169,0.003
1581250740.9459333,000000000302,e78f135624ce,-82,9.422645598,4.135,1.820264673,0.025058691,-0.000264673,-1.0,0.90752596,0.018264673,0.027529345,0.018264673,-0.90752596,0.002
1581250741.3989289,000000000302,e78f135624ce,-78,9.267938187,4.131283952,1.814580238,0.00986419,0.003567905,-1.0,0.340135511,0.014,0.021283952,0.014,-0.340851558,0.007851857
1581250741.8499258,000000000302,e78f135624ce,-78,9.096965096,4.140746166,1.804,-0.005126917,0.008253834,-0.999,-0.036534105,0.011,0.027,0.011873083,0.036534105,0.012253834
1581250742.3099287,000000000302,e78f135624ce,-79,8.921392684,4.141237831,1.803,-0.004063051,0.00641261,-0.999,-0.109848419,0.010174779,0.032174779,0.01058739,0.110261029,0.011825221
1581250742.7709239,000000000302,e78f135624ce,-75,8.741178359,4.144308784,1.796,-0.015852705,0.011617568,-0.999,-0.451023038,0.007382432,0.038,0.008073647,0.451023038,0.015308784
1581250743.2218945,000000000302,e78f135624ce,-74,8.551794323,4.162841831,1.799052723,-0.036789108,0.012947277,-0.999,-0.82573117,0.002052723,0.043894554,0.002052723,0.826678447,0.013947277
1581250744.1318932,000000000302,e78f135624ce,-78,8.166545895,4.185645411,1.801129082,-0.053258164,0.012,-0.998,-0.980645411,-0.0,0.054129082,0.0,0.981645411,0.012870918
1581250744.5838952,000000000302,e78f135624ce,-79,7.975039544,4.199259992,1.803259992,-0.052779975,0.010259992,-0.998740008,-0.992480017,-0.001259992,0.052779975,-0.000259992,0.994480017,0.010259992
1581250745.0428958,000000000302,e78f135624ce,-81,7.779220797,4.197575371,1.7980276,-0.043575371,0.009849257,-0.999,-0.997424629,0.0,0.043575371,0.000424629,0.998,0.009849257
1581250745.9479082,000000000302,e78f135624ce,-79,7.406245909,4.194994647,1.792320844,-0.049668451,0.010005353,-0.999,-0.998668451,0.001331549,0.049668451,0.001663098,1.0,0.010005353
1581250746.405901,000000000302,e78f135624ce,-73,7.241443697,4.183228733,1.784591952,-0.041228733,0.011,-0.998,-0.801466645,0.001,0.052955171,0.00168161,0.802466645,0.013363219
1581250747.3148925,000000000302,e78f135624ce,-74,6.909372644,4.185218498,1.776563005,-0.035467825,0.013781502,-0.998593834,-0.645477116,0.005781502,0.048624663,0.006187668,0.645883281,0.014218498
1581250747.7728813,000000000302,e78f135624ce,-77,6.829233228,4.187353354,1.771917317,-0.009917317,0.010646646,-0.999,0.273382225,0.017270671,0.023375975,0.017270671,-0.273382225,0.009
1581250748.2258806,000000000302,e78f135624ce,-79,6.709544024,4.218787561,1.774409329,-0.009689116,0.008098445,-0.999,0.649792806,0.01880311,0.01,0.018901555,-0.649694361,0.004295335
1581250748.6828594,000000000302,e78f135624ce,-86,6.576019952,4.218655644,1.758370866,-0.006198688,0.003370866,-0.999,0.610794477,0.018543045,-0.008198688,0.018543045,-0.610794477,0.010456955
1581250749.1398315,000000000302,e78f135624ce,-77,6.35158141,4.270058528,1.76,-0.029767178,0.002106871,-0.998,0.293296376,0.015077607,0.024136135,0.015262086,-0.292111898,0.010737914
1581250749.5958629,000000000302,e78f135624ce,-73,6.121564569,4.240167933,1.758160336,-0.023335865,0.009503798,-0.998,-0.029434618,0.01,0.027503798,0.011,0.030434618,0.014335865
1581250750.0498505,000000000302,e78f135624ce,-83,5.904224942,4.183087496,1.762693764,-0.012043748,0.011565622,-0.998478126,-0.205234246,0.006956252,0.015478126,0.006956252,0.20575612,0.013131244
1581250750.5048518,000000000302,e78f135624ce,-83,5.677685077,4.157395949,1.748736034,-0.016527932,0.017736034,-0.999,-0.37818294,0.000868017,0.010131983,0.001868017,0.37818294,0.018131983
1581250750.9558363,000000000302,e78f135624ce,-80,5.460601473,4.123167996,1.751469037,-0.012123851,0.014265481,-0.999,-0.504504598,0.001,0.007796444,0.001265481,0.504504598,0.016
1581250751.4158528,000000000302,e78f135624ce,-81,5.277858598,4.140631738,1.781959308,-0.015387589,0.003918617,-0.999,-0.119483234,0.005387589,0.000224822,0.005387589,0.119136337,0.007693794
1581250751.8718393,000000000302,e78f135624ce,-81,5.113923733,4.160665438,1.801665438,-0.012916359,0.002,-1.0,0.183643316,0.008,-0.008916359,0.008,-0.183643316,0.003083641
1581250752.3238456,000000000302,e78f135624ce,-84,4.945154539,4.18684589,1.807769264,-0.018846104,-0.002846104,-1.0,0.461689419,0.011230736,-0.016076841,0.011846104,-0.461689419,0.004230736
1581250752.7778447,000000000302,e78f135624ce,-81,4.764520866,4.216007531,1.81086037,-0.022,-0.00342642,-1.0,0.671531848,0.01328679,-0.01628679,0.014,-0.671531848,0.00442642
1581250752.7808099,000000000302,e78f135624ce,-89,4.763525403,4.216155791,1.81092391,-0.022,-0.00338406,-1.0,0.673565135,0.01330797,-0.01630797,0.014,-0.673565135,0.00438406
1581250753.239845,000000000302,e78f135624ce,-84,4.563016681,4.219877085,1.809046093,-0.022015364,-0.001969271,-1.0,0.353361279,0.011953907,-0.006861721,0.011953907,-0.353361279,0.006
1581250753.6988235,000000000302,e78f135624ce,-77,4.331908889,4.192473584,1.815,-0.016060108,0.005293262,-1.0,-0.563821576,0.004,0.007353369,0.004,0.563821576,0.007646631
1581250756.411798,000000000302,e78f135624ce,-80,3.158653244,4.156705195,1.788715801,-0.039568398,0.015715801,-0.999,-0.999,0.004,0.039568398,0.004284199,0.999,0.015715801
1581250756.8628151,000000000302,e78f135624ce,-80,2.968066044,4.165885546,1.797427732,-0.036343361,0.009228907,-0.999,-0.999,0.002114454,0.036343361,0.003,1.0,0.009228907
1581250757.3187962,000000000302,e78f135624ce,-84,2.770559168,4.174906122,1.805,-0.022718366,0.007,-1.0,-1.0,0.000546939,0.022718366,0.000546939,1.0,0.007
1581250757.3217902,000000000302,e78f135624ce,-80,2.769361545,4.174860059,1.805,-0.022580178,0.007,-1.0,-1.0,0.00056997,0.022580178,0.00056997,1.0,0.007
1581250758.689786,000000000302,e78f135624ce,-86,2.199506354,4.168552297,1.800552297,-0.02506973,0.008965135,-0.999482568,-1.0,0.001517432,0.02506973,0.002,1.0,0.008965135
1581250759.1407804,000000000302,e78f135624ce,-83,2.021438309,4.172218106,1.806545264,-0.029,0.004781894,-0.999,-1.0,0.002,0.029,0.002,1.0,0.004781894
1581250759.5947726,000000000302,e78f135624ce,-82,1.839662124,4.18498703,1.807733788,-0.031746758,0.004759727,-0.999,-0.999,0.000493515,0.031746758,0.000493515,1.0,0.004759727
1581250760.0507915,000000000302,e78f135624ce,-75,1.644761024,4.200042209,1.796042209,-0.04,0.010183116,-0.999,-0.999,0.0,0.04,0.001,1.0,0.010183116
1581250760.5047793,000000000302,e78f135624ce,-78,1.481220376,4.212545024,1.732945498,-0.036,0.026945498,-0.997054502,-0.998054502,0.003945498,0.036,0.005945498,0.999,0.026945498
1581250760.956892,000000000302,e78f135624ce,-72,1.288300765,4.245360068,1.755020051,-0.041700085,0.014659983,-0.998,-0.998659983,0.002020051,0.041700085,0.002680034,0.999,0.014659983
1581250761.4127648,000000000302,e78f135624ce,-75,1.121060062,4.221809185,1.762860423,-0.017404592,0.008683746,-0.999,-0.999,0.001,0.017404592,0.001,1.0,0.008683746
1581250761.8707783,000000000302,e78f135624ce,-80,0.933678871,4.301503984,1.809724962,-0.041174887,-0.006362481,-0.991637519,-0.992637519,0.001,0.041174887,-0.004120827,0.998879173,-0.005362481
1581250762.3257601,000000000302,e78f135624ce,-75,0.774119267,4.217539083,1.787442385,-0.009442385,0.002557615,-0.996557615,-0.997557615,-0.000442385,0.01,-0.002442385,0.999557615,0.003
1581250762.7847638,000000000302,e78f135624ce,-69,0.583467773,4.188233887,1.741,-0.00467608,0.015735216,-0.997264784,-0.999,-0.000264784,0.00567608,0.000470432,0.999,0.015470432
1581250763.241773,000000000302,e78f135624ce,-78,0.434314624,4.201977259,1.739968912,-0.017515544,0.014623201,-0.998053828,-0.999,-0.001053828,0.017569372,-0.001053828,0.999,0.013677029
1581250763.699768,000000000302,e78f135624ce,-71,0.348792599,4.172456581,1.767900328,-0.010921218,0.004742763,-0.999,-0.999,-0.002,0.010921218,-0.002,1.0,0.004742763
