1581252284.78229,000000000102,e78f135624ce,-82,11.737232083,4.283928331,1.786464166,0.037535834,-0.004535834,-0.999,0.999,0.018,0.036767917,0.018,-0.999767917,0.005535834
1581252285.238577,000000000102,e78f135624ce,-70,11.74,4.288244049,1.792755951,0.036755951,-0.001,-0.999,0.999122024,0.018,0.035877976,0.018,-0.999877976,0.002122024
1581252286.1433163,000000000102,e78f135624ce,-74,11.692269661,4.211325846,1.772808984,0.022269661,0.003865169,-0.999,0.756168489,0.012,0.033865169,0.012865169,-0.756303319,0.007730339
1581252286.5982819,000000000102,e78f135624ce,-72,11.701762199,4.181951204,1.798335392,0.03,0.004,-0.999,0.921579371,0.013237801,0.034237801,0.014,-0.921817172,0.000237801
1581252287.058323,000000000102,e78f135624ce,-75,11.719595741,4.160404259,1.803595741,0.032,-0.001,-0.999,0.974191483,0.012202129,0.033601065,0.012202129,-0.975191483,0.002601065
1581252287.5172923,000000000102,e78f135624ce,-69,11.734129646,4.133740709,1.806922213,0.038051858,-0.003025929,-0.999,0.991051858,0.009,0.038051858,0.009,-0.992051858,0.003051858
1581252287.9683857,000000000102,e78f135624ce,-69,11.736328959,4.127,1.818,0.036,0.000328959,-0.999,0.996671041,0.009,0.036328959,0.009,-0.997671041,-0.000328959
1581252288.4242818,000000000102,e78f135624ce,-73,11.738356013,4.124151895,1.81993196,0.03606804,-0.000356013,-0.999,0.998356013,0.01006804,0.03606804,0.01006804,-0.999,0.000356013
1581252288.8846955,000000000102,e78f135624ce,-78,11.737073254,4.113219762,1.814219762,0.037926746,-0.001926746,-0.999,0.999,0.010073254,0.037926746,0.010073254,-1.0,0.001926746
1581252289.3379557,000000000102,e78f135624ce,-73,11.732995026,4.123004974,1.820658376,0.035,-4.974e-06,-0.999,0.999,0.011331675,0.035,0.011331675,-1.0,0.001004974
1581252289.7913966,000000000102,e78f135624ce,-76,11.715405789,4.125449276,1.811,0.041449276,-0.005,-0.999,0.999,0.007,0.041449276,0.007,-1.0,0.005
1581252290.2422671,000000000102,e78f135624ce,-79,11.647240656,4.123341122,1.816170561,0.049658878,-0.002829439,-0.999,0.999,0.007170561,0.049658878,0.007170561,-1.0,0.002829439
1581252290.6942577,000000000102,e78f135624ce,-69,11.556656043,4.12,1.812380409,0.060380409,-0.005539864,-0.998,0.998,0.007539864,0.060380409,0.007539864,-1.0,0.005539864
1581252291.1484249,000000000102,e78f135624ce,-72,11.427696952,4.141430305,1.816107576,0.057354543,-0.005,-0.998107576,0.998,0.006107576,0.057354543,0.005215152,-1.0,0.006
1581252291.5993748,000000000102,e78f135624ce,-72,11.295396192,4.17295453,1.81753895,0.02504547,-0.00387663,-0.999,0.999,0.01170779,0.02504547,0.01170779,-1.0,0.00387663
1581252292.503263,000000000102,e78f135624ce,-75,10.990611048,4.217226204,1.849828045,-0.002742068,0.007914023,-1.0,1.0,0.017,-0.002742068,0.017,-1.0,-0.007914023
1581252292.955309,000000000102,e78f135624ce,-78,10.821833019,4.230454855,1.842729127,-0.002909709,0.002364564,-1.0,1.0,0.019545145,-0.002909709,0.019545145,-1.0,-0.002364564
1581252293.4063168,000000000102,e78f135624ce,-77,10.570893321,4.215495151,1.835831717,-0.009336566,0.007336566,-1.0,-0.258339434,0.003495151,0.007504849,0.003495151,0.258339434,0.007168283
1581252293.857306,000000000102,e78f135624ce,-77,10.341566984,4.202678349,1.831452233,-0.020869418,0.01,-1.0,-0.760684572,-0.003,0.020643302,-0.002773884,0.760684572,0.009773884
1581252294.311275,000000000102,e78f135624ce,-77,10.135924254,4.194219417,1.826390292,-0.039561166,0.011609708,-0.999,-0.921976706,-0.004780583,0.038561166,-0.003780583,0.922976706,0.011609708
1581252294.7632425,000000000102,e78f135624ce,-80,10.013294788,4.192009212,1.836972364,-0.001092121,0.011009212,-0.999,0.244429819,0.006981576,0.031018424,0.007972364,-0.244429819,-0.001981576
1581252295.215294,000000000102,e78f135624ce,-79,9.858012123,4.170134142,1.830756094,0.034109764,0.002378047,-0.999,0.755134274,0.012621953,0.044243906,0.012621953,-0.756134274,0.001
1581252295.666283,000000000102,e78f135624ce,-68,9.69048756,4.154775272,1.824,0.048979782,-0.001755054,-0.998755054,0.921388802,0.013244946,0.052489891,0.013244946,-0.922388802,0.003
1581252296.116295,000000000102,e78f135624ce,-72,9.519409153,4.142604829,1.821302414,0.055848793,-0.001848793,-0.998,0.973639135,0.015,0.056848793,0.014151207,-0.974790342,0.003
1581252296.5702775,000000000102,e78f135624ce,-73,9.332914236,4.134333184,1.819499776,0.044582399,0.000500224,-0.998416704,0.765229922,0.01191648,0.05291648,0.01191648,-0.766813218,0.004666816
1581252297.0283422,000000000102,e78f135624ce,-71,9.092587731,4.141319271,1.797964525,-0.021461169,0.014,-0.998,-0.440392132,0.004964525,0.053141898,0.005964525,0.440427606,0.015
1581252297.4783394,000000000102,e78f135624ce,-83,8.865476624,4.158646449,1.79434142,-0.038939348,0.011646449,-0.998,-0.601261816,0.00401213,0.06032929,0.00434142,0.602261816,0.01432929
1581252298.3893251,000000000102,e78f135624ce,-81,8.446836557,4.15424426,1.796895317,-0.042209365,0.010069788,-0.998,-0.754337914,-6.9788e-05,0.062,0.000930212,0.755337914,0.013034894
1581252298.8430831,000000000102,e78f135624ce,-73,8.228806335,4.174120144,1.794375971,-0.056624029,0.013,-0.998,-0.918224747,-0.004375971,0.063375971,-0.003751943,0.920224747,0.014375971
1581252299.3023357,000000000102,e78f135624ce,-74,8.021559337,4.195507195,1.791746403,-0.057492805,0.012253597,-0.998,-0.973028779,-0.004253597,0.059239208,-0.004,0.974775182,0.013
1581252299.7553935,000000000102,e78f135624ce,-72,7.830058147,4.200560465,1.792560465,-0.046439535,0.009293024,-0.999,-0.990560465,-0.003293024,0.047293024,-0.003146512,0.991560465,0.009439535
1581252300.6642604,000000000102,e78f135624ce,-75,7.431614432,4.225152465,1.796152465,-0.035,0.007152465,-0.999,-0.998152465,-0.003152465,0.035,-0.003152465,0.999,0.008
1581252301.1162484,000000000102,e78f135624ce,-79,7.233921147,4.20946986,1.78829521,-0.03076507,0.01146986,-0.999,-0.999,-0.00346986,0.03076507,-0.00323493,0.99976507,0.01146986
1581252301.5702388,000000000102,e78f135624ce,-79,7.034772187,4.226236686,1.784,-0.038618343,0.013,-0.999,-0.999,-0.003618343,0.038618343,-0.003618343,1.0,0.013
1581252302.0232337,000000000102,e78f135624ce,-74,6.96683296,4.247638081,1.762436159,-0.03093504,-0.0048144,-0.99800928,-0.069647031,0.00793504,0.009213439,0.00893504,0.069656311,0.01787008
1581252302.4772687,000000000102,e78f135624ce,-70,6.860974256,4.195345694,1.780371437,-0.002539994,0.003911431,-0.999,0.397051487,0.011362856,0.018362856,0.012362856,-0.397051487,0.006451425
1581252302.935248,000000000102,e78f135624ce,-80,6.771896693,4.218139071,1.781569536,-0.009313907,-0.003372186,-0.999,0.721740384,0.013627814,-0.001255629,0.014313907,-0.721740384,0.005372186
1581252303.3852284,000000000102,e78f135624ce,-69,6.658149361,4.251234453,1.762844392,-0.01246266,-0.008769711,-0.999,0.910543587,0.015,-0.010385897,0.015,-0.91062035,0.009769711
1581252304.2992399,000000000102,e78f135624ce,-74,6.218220072,4.209973377,1.743866692,-0.016173338,0.015859989,-0.999,-0.126666349,0.001380004,0.010586669,0.001586669,0.126666349,0.018653323
1581252304.7603452,000000000102,e78f135624ce,-68,6.063469493,4.152192638,1.728915783,-0.006542108,0.016542108,-0.999,-0.213937986,-0.000108422,0.009891578,0.000783157,0.213937986,0.020542108
1581252305.2202666,000000000102,e78f135624ce,-70,5.92416781,4.478557716,1.759330631,-0.110742361,0.014417342,-0.970002494,-0.369997506,0.000166563,0.07657954,-0.002916407,0.383246415,0.012250779
1581252305.6742349,000000000102,e78f135624ce,-75,5.877332935,4.820184585,1.827229192,-0.137061528,0.002458383,-0.957750299,-0.477378737,-0.001687575,0.117665869,-0.007458383,0.508545204,0.003458383
1581252306.1332214,000000000102,e78f135624ce,-69,5.832495808,4.460263695,1.825158608,-0.044028368,0.010186976,-0.98653256,-0.836484209,-0.010813024,0.037841392,-0.012813024,0.845858161,0.010186976
1581252306.5892541,000000000102,e78f135624ce,-69,5.819532101,4.30503379,1.816037169,-0.021993242,0.014989863,-0.99549831,-0.66682429,-0.00949831,0.016989863,-0.01,0.669827669,0.013488173
1581252307.040228,000000000102,e78f135624ce,-69,5.803947383,4.778001118,1.835895046,-0.173000559,0.002368318,-0.950684019,-0.592105234,-0.003947383,0.167684858,-0.011842149,0.639421215,0.004368318
1581252307.4982338,000000000102,e78f135624ce,-71,5.795965537,4.561999719,1.794224152,-0.080430933,0.014258616,-0.982706921,-0.476309889,-0.004258616,0.071396469,-0.005775848,0.492344353,0.015775848
1581252307.9542327,000000000102,e78f135624ce,-73,5.795989636,5.293061469,1.868291637,-0.266530735,-0.004718728,-0.922823088,-0.493988919,-0.001,0.20952037,-0.011291637,0.552301284,-0.004718728
1581252308.4042246,000000000102,e78f135624ce,-81,5.785139781,4.825338857,1.823580656,-0.089392515,0.010790328,-0.975419344,-0.511059295,-0.002930109,0.075392515,-0.005860219,0.529639951,0.010069891
1581252308.8592236,000000000102,e78f135624ce,-69,5.779600744,4.608805951,1.781201488,-0.045960446,0.019679851,-0.991039554,-0.373988842,0.001679851,0.036960446,0.001359702,0.37962914,0.017679851
1581252309.7673419,000000000102,e78f135624ce,-74,5.806473902,4.537369512,1.781814208,-0.008,0.018210854,-0.997,-0.177079329,0.004131524,0.011657622,0.004131524,0.178079329,0.011553231
1581252310.2202551,000000000102,e78f135624ce,-83,5.817062704,4.588438928,1.75184951,0.004887133,0.022012541,-0.99749373,-0.348921491,-0.002987459,-0.01450627,-0.002481189,0.34841522,0.022037622
1581252310.6732016,000000000102,e78f135624ce,-67,5.866154561,4.780061446,1.762,-0.02156704,0.011422719,-0.99814432,0.032783047,0.003,-0.012989759,0.003,-0.033783047,0.01285568
1581252311.1283085,000000000102,e78f135624ce,-76,5.882524333,4.886911191,1.748137474,0.006951335,0.013475667,-0.998217762,-0.021883163,0.001871047,-0.014822382,0.001871047,0.021883163,0.019040144
1581252312.036219,000000000102,e78f135624ce,-69,5.898,5.224489182,1.78,0.010044471,0.001970353,-0.998,0.355978363,0.010970353,-0.004985176,0.010970353,-0.355978363,0.005970353
1581252312.4972692,000000000102,e78f135624ce,-77,5.892715578,5.453857789,1.815139196,-0.011576382,0.005284422,-0.99471407,0.606857789,0.015571859,-0.021290452,0.013,-0.608857789,-0.003570352
1581252312.9542072,000000000102,e78f135624ce,-68,5.871554578,5.621867566,1.680139673,-0.015234351,-0.044336267,-0.994617175,0.694219873,0.013617175,-0.025085876,0.014,-0.692454224,0.046953442
1581252313.407245,000000000102,e78f135624ce,-72,5.838978423,5.816524493,1.603553534,-0.015625729,-0.062266387,-0.992956846,0.595330301,0.010086307,-0.031517845,0.011043154,-0.591373455,0.066223233
1581252314.3152053,000000000102,e78f135624ce,-74,5.839769133,6.338228328,1.716,-0.018,-0.018974489,-0.994256378,0.26438901,-0.002538266,-0.042230867,-0.000538266,-0.26338901,0.022512755
1581252314.766188,000000000102,e78f135624ce,-72,5.842719198,6.63864472,1.741595991,-0.030719198,-0.011404009,-0.996859599,0.047214879,-0.004140401,-0.016280802,-0.004,-0.047214879,0.015421203
1581252315.2252104,000000000102,e78f135624ce,-68,5.833544388,6.925740324,1.76916582,-0.032088776,-0.002911224,-0.998,0.013256168,-0.004822448,-0.011266328,-0.004822448,-0.01371178,0.009366836
1581252315.6762097,000000000102,e78f135624ce,-80,5.83016746,7.182507136,1.741344434,-0.020818268,0.014157945,-0.998,-0.249565176,-0.010497621,-0.011502379,-0.010330162,0.248732636,0.021995243
1581252316.1371996,000000000102,e78f135624ce,-65,5.839137985,7.334810856,1.774132301,-0.001850647,0.011568992,-0.999,0.046128178,-0.002431008,-0.024137985,-0.002431008,-0.046128178,0.008005684
1581252316.5931945,000000000102,e78f135624ce,-65,5.862329668,7.596798482,1.796227109,-0.034886445,0.006670332,-0.998,0.532864455,0.005,-0.044670332,0.005,-0.533864455,0.001886445
1581252317.0431757,000000000102,e78f135624ce,-70,5.900828412,7.812566514,1.81990066,-0.030063217,0.006990969,-0.999,0.821412988,0.010990969,-0.032081279,0.010990969,-0.822412988,-0.003981938
1581252317.4941986,000000000102,e78f135624ce,-76,5.923411326,8.03254456,1.838487928,-0.016153204,0.008282265,-0.999641133,0.942540387,0.012641133,-0.017153204,0.012641133,-0.94318152,-0.007282265
1581252317.9541583,000000000102,e78f135624ce,-68,5.924775655,8.276307861,1.831261572,-0.021065393,0.004775655,-0.999,0.884074455,0.011,-0.024710262,0.011,-0.884429586,-0.003130786
1581252318.4114542,000000000102,e78f135624ce,-69,5.900899796,8.549707542,1.841,-0.048200408,0.005,-0.998,0.962501019,0.014949898,-0.050150306,0.014949898,-0.964450917,-0.005050102
1581252318.8652918,000000000102,e78f135624ce,-69,5.913,8.789596309,1.870593942,-0.051,0.01322054,-0.998,0.986576432,0.015932324,-0.051,0.015932324,-0.987932324,-0.01422054
1581252321.1311672,000000000102,e78f135624ce,-75,5.924159097,9.914027251,1.854368198,-0.000604551,0.019336361,-0.997277273,0.363559219,-0.001,-0.052168181,-0.002,-0.363559219,0.001840903
1581252321.5891852,000000000102,e78f135624ce,-68,5.889372877,10.017711787,1.897067681,0.05294905,0.013525475,-0.995627123,-0.105185303,-0.008745754,-0.067457542,-0.008745754,0.10855818,-0.009864385
1581252322.047213,000000000102,e78f135624ce,-67,5.877023109,10.225079787,1.915953783,0.03181513,0.005046217,-0.996023109,0.087197518,-0.000953783,-0.066907565,-0.000953783,-0.084220627,-0.013
1581252322.5041814,000000000102,e78f135624ce,-69,5.869761274,10.517367381,1.917406498,0.017335543,0.002309682,-0.997,-0.033845485,-0.001929045,-0.047690318,-0.001619363,0.035155166,-0.013238726
1581252322.9591672,000000000102,e78f135624ce,-80,5.836591608,10.866987419,1.891472729,0.014096504,-0.004784617,-0.997655944,-0.410923083,-0.01,-0.040064336,-0.008655944,0.411267139,-0.002688112
1581252323.420171,000000000102,e78f135624ce,-75,5.843515061,11.06436226,1.915044085,0.003647317,0.005911829,-0.997044085,0.26379054,0.002867744,-0.018470975,0.002867744,-0.26279054,-0.011911829
1581252323.8741722,000000000102,e78f135624ce,-81,5.843315484,11.430812579,1.950369033,-0.014335565,0.016677823,-0.994664435,0.186616696,0.007335565,-0.008342258,0.005,-0.187616696,-0.019684516
1581252324.330174,000000000102,e78f135624ce,-78,5.842808868,11.61850689,1.868533253,-0.010808868,0.002106651,-0.997297783,0.278150989,0.009106651,-0.010915518,0.008106651,-0.279150989,0.007191132
1581252325.2391567,000000000102,e78f135624ce,-73,5.833298977,11.904544043,1.922711257,0.026757675,0.002172697,-0.991574744,0.068146747,0.005574744,0.023149488,0.011425256,-0.069572002,-0.023930373
1581252325.693152,000000000102,e78f135624ce,-84,5.844546031,12.173073915,1.768975509,-0.005092063,0.030791384,-0.994220862,-0.218275746,-0.000779138,0.01832517,0.002,0.218496607,0.026791384
1581252326.1441736,000000000102,e78f135624ce,-80,5.865817798,12.425088992,1.799493342,-0.005519974,0.009675544,-0.997,0.037017534,0.002337772,0.017986684,0.002506658,-0.037017534,0.008337772
1581252326.6031444,000000000102,e78f135624ce,-83,5.887885535,12.537397492,1.792900627,0.016114465,-0.00377107,-0.998442768,0.021891806,0.002,0.014900627,0.002,-0.021891806,0.009328303
1581252327.056159,000000000102,e78f135624ce,-85,5.913015627,12.5971719,1.780078136,0.013046882,-0.010968745,-0.997015627,0.541858919,0.007968745,0.010968745,0.007968745,-0.543843292,0.012953118
1581252327.9621525,000000000102,e78f135624ce,-72,5.914,12.737748842,1.719569551,-0.003,-0.030022411,-0.999,0.830040189,0.008,-0.005,0.008340804,-0.829380993,0.030681608
1581252328.4131536,000000000102,e78f135624ce,-71,5.95685968,12.604479428,1.72992984,0.051847986,-0.02003508,-0.997011693,0.943777826,0.011988307,0.050847986,0.011988307,-0.946766133,0.021023387
1581252328.8741999,000000000102,e78f135624ce,-85,5.93665819,12.697172327,1.701218923,0.009584742,-0.030805086,-0.998365819,0.803587585,0.009634181,0.005853104,0.009634181,-0.803953404,0.030805086
1581252329.3311284,000000000102,e78f135624ce,-82,5.906272136,12.810242621,1.721580294,-0.021786893,-0.019816407,-0.998242621,0.535321625,0.004514757,-0.028757379,0.005514757,-0.536321625,0.019059028
1581252329.7911572,000000000102,e78f135624ce,-84,5.9065913,12.604682874,1.834030341,0.070212941,0.019934747,-0.985532627,0.369951928,0.001,0.05980424,0.009182599,-0.381623651,-0.019036922
1581252330.694256,000000000102,e78f135624ce,-76,5.908914591,12.706676751,1.790676751,0.016237841,-0.010085409,-0.997152432,0.119505933,-0.001,-0.003914591,-0.0,-0.121353501,0.011237841
1581252331.15313,000000000102,e78f135624ce,-89,5.946625937,12.790008798,1.801663734,-0.019158684,0.001112089,-0.998,0.020180189,-0.002644835,0.004625937,-0.001822418,-0.020180189,0.008756924
1581252331.6061513,000000000102,e78f135624ce,-70,6.019480418,12.91204949,1.824740209,-0.060430928,0.000707216,-0.996,-0.300210301,-0.004430928,0.048585569,-0.004430928,0.302641229,0.006138144
1581252332.0651472,000000000102,e78f135624ce,-69,6.109658276,12.812015181,1.842338394,-0.001962978,-0.017,-0.994,-0.186082566,-0.003910774,0.048070715,-0.005,0.186171793,0.003732321
1581252333.4292328,000000000102,e78f135624ce,-78,6.573622221,12.781700504,1.814294949,-0.031889394,0.021594445,-0.995036869,-0.680170207,-0.010926263,0.039631314,-0.010889394,0.681133338,0.014815657
1581252334.33813,000000000102,e78f135624ce,-81,6.943668502,12.788933255,1.845542748,-0.006018752,0.00859625,-0.99571925,0.207724757,0.0035615,0.003858248,0.0035615,-0.206286258,0.00396525
1581252334.7971866,000000000102,e78f135624ce,-80,7.134819662,12.845223182,1.829832614,-0.023167386,0.003,-0.997,-0.371278649,-0.002832614,-0.001334772,-0.002832614,0.371278649,0.007055795
1581252335.254203,000000000102,e78f135624ce,-76,7.329132366,12.784454249,1.830067812,-0.000454249,0.001159313,-0.999,-0.22294196,-0.008386438,-0.008932188,-0.008386438,0.22294196,0.008772875
1581252335.7061336,000000000102,e78f135624ce,-80,7.541677468,12.79804962,1.857,-0.01002481,-0.008756203,-0.999,-0.189450888,-0.007756203,0.002781013,-0.007756203,0.189694685,-0.001756203
1581252336.1641297,000000000102,e78f135624ce,-78,7.756157563,12.790312654,1.858398573,-0.007656327,-0.005914082,-0.999,-0.277747189,-0.008828164,0.002484491,-0.008914082,0.277747189,0.000171836
1581252336.61613,000000000102,e78f135624ce,-85,7.931375165,12.774590269,1.844590269,-0.001590269,-0.007,-1.0,0.558907823,-0.001060179,0.00246991,-0.001060179,-0.558907823,0.00546991
1581252337.0761573,000000000102,e78f135624ce,-72,8.132178229,12.762786958,1.834680436,0.002893479,-0.005786958,-1.0,0.861047805,0.004106521,0.003893479,0.004106521,-0.861047805,0.004893479
1581252338.4361117,000000000102,e78f135624ce,-80,8.772168928,12.74383326,1.824,-0.009749891,0.00091663,-1.0,0.99516674,0.012,-0.009749891,0.012,-0.99516674,-0.001
1581252338.889121,000000000102,e78f135624ce,-77,8.992092992,12.740321081,1.825678919,-0.003321081,0.001678919,-1.0,0.998678919,0.013,-0.003321081,0.013,-0.998678919,-0.001678919
1581252339.344118,000000000102,e78f135624ce,-75,9.224806881,12.715650994,1.833460398,0.015079205,0.008730199,-0.999730199,0.721990214,0.007460398,-0.003079205,0.007460398,-0.721990214,-0.002920795
1581252339.7960997,000000000102,e78f135624ce,-79,9.449253072,12.697564318,1.838717841,0.011282159,0.006141079,-1.0,0.841099549,0.008,0.000858921,0.008,-0.841099549,-0.003
1581252340.2571158,000000000102,e78f135624ce,-74,9.688896985,12.695677136,1.841149497,0.011763819,0.003795226,-0.999,0.584795226,0.007,-0.01511809,0.006559045,-0.584236181,8.6683e-05
1581252340.7121313,000000000102,e78f135624ce,-83,9.939975773,12.704704082,1.854360969,0.017065052,0.001426021,-0.999,0.191363485,0.004360969,-0.027426021,0.004360969,-0.190363485,-0.004147959
1581252341.165126,000000000102,e78f135624ce,-80,10.210928856,12.729034308,1.845321897,0.017643794,0.006839051,-0.999839051,-0.619593838,-0.000839051,-0.020804743,-0.000839051,0.619754786,0.004839051
1581252341.6261163,000000000102,e78f135624ce,-89,10.472491824,12.744541908,1.840486031,0.004458092,0.007,-1.0,-0.879530835,-0.004,-0.004944123,-0.004,0.880016866,0.007
1581252342.0751073,000000000102,e78f135624ce,-72,10.729311506,12.755177789,1.836,0.001,0.005911106,-1.0,-0.960977839,-0.007,-0.001,-0.007,0.960977839,0.005
1581252342.5311093,000000000102,e78f135624ce,-71,10.967642182,12.759461662,1.83225639,0.002512779,0.001512779,-1.0,-0.574174078,-0.002769169,-0.000230831,-0.002769169,0.573917689,0.00774361
1581252342.5341182,000000000102,e78f135624ce,-76,10.968938297,12.759600532,1.832233245,0.002466489,0.001466489,-1.0,-0.568110109,-0.002699734,-0.000300266,-0.002699734,0.567876864,0.007766755
1581252342.986135,000000000102,e78f135624ce,-79,11.185063951,12.77,1.842807037,0.008204691,0.003602346,-0.999602346,-0.192679135,0.002397654,-0.019988272,0.002,0.193076789,0.004795309
1581252343.439113,000000000102,e78f135624ce,-86,11.389653523,12.765071892,1.849071892,0.001856215,0.008,-0.999,-0.088160254,0.004035946,-0.032107838,0.004035946,0.088160254,0.004964054
1581252344.351108,000000000102,e78f135624ce,-75,11.628805782,12.735638758,1.805833405,0.005527837,-0.005472163,-0.999,0.006360384,0.004,-0.01977773,0.004,-0.005665951,0.01877773
1581252344.3541913,000000000102,e78f135624ce,-80,11.62929396,12.735356128,1.805987566,0.005656305,-0.005343695,-0.999,0.004793074,0.004,-0.019674956,0.004,-0.004124335,0.018674956
1581252344.8050947,000000000102,e78f135624ce,-79,11.678353019,12.744496792,1.808862642,-0.000640566,-0.002640566,-0.999,0.024471131,0.003071887,-0.02378434,0.003,-0.024471131,0.014712453
1581252345.255108,000000000102,e78f135624ce,-78,11.714892411,12.733194791,1.796215178,-0.003087202,-0.01134881,-0.999,0.395827833,0.006543601,-0.017369196,0.006543601,-0.395827833,0.018261607
1581252345.7061067,000000000102,e78f135624ce,-78,11.742000004,12.713166664,1.746333327,-0.006166667,-0.028500002,-0.999,0.808000033,0.008,-0.010833333,0.008,-0.808000033,0.031166667
1581252346.165108,000000000102,e78f135624ce,-82,11.758516701,12.700483299,1.716127697,-0.007,-0.034,-0.999,0.939616909,0.008,-0.009,0.009,-0.938616909,0.0348389
1581252347.5231109,000000000102,e78f135624ce,-76,11.764966999,12.646295189,1.836268543,0.031101725,0.01483409,-0.993933091,0.175307897,0.005099909,0.005168633,0.008900091,-0.178474715,-0.005467453
1581252347.9800675,000000000102,e78f135624ce,-76,11.776325911,12.575971642,1.851139691,0.01547369,0.019799601,-0.994022267,0.259265203,0.005,0.018844134,0.008651822,-0.260939292,-0.005777334
1581252348.440085,000000000102,e78f135624ce,-86,11.778717748,12.404258127,1.841411372,0.05824193,-0.022330615,-0.991919357,0.208669157,0.009080643,-0.002112923,0.012919357,-0.208588514,-0.016225847
1581252348.8981075,000000000102,e78f135624ce,-85,11.775669705,12.271605892,1.72963324,0.03963324,-0.042660589,-0.994669705,0.228972651,0.010330295,0.001981767,0.01,-0.227302946,0.035348527
1581252349.8050883,000000000102,e78f135624ce,-78,11.756148859,12.010847526,1.665595437,0.030553422,-0.047148859,-0.995,0.240232889,0.010851141,0.016255704,0.008,-0.23908403,0.047297719
1581252350.2630925,000000000102,e78f135624ce,-72,11.75883142,11.871954682,1.686291842,0.025640483,-0.037033837,-0.997471903,0.252102722,0.011,0.01375287,0.009,-0.251102722,0.03509003
1581252350.720073,000000000102,e78f135624ce,-80,11.757605645,11.619831446,1.734676208,0.055774597,-0.028816935,-0.994802823,-0.018056052,0.005605645,-0.01736613,0.004605645,0.02025323,0.011760485
1581252351.1811035,000000000102,e78f135624ce,-82,11.761666589,11.463334108,1.747666357,0.035889096,-0.008555685,-0.997,-0.06055429,0.006111137,-0.024777726,0.006,0.06155429,0.013333411
1581252351.6380837,000000000102,e78f135624ce,-69,11.765591094,11.32031578,1.74689474,0.016939271,-0.009817812,-0.998530365,0.085267184,0.008530365,-0.018060729,0.008,-0.084267184,0.015878542
1581252352.094138,000000000102,e78f135624ce,-76,11.763030208,11.182986889,1.780850954,0.001492448,-0.002343403,-0.999,0.02065859,0.007671701,-0.020164149,0.006835851,-0.02065859,0.008492448
1581252352.5481656,000000000102,e78f135624ce,-75,11.719031664,10.998541432,1.805191556,-0.004606333,-0.002808444,-0.999,-0.300182575,-0.000787334,-0.012212666,-0.000787334,0.300182575,0.004797889
1581252353.0020814,000000000102,e78f135624ce,-75,11.725650937,10.770367938,1.793556604,0.004669813,0.001669813,-0.999,0.023018743,-0.004113208,-0.007556604,-0.004113208,-0.023018743,0.011113208
1581252353.4591136,000000000102,e78f135624ce,-74,11.765677248,10.609146393,1.789774251,0.009887125,-0.005225749,-1.0,0.69459434,-0.001112875,0.006,-0.001112875,-0.69459434,0.009112875
1581252354.369082,000000000102,e78f135624ce,-81,11.782372017,10.233678993,1.794139916,0.009,-0.008744034,-1.0,0.968720168,0.001372017,0.008627983,0.001372017,-0.968720168,0.009744034
1581252354.824093,000000000102,e78f135624ce,-72,11.772013342,10.014141428,1.794989326,0.001016011,-0.009002668,-1.0,0.989989326,0.003002668,0.001016011,0.003002668,-0.989989326,0.009005337
1581252355.2740707,000000000102,e78f135624ce,-73,11.761937278,9.777634787,1.788,-0.004,-0.012387456,-1.0,0.996612544,0.003612544,-0.004,0.003612544,-0.996612544,0.012387456
1581252355.7260787,000000000102,e78f135624ce,-82,11.763,9.538397462,1.794973503,0.003,-0.008513249,-1.0,0.999,0.006,0.003,0.006,-0.999,0.008756624
1581252356.1851504,000000000102,e78f135624ce,-77,11.765225874,9.319715805,1.814451748,0.003922587,-0.002619301,-1.0,0.999922587,0.00869035,0.003922587,0.00869035,-0.999,0.002619301
1581252356.6360836,000000000102,e78f135624ce,-68,11.782408463,9.12317817,1.840469488,0.004469488,0.004,-1.0,1.0,0.013469488,0.004469488,0.013469488,-1.0,-0.004
1581252357.092083,000000000102,e78f135624ce,-72,11.794,8.902761614,1.822861037,0.016138963,-0.002069482,-1.0,1.0,0.010138963,0.016138963,0.010069482,-1.0,0.002069482
1581252357.5530658,000000000102,e78f135624ce,-72,11.795448203,8.656014792,1.817672304,0.023,-0.002,-1.0,1.0,0.008224101,0.023,0.008224101,-1.0,0.002
1581252358.007047,000000000102,e78f135624ce,-75,11.796105614,8.407590884,1.819105614,0.017658421,-0.001,-1.0,1.0,0.009552807,0.017658421,0.009552807,-1.0,0.001
1581252358.463064,000000000102,e78f135624ce,-75,11.799,8.154220089,1.830532116,0.010600913,0.005133029,-1.0,1.0,0.008266058,0.010600913,0.008266058,-1.0,-0.005
1581252358.916751,000000000102,e78f135624ce,-69,11.783503436,7.906130586,1.827727663,-0.002244845,0.009,-1.0,0.667537801,0.007,-0.001741409,0.007,-0.66778952,-0.000993127
1581252359.3710692,000000000102,e78f135624ce,-78,11.763002042,7.620362598,1.833,-0.007667007,0.01,-0.999332993,0.470734384,0.006667007,-0.006002042,0.006667007,-0.470734384,0.000665986
1581252359.8280501,000000000102,e78f135624ce,-82,11.743442374,7.380162719,1.849950847,-0.005950847,0.011098305,-1.0,0.497005056,0.01,-0.000803389,0.01,-0.497005056,-0.002950847
1581252360.7310672,000000000102,e78f135624ce,-74,11.741566223,6.800650418,1.844433777,0.012927622,0.009819301,-0.999,0.218325949,0.00440965,0.022337272,0.00440965,-0.219325949,0.008180699
1581252361.1910596,000000000102,e78f135624ce,-80,11.727334508,6.568812221,1.81323005,-0.004557513,0.00289202,-0.998,0.086373257,0.005,0.020996477,0.005,-0.086373257,0.023219482
1581252361.6450555,000000000102,e78f135624ce,-79,11.71598974,6.312074212,1.74545383,-0.00748461,-0.02201026,-0.997,-0.032771889,0.006,0.02653591,0.005,0.034266759,0.037
1581252362.098067,000000000102,e78f135624ce,-80,11.69797797,6.053237346,1.647750852,0.01004406,-0.053047469,-0.995,0.334079727,0.008659323,0.033772882,0.007659323,-0.331306845,0.058772882
1581252362.549262,000000000102,e78f135624ce,-74,11.689458801,5.706071166,1.671188202,0.041247192,-0.012917603,-0.995729401,0.325635772,0.009458801,0.035541199,0.009458801,-0.326635772,0.035270599
1581252363.4530387,000000000102,e78f135624ce,-75,11.705906588,5.284525445,1.740918264,0.01296497,-0.006,-0.998988323,0.32108086,0.014988323,0.032046706,0.014,-0.32108086,0.01503503
1581252363.9110467,000000000102,e78f135624ce,-74,11.696830341,4.934710202,1.712468731,0.030491024,0.000468731,-0.99736161,-0.191896622,0.00972322,-0.010682975,0.009084829,0.192896622,0.029084829
1581252364.3730423,000000000102,e78f135624ce,-69,11.712608433,4.662922895,1.747538552,0.028391567,0.009356627,-0.998,-0.079381983,0.00896506,-0.029139761,0.008643373,0.080060296,0.012713254
1581252364.8296428,000000000102,e78f135624ce,-71,11.739,4.60610705,1.771372672,0.002,0.002852393,-0.999,0.659424194,0.015036902,-0.016258312,0.015036902,-0.659424194,0.00422141
1581252365.7330613,000000000102,e78f135624ce,-80,11.747440329,4.332615224,1.791100823,0.013559671,-0.002779835,-1.0,0.965201647,0.013,0.011779835,0.013,-0.965201647,0.003779835
1581252366.184067,000000000102,e78f135624ce,-80,11.747169774,4.232395481,1.800320904,0.013169774,-0.002169774,-1.0,0.988320904,0.011169774,0.012169774,0.011169774,-0.988320904,0.002339548
1581252366.6400197,000000000102,e78f135624ce,-79,11.741171278,4.178442028,1.802414361,0.011,-0.003414361,-1.0,0.996414361,0.010585639,0.011,0.010585639,-0.996414361,0.003414361
1581252367.101028,000000000102,e78f135624ce,-73,11.737940109,4.152520874,1.804,0.007059891,-0.004,-1.0,0.999,0.007059891,0.007059891,0.007059891,-0.999,0.004
1581252367.554051,000000000102,e78f135624ce,-72,11.737576986,4.127153972,1.797423014,0.009,-0.006288493,-1.0,0.999711507,0.009288493,0.009,0.009,-0.999711507,0.006288493
1581252368.0096192,000000000102,e78f135624ce,-71,11.729394138,4.116817586,1.803211724,0.009,-0.004,-1.0,1.0,0.009,0.009,0.009,-1.0,0.004
1581252368.4650152,000000000102,e78f135624ce,-79,11.735929498,4.106858996,1.793070502,0.01,-0.007929498,-1.0,1.0,0.009,0.01,0.009,-1.0,0.007929498
