1581252284.7799156,b827eb917e19,e78f135624ce,-82,11.737212296,4.283849184,1.786424592,0.037575408,-0.004575408,-0.999,0.999,0.018,0.036787704,0.018,-0.999787704,0.005575408
1581252285.2356544,b827eb917e19,e78f135624ce,-78,11.74,4.288289011,1.792710989,0.036710989,-0.001,-0.999,0.999144505,0.018,0.035855495,0.018,-0.999855495,0.002144505
1581252285.690674,b827eb917e19,e78f135624ce,-85,11.673585434,4.251848116,1.750094927,0.003585434,0.018452536,-0.999,0.23276876,0.009509493,0.039981015,0.010509493,-0.23376876,0.017943044
1581252286.1443632,b827eb917e19,e78f135624ce,-79,11.692284617,4.211288457,1.772853851,0.022284617,0.003857691,-0.999,0.756676981,0.012,0.033857691,0.012857691,-0.756819289,0.007715383
1581252286.600685,b827eb917e19,e78f135624ce,-77,11.701784045,4.181863822,1.798488312,0.03,0.004,-0.999,0.922169204,0.013215955,0.034215955,0.014,-0.922385159,0.000215955
1581252287.5144913,b827eb917e19,e78f135624ce,-77,11.73400233,4.13399534,1.806998602,0.038000932,-0.003000466,-0.999,0.991000932,0.009,0.038000932,0.009,-0.992000932,0.003000932
1581252287.9663217,b827eb917e19,e78f135624ce,-77,11.736343702,4.127,1.818,0.036,0.000343702,-0.999,0.996656298,0.009,0.036343702,0.009,-0.997656298,-0.000343702
1581252288.4253817,b827eb917e19,e78f135624ce,-80,11.738363869,4.124089048,1.819908393,0.036091607,-0.000363869,-0.999,0.998363869,0.010091607,0.036091607,0.010091607,-0.999,0.000363869
1581252288.8854392,b827eb917e19,e78f135624ce,-80,11.737078566,4.113235697,1.814235697,0.037921434,-0.001921434,-0.999,0.999,0.010078566,0.037921434,0.010078566,-1.0,0.001921434
1581252289.789338,b827eb917e19,e78f135624ce,-75,11.715680257,4.125414968,1.811,0.041414968,-0.005,-0.999,0.999,0.007,0.041414968,0.007,-1.0,0.005
1581252290.2399623,b827eb917e19,e78f135624ce,-72,11.64757751,4.12337658,1.81618829,0.04962342,-0.00281171,-0.999,0.999,0.00718829,0.04962342,0.00718829,-1.0,0.00281171
1581252290.6917927,b827eb917e19,e78f135624ce,-77,11.557205929,4.12,1.812323525,0.060323525,-0.005558825,-0.998,0.998,0.007558825,0.060323525,0.007558825,-1.0,0.005558825
1581252291.1464527,b827eb917e19,e78f135624ce,-75,11.428303782,4.141369622,1.816092405,0.057445567,-0.005,-0.998092405,0.998,0.006092405,0.057445567,0.005184811,-1.0,0.006
1581252291.5969527,b827eb917e19,e78f135624ce,-73,11.296183374,4.172813241,1.817438029,0.025186759,-0.003937183,-0.999,0.999,0.011687606,0.025186759,0.011687606,-1.0,0.003937183
1581252292.0524385,b827eb917e19,e78f135624ce,-71,11.149750572,4.196949962,1.836266616,0.004683346,0.003316654,-1.0,1.0,0.014316654,0.004683346,0.014,-1.0,-0.003316654
1581252292.5044892,b827eb917e19,e78f135624ce,-70,10.990214896,4.217311094,1.84984691,-0.002770365,0.007923455,-1.0,1.0,0.017,-0.002770365,0.017,-1.0,-0.007923455
1581252292.9557664,b827eb917e19,e78f135624ce,-81,10.821664087,4.230451335,1.842708011,-0.00290267,0.002354005,-1.0,1.0,0.019548665,-0.00290267,0.019548665,-1.0,-0.002354005
1581252293.407284,b827eb917e19,e78f135624ce,-76,10.570402248,4.215472829,1.835824276,-0.009351447,0.007351447,-1.0,-0.259901937,0.003472829,0.007527171,0.003472829,0.259901937,0.007175724
1581252293.4094496,b827eb917e19,e78f135624ce,-71,10.569302813,4.215422855,1.835807618,-0.009384763,0.007384763,-1.0,-0.263400139,0.003422855,0.007577145,0.003422855,0.263400139,0.007192382
1581252293.859136,b827eb917e19,e78f135624ce,-71,10.340651932,4.202632597,1.831421731,-0.020945672,0.01,-1.0,-0.761919891,-0.003,0.020734807,-0.002789134,0.761919891,0.009789134
1581252294.3133576,b827eb917e19,e78f135624ce,-68,10.13498709,4.194184707,1.826407646,-0.039630586,0.011592354,-0.999,-0.922375869,-0.004815293,0.038630586,-0.003815293,0.923375869,0.011592354
1581252294.7665422,b827eb917e19,e78f135624ce,-77,10.012316805,4.191894893,1.837017518,-0.000789786,0.010982482,-0.999,0.250556118,0.007035036,0.031070071,0.008017518,-0.250556118,-0.002035036
1581252295.2184849,b827eb917e19,e78f135624ce,-80,9.856907549,4.170060503,1.830707002,0.034232495,0.002353501,-0.999,0.757073415,0.012646499,0.044292998,0.012646499,-0.758073415,0.001
1581252295.666787,b827eb917e19,e78f135624ce,-68,9.690305339,4.154755887,1.824,0.04899529,-0.001751177,-0.998751177,0.921474097,0.013248823,0.052497645,0.013248823,-0.922474097,0.003
1581252296.1170597,b827eb917e19,e78f135624ce,-69,9.519096937,4.142579342,1.821289671,0.055855165,-0.001855165,-0.998,0.973696481,0.015,0.056855165,0.014144835,-0.974841316,0.003
1581252297.0257177,b827eb917e19,e78f135624ce,-80,9.094210158,4.141104538,1.797988385,-0.021150999,0.014,-0.998,-0.43676553,0.004988385,0.053046461,0.005988385,0.436777146,0.015
1581252297.4758961,b827eb917e19,e78f135624ce,-73,8.866296879,4.15873371,1.794306516,-0.039201131,0.01173371,-0.998,-0.605886656,0.003959774,0.060346742,0.004306516,0.606886656,0.014346742
1581252297.9307678,b827eb917e19,e78f135624ce,-72,8.670454359,4.142690872,1.791661826,-0.023712656,0.009676349,-0.998,-0.505170134,0.005661826,0.058654564,0.005992738,0.505839221,0.014669087
1581252298.389636,b827eb917e19,e78f135624ce,-77,8.446698874,4.154259805,1.796888655,-0.04222269,0.01007423,-0.998,-0.754486701,-7.423e-05,0.062,0.00092577,0.755486701,0.013037115
1581252298.8433535,b827eb917e19,e78f135624ce,-71,8.228663777,4.174132433,1.794373513,-0.056626487,0.013,-0.998,-0.918288651,-0.004373513,0.063373513,-0.003747027,0.920288651,0.014373513
1581252299.300556,b827eb917e19,e78f135624ce,-73,8.022416875,4.195474835,1.791762583,-0.057525165,0.012237417,-0.998,-0.97289934,-0.004237417,0.059287748,-0.004,0.974661922,0.013
1581252299.7524233,b827eb917e19,e78f135624ce,-81,7.831314776,4.200491921,1.792491921,-0.046508079,0.009338719,-0.999,-0.990491921,-0.003338719,0.047338719,-0.00316936,0.991491921,0.009508079
1581252300.2110584,b827eb917e19,e78f135624ce,-74,7.625327748,4.214587144,1.790024898,-0.04,0.01,-0.999,-0.996512449,-0.003462653,0.04,-0.002975102,0.997512449,0.01
1581252300.6655927,b827eb917e19,e78f135624ce,-82,7.431050774,4.225162713,1.796162713,-0.035,0.007162713,-0.999,-0.998162713,-0.003162713,0.035,-0.003162713,0.999,0.008
1581252301.1174974,b827eb917e19,e78f135624ce,-80,7.233348654,4.209449042,1.788326437,-0.030775479,0.011449042,-0.999,-0.999,-0.003449042,0.030775479,-0.003224521,0.999775479,0.011449042
1581252301.5729136,b827eb917e19,e78f135624ce,-71,7.033590808,4.226192106,1.784,-0.038596053,0.013,-0.999,-0.999,-0.003596053,0.038596053,-0.003596053,1.0,0.013
1581252302.024365,b827eb917e19,e78f135624ce,-80,6.966989601,4.247977469,1.762027152,-0.030995956,-0.004988446,-0.998000578,-0.066227038,0.007995956,0.009013287,0.008995956,0.066227616,0.017991912
1581252302.9321916,b827eb917e19,e78f135624ce,-77,6.77257848,4.217903972,1.781451986,-0.009290397,-0.003419206,-0.999,0.719812574,0.013580794,-0.001161589,0.014290397,-0.719812574,0.005419206
1581252303.8420808,b827eb917e19,e78f135624ce,-77,6.451269366,4.265617958,1.751855927,-0.023254695,-0.005691021,-0.999,0.471787263,0.010617958,0.000891432,0.010617958,-0.471787263,0.012363263
1581252304.301283,b827eb917e19,e78f135624ce,-83,6.217249642,4.209394524,1.74352619,-0.016105238,0.016013214,-0.999,-0.130922621,0.001328929,0.010552619,0.001552619,0.130922621,0.018789524
1581252304.7590458,b827eb917e19,e78f135624ce,-81,6.063789341,4.152302586,1.728815831,-0.006592085,0.016592085,-0.999,-0.215407285,-0.000118417,0.009881583,0.000763166,0.215407285,0.020592085
1581252305.2194965,b827eb917e19,e78f135624ce,-75,5.924298133,4.475637292,1.759022595,-0.109871566,0.014494351,-0.970286836,-0.369713164,0.000154715,0.076147104,-0.002886788,0.382837674,0.012339636
1581252305.6755795,b827eb917e19,e78f135624ce,-76,5.877167436,4.818974374,1.827239535,-0.136658125,0.002479071,-0.957874423,-0.47893029,-0.001718606,0.117334871,-0.007479071,0.510014008,0.003479071
1581252306.13447,b827eb917e19,e78f135624ce,-87,5.832329328,4.459566561,1.825252253,-0.043913913,0.010166166,-0.986584585,-0.837098103,-0.010833834,0.037747747,-0.012833834,0.846430435,0.010166166
1581252307.0394754,b827eb917e19,e78f135624ce,-81,5.803954224,4.778520993,1.836038695,-0.173260496,0.002320435,-0.950595093,-0.592091553,-0.003954224,0.167985838,-0.011862671,0.639496459,0.004320435
1581252307.496359,b827eb917e19,e78f135624ce,-82,5.795911974,4.562776374,1.794183981,-0.080712135,0.014272006,-0.982639968,-0.477568606,-0.004272006,0.07162411,-0.005816019,0.493656632,0.015816019
1581252307.9550347,b827eb917e19,e78f135624ce,-75,5.796029738,5.292270888,1.868268721,-0.266135444,-0.004701541,-0.922954852,-0.493479051,-0.001,0.209165181,-0.011268721,0.551688297,-0.004701541
1581252308.4053564,b827eb917e19,e78f135624ce,-74,5.785155949,4.824684046,1.823532152,-0.089206581,0.010766076,-0.975467848,-0.510372147,-0.002922025,0.075206581,-0.005844051,0.528904299,0.010077975
1581252308.8618293,b827eb917e19,e78f135624ce,-71,5.779482304,4.607858431,1.780964608,-0.045889382,0.019703539,-0.991110618,-0.375765441,0.001703539,0.036889382,0.001407078,0.381358363,0.017703539
1581252309.31716,b827eb917e19,e78f135624ce,-71,5.795082174,4.525943291,1.753164349,-0.025322919,0.021702547,-0.996297453,-0.316886582,0.004405093,0.026322919,0.004405093,0.318589129,0.021215279
1581252310.670409,b827eb917e19,e78f135624ce,-84,5.865982709,4.779159223,1.762,-0.021631484,0.011508645,-0.998122839,0.031773416,0.003,-0.013140129,0.003,-0.032773416,0.012877161
1581252311.126388,b827eb917e19,e78f135624ce,-74,5.88263636,4.886831172,1.748441548,0.006727281,0.01336364,-0.998233766,-0.018714398,0.001935063,-0.014662343,0.001935063,0.018714398,0.018896109
1581252311.5803025,b827eb917e19,e78f135624ce,-74,5.879235625,4.999836546,1.726172496,0.026031565,-0.001,-0.996382187,-0.080758744,0.000764375,-0.028,-0.000235625,0.081758744,0.030560314
1581252312.037699,b827eb917e19,e78f135624ce,-74,5.898,5.22489621,1.78,0.010081474,0.001945684,-0.998,0.356792421,0.010945684,-0.004972842,0.010945684,-0.356792421,0.005945684
1581252312.9513972,b827eb917e19,e78f135624ce,-72,5.871749116,5.621197489,1.681825672,-0.015277581,-0.043752652,-0.994638791,0.692231258,0.013638791,-0.025193953,0.014,-0.69050884,0.046391443
1581252313.40514,b827eb917e19,e78f135624ce,-75,5.838994615,5.814629997,1.60238769,-0.015156153,-0.062816924,-0.992989231,0.593581535,0.010021538,-0.03112923,0.011010769,-0.589592305,0.066806155
1581252313.8621726,b827eb917e19,e78f135624ce,-76,5.834943316,6.103089121,1.705141549,-0.030793577,-0.025736893,-0.989704456,0.666749017,0.008704456,-0.041340104,0.010647772,-0.664453473,0.018906945
1581252314.3158178,b827eb917e19,e78f135624ce,-83,5.839784446,6.338611139,1.716,-0.018,-0.018954073,-0.994261482,0.26369995,-0.002568891,-0.042215554,-0.000568891,-0.26269995,0.022522964
1581252315.2265298,b827eb917e19,e78f135624ce,-67,5.833554537,6.926481222,1.769318059,-0.032109075,-0.002890925,-0.998,0.015143935,-0.004781851,-0.011327224,-0.004781851,-0.015589398,0.009336388
1581252315.6769722,b827eb917e19,e78f135624ce,-77,5.830173325,7.182559922,1.741426545,-0.020706832,0.014093429,-0.998,-0.248814444,-0.010480026,-0.011519974,-0.010306701,0.247987769,0.021960052
1581252316.1341414,b827eb917e19,e78f135624ce,-64,5.838985075,7.333358212,1.773800996,-0.001646767,0.011492537,-0.999,0.041184091,-0.002507463,-0.023985075,-0.002507463,-0.041184091,0.008184079
1581252316.5937114,b827eb917e19,e78f135624ce,-68,5.862343765,7.597146209,1.796208313,-0.034895843,0.006656235,-0.998,0.532958435,0.005,-0.044656235,0.005,-0.533958435,0.001895843
1581252317.0443046,b827eb917e19,e78f135624ce,-66,5.900981621,7.81295357,1.81998936,-0.030006771,0.006999033,-0.999,0.821937126,0.010999033,-0.032008706,0.010999033,-0.822937126,-0.003998065
1581252317.4952054,b827eb917e19,e78f135624ce,-68,5.923483243,8.032954488,1.83853827,-0.016110054,0.008296649,-0.999648324,0.942669838,0.012648324,-0.017110054,0.012648324,-0.943318163,-0.007296649
1581252317.9589546,b827eb917e19,e78f135624ce,-73,5.92494695,8.278363402,1.83167268,-0.02116817,0.00494695,-0.999,0.885239261,0.011,-0.02477878,0.011,-0.885628651,-0.00333634
1581252318.86309,b827eb917e19,e78f135624ce,-63,5.913,8.788055051,1.870233648,-0.051,0.013120458,-0.998,0.986496366,0.015872275,-0.051,0.015872275,-0.987872275,-0.014120458
1581252319.3206196,b827eb917e19,e78f135624ce,-61,5.942237996,8.999803777,1.893951985,-0.052524008,0.016237996,-0.998,0.994475992,0.009,-0.052524008,0.008762004,-0.996237996,-0.017237996
1581252319.7720728,b827eb917e19,e78f135624ce,-68,5.942860278,9.213020779,1.911795611,-0.050516167,0.021655889,-0.998,0.997,0.008,-0.050516167,0.007,-0.998,-0.021655889
1581252320.2224066,b827eb917e19,e78f135624ce,-57,5.955662308,9.468537432,1.910216411,-0.048662308,0.021108205,-0.998,0.998,0.009,-0.048662308,0.008,-0.999,-0.021662308
1581252320.6726964,b827eb917e19,e78f135624ce,-56,5.956063511,9.734953857,1.878682445,-0.045190533,0.008936489,-0.998,0.998936489,0.010872978,-0.045190533,0.009936489,-1.0,-0.009936489
1581252321.1333082,b827eb917e19,e78f135624ce,-56,5.923891472,9.914990702,1.853636689,-0.000372609,0.019443411,-0.997259431,0.357796359,-0.001,-0.052221706,-0.002,-0.357796359,0.002108528
1581252322.0446715,b827eb917e19,e78f135624ce,-57,5.877001929,10.223173628,1.915996142,0.031984566,0.005003858,-0.996001929,0.088849522,-0.000996142,-0.066992283,-0.000996142,-0.085851451,-0.013
1581252322.5052986,b827eb917e19,e78f135624ce,-63,5.86979565,10.51810647,1.917311963,0.017215226,0.002301088,-0.997,-0.033183742,-0.001903263,-0.047698912,-0.001602175,0.034484829,-0.01320435
1581252322.962004,b827eb917e19,e78f135624ce,-60,5.836438862,10.868318487,1.891756399,0.014292891,-0.005024645,-0.997634123,-0.412123226,-0.01,-0.040195261,-0.008634123,0.412489102,-0.002731754
1581252323.8709118,b827eb917e19,e78f135624ce,-63,5.843098125,11.428530315,1.95080375,-0.014362734,0.016813672,-0.994637266,0.190067262,0.007362734,-0.008450937,0.005,-0.191067262,-0.019901875
1581252324.328991,b827eb917e19,e78f135624ce,-68,5.842848302,11.618092828,1.868681133,-0.010848302,0.002136227,-0.997287924,0.278377737,0.009136227,-0.010984529,0.008136227,-0.279377737,0.007151698
1581252324.7800217,b827eb917e19,e78f135624ce,-72,5.821665462,11.827018065,1.781774566,-0.017669075,-0.012667269,-0.998,0.142781792,0.00688909,-0.000112717,0.007778179,-0.142781792,0.027667269
1581252325.2416756,b827eb917e19,e78f135624ce,-76,5.833376481,11.906888549,1.92185871,0.026176393,0.002347082,-0.99159412,0.06649978,0.00559412,0.02318824,0.01140588,-0.06790566,-0.023523475
1581252325.6954148,b827eb917e19,e78f135624ce,-68,5.844667876,12.17497121,1.769288824,-0.005335752,0.03061732,-0.994238268,-0.216169574,-0.000761732,0.018429608,0.002,0.216407842,0.02661732
1581252326.1448088,b827eb917e19,e78f135624ce,-74,5.865854849,12.425274243,1.799509221,-0.005472337,0.009654372,-0.997,0.036578223,0.002327186,0.018018442,0.002490779,-0.036578223,0.008327186
1581252326.6013086,b827eb917e19,e78f135624ce,-100,5.887852156,12.536930191,1.793017452,0.016147844,-0.003704313,-0.998426078,0.023026679,0.002,0.015017452,0.002,-0.023026679,0.009278235
1581252327.053184,b827eb917e19,e78f135624ce,-85,5.913080742,12.596210522,1.780035885,0.013296054,-0.010973086,-0.997008971,0.543501786,0.007991029,0.011278112,0.007982057,-0.545501786,0.012991029
1581252327.5124362,b827eb917e19,e78f135624ce,-84,5.914,12.688599506,1.774300576,-0.000399945,-0.014299753,-0.999,0.6287966,0.007699973,-0.005,0.007699973,-0.629096628,0.014599781
1581252327.963431,b827eb917e19,e78f135624ce,-80,5.914,12.737849287,1.719450842,-0.003,-0.030049806,-0.999,0.83049676,0.008,-0.005,0.008349935,-0.829846695,0.03069987
1581252328.4140906,b827eb917e19,e78f135624ce,-81,5.956961896,12.604130188,1.729980948,0.051958721,-0.020009526,-0.997003175,0.943939669,0.011996825,0.050958721,0.011996825,-0.946936494,0.021006351
1581252328.87483,b827eb917e19,e78f135624ce,-73,5.936600904,12.69743584,1.701121537,0.009481628,-0.030839457,-0.99836009,0.803954213,0.00963991,0.005761447,0.00963991,-0.804314303,0.030839457
1581252329.3296394,b827eb917e19,e78f135624ce,-85,5.906312743,12.810229086,1.721268973,-0.021854571,-0.019938228,-0.998229086,0.538204726,0.004541828,-0.028770914,0.005541828,-0.539204726,0.019167314
1581252329.7902362,b827eb917e19,e78f135624ce,-88,5.906562961,12.606255676,1.833477735,0.069603657,0.019722206,-0.985638897,0.368492481,0.001,0.059166618,0.009125922,-0.380072103,-0.018831466
1581252330.2427452,b827eb917e19,e78f135624ce,-82,5.898423726,12.681288162,1.813101698,0.021169481,0.0,-0.994050849,0.12161019,0.001,0.007169481,0.004474575,-0.12561019,0.001474575
1581252330.694861,b827eb917e19,e78f135624ce,-73,5.908942508,12.706727932,1.790727932,0.016214577,-0.010057492,-0.997157085,0.119612948,-0.001,-0.003942508,-0.0,-0.121455863,0.011214577
1581252331.1565328,b827eb917e19,e78f135624ce,-71,5.9471647,12.791284815,1.801238395,-0.019612379,0.001253868,-0.998,0.014083661,-0.002701547,0.0051647,-0.001850774,-0.014083661,0.008955416
1581252331.607234,b827eb917e19,e78f135624ce,-74,6.019678905,12.912238955,1.824839453,-0.06043995,0.000680149,-0.996,-0.299921592,-0.00443995,0.048639701,-0.00443995,0.302361542,0.0061201
1581252332.0628538,b827eb917e19,e78f135624ce,-71,6.108874715,12.811155175,1.842051725,-0.00154253,-0.017,-0.994,-0.183922995,-0.003929885,0.04784138,-0.005,0.18399311,0.003789655
1581252332.5207007,b827eb917e19,e78f135624ce,-71,6.247359144,12.663180932,1.916870818,0.047420623,-0.005297665,-0.98537393,-0.23637393,-0.005480934,0.024709727,-0.001297665,0.23837393,-0.017290273
1581252332.9716637,b827eb917e19,e78f135624ce,-71,6.403162986,12.703795584,1.840081493,-0.007354974,0.020004143,-0.99136326,-0.690465468,-0.011910221,0.036632597,-0.010273481,0.691191987,0.013004143
1581252333.4310796,b827eb917e19,e78f135624ce,-64,6.574247288,12.78197042,1.814408598,-0.031846776,0.021438178,-0.995051075,-0.678309212,-0.010897851,0.039489253,-0.010846776,0.679258137,0.014744626
1581252333.8852446,b827eb917e19,e78f135624ce,-67,6.748362099,12.822778718,1.831371623,-0.0178793,-0.001653256,-0.997,-0.345793005,-0.005653256,0.015306511,-0.006326628,0.345793005,0.006773955
1581252334.7946463,b827eb917e19,e78f135624ce,-57,7.133705817,12.845301346,1.82977399,-0.02322601,0.003,-0.997,-0.36682327,-0.00277399,-0.001452019,-0.00277399,0.36682327,0.007075337
1581252335.2546132,b827eb917e19,e78f135624ce,-60,7.329302707,12.784466867,1.830083584,-0.000466867,0.00114985,-0.999,-0.222509799,-0.008383283,-0.008916416,-0.008383283,0.222509799,0.008766566
1581252335.7071898,b827eb917e19,e78f135624ce,-61,7.542099945,12.797984624,1.857,-0.009992312,-0.008748078,-0.999,-0.188532812,-0.007748078,0.00274039,-0.007748078,0.188784734,-0.001748078
1581252335.709149,b827eb917e19,e78f135624ce,-59,7.542883578,12.797864065,1.857,-0.009932032,-0.008733008,-0.999,-0.186829916,-0.007733008,0.002665041,-0.007733008,0.187096908,-0.001733008
1581252336.1655526,b827eb917e19,e78f135624ce,-58,7.756963864,12.790407513,1.858481574,-0.007703757,-0.005925939,-0.999,-0.280818245,-0.008851878,0.002555635,-0.008925939,0.280818245,0.000148122
1581252336.6200993,b827eb917e19,e78f135624ce,-57,7.93332368,12.774482018,1.844482018,-0.001482018,-0.007,-1.0,0.563815193,-0.000988012,0.002505994,-0.000988012,-0.563815193,0.005505994
1581252337.0736096,b827eb917e19,e78f135624ce,-61,8.130834873,12.76283328,1.83474992,0.00291664,-0.00583328,-1.0,0.860167676,0.00408336,0.00391664,0.00408336,-0.860167676,0.00491664
1581252337.5325694,b827eb917e19,e78f135624ce,-65,8.340024121,12.752682941,1.828227647,-0.003317059,-0.001227647,-1.0,0.955585295,0.007,-0.002544706,0.007,-0.955585295,0.000455294
1581252337.9825418,b827eb917e19,e78f135624ce,-79,8.554900792,12.748169974,1.825584987,-0.012,0.001,-1.0,0.985660053,0.011,-0.012,0.011,-0.985660053,-0.001415013
1581252338.439104,b827eb917e19,e78f135624ce,-62,8.773494129,12.743790512,1.824,-0.009685768,0.000895256,-1.0,0.995209488,0.012,-0.009685768,0.012,-0.995209488,-0.001
1581252338.8921568,b827eb917e19,e78f135624ce,-63,8.993804072,12.740293483,1.825706517,-0.003293483,0.001706517,-1.0,0.998706517,0.013,-0.003293483,0.013,-0.998706517,-0.001706517
1581252339.345059,b827eb917e19,e78f135624ce,-64,9.225371361,12.71560823,1.833443292,0.015113416,0.008721646,-0.999721646,0.720690199,0.007443292,-0.003113416,0.007443292,-0.720690199,-0.002886584
1581252339.7974615,b827eb917e19,e78f135624ce,-66,9.449902568,12.697522415,1.838738793,0.011261207,0.006130604,-1.0,0.84168619,0.008,0.000869396,0.008,-0.84168619,-0.003
1581252340.253854,b827eb917e19,e78f135624ce,-87,9.687240993,12.695601863,1.840873499,0.011864182,0.003669772,-0.999,0.584669772,0.007,-0.015067909,0.006533954,-0.584135818,0.000262319
1581252340.7133799,b827eb917e19,e78f135624ce,-70,9.940696117,12.704780919,1.854332155,0.017113074,0.00144523,-0.999,0.188088319,0.004332155,-0.02744523,0.004332155,-0.187088319,-0.00410954
1581252341.629502,b827eb917e19,e78f135624ce,-65,10.474495081,12.744626553,1.840457816,0.004373447,0.007,-1.0,-0.880603001,-0.004,-0.004831263,-0.004,0.881060817,0.007
1581252342.0796075,b827eb917e19,e78f135624ce,-75,10.731974098,12.755252791,1.836,0.001,0.005873604,-1.0,-0.961390353,-0.007,-0.001,-0.007,0.961390353,0.005
1581252342.529497,b827eb917e19,e78f135624ce,-74,10.966947599,12.759387243,1.832268793,0.002537586,0.001537586,-1.0,-0.577423732,-0.002806379,-0.000193621,-0.002806379,0.577154939,0.007731207
1581252342.9841523,b827eb917e19,e78f135624ce,-70,11.184179368,12.77,1.842852791,0.008235194,0.003617597,-0.999617597,-0.194494056,0.002382403,-0.019912014,0.002,0.194876459,0.004764806
1581252343.4370565,b827eb917e19,e78f135624ce,-70,11.388925889,12.765040256,1.849040256,0.001919488,0.008,-0.999,-0.089409887,0.004020128,-0.032060384,0.004020128,0.089409887,0.004979872
1581252343.8921273,b827eb917e19,e78f135624ce,-72,11.535716623,12.750763028,1.829820844,0.002942183,0.000705211,-0.999,-0.028254091,0.005,-0.027705211,0.005,0.028254091,0.012942183
1581252344.3529816,b827eb917e19,e78f135624ce,-70,11.629102419,12.735467021,1.80592708,0.0056059,-0.0053941,-0.999,0.005408024,0.004,-0.01971528,0.004,-0.004729204,0.01871528
1581252344.8058581,b827eb917e19,e78f135624ce,-72,11.678405871,12.744537899,1.808792173,-0.000669928,-0.002669928,-0.999,0.024841094,0.003066014,-0.023801957,0.003,-0.024841094,0.014735942
1581252345.2561445,b827eb917e19,e78f135624ce,-72,11.714964162,12.733138985,1.796071676,-0.003103147,-0.011412588,-0.999,0.39735055,0.006551574,-0.017345279,0.006551574,-0.39735055,0.018309441
1581252345.7070153,b827eb917e19,e78f135624ce,-73,11.74204194,12.713131717,1.746263434,-0.006173657,-0.02852097,-0.999,0.808377457,0.008,-0.010826343,0.008,-0.808377457,0.031173657
1581252346.1634066,b827eb917e19,e78f135624ce,-71,11.758474167,12.700525833,1.716226943,-0.007,-0.034,-0.999,0.939319171,0.008,-0.009,0.009,-0.938319171,0.034824722
1581252346.620428,b827eb917e19,e78f135624ce,-71,11.762836148,12.705491557,1.747836148,0.003508443,-0.015163852,-0.999,0.34101781,0.007163852,-0.011745778,0.007163852,-0.34101781,0.023
1581252347.071555,b827eb917e19,e78f135624ce,-70,11.758979392,12.735979392,1.789690882,-0.005,0.000896961,-0.999,0.137526019,0.006979392,-0.024020608,0.006979392,-0.137546627,0.009103039
1581252347.5236905,b827eb917e19,e78f135624ce,-73,11.765012539,12.645636935,1.83652522,0.031337703,0.014937589,-0.993899972,0.176388428,0.005087489,0.005437731,0.008912511,-0.179575946,-0.005575092
1581252347.9828818,b827eb917e19,e78f135624ce,-72,11.776346013,12.574242863,1.852566939,0.015996344,0.020342357,-0.99396196,0.261255309,0.005,0.019266278,0.008692026,-0.262909295,-0.006380397
1581252348.4390876,b827eb917e19,e78f135624ce,-70,11.778767614,12.404742532,1.842045373,0.058199188,-0.022095536,-0.991933604,0.207137583,0.009066396,-0.002269643,0.012933604,-0.207071187,-0.016539285
1581252348.8955088,b827eb917e19,e78f135624ce,-68,11.77564608,12.272078394,1.729893117,0.039893117,-0.042707839,-0.99464608,0.229185277,0.01035392,0.002123518,0.01,-0.227539197,0.035230401
1581252349.3508883,b827eb917e19,e78f135624ce,-81,11.774595611,12.181710345,1.739054546,0.015316928,-0.02425141,-0.996759561,0.288639498,0.010759561,-0.008240439,0.009759561,-0.28815862,0.02825141
1581252349.80589,b827eb917e19,e78f135624ce,-83,11.756142692,12.010563812,1.665570766,0.030571925,-0.047142692,-0.995,0.240140373,0.010857308,0.016286542,0.008,-0.238997682,0.047285383
1581252350.2640378,b827eb917e19,e78f135624ce,-76,11.758787789,11.871554735,1.685979157,0.025676842,-0.037172001,-0.997464632,0.253811585,0.011,0.013818316,0.009,-0.252811585,0.035242737
1581252351.1788843,b827eb917e19,e78f135624ce,-68,11.761611109,11.463888909,1.747444436,0.036037042,-0.008648151,-0.997,-0.059648116,0.00612963,-0.024740739,0.006,0.060648116,0.013388891
1581252351.6401334,b827eb917e19,e78f135624ce,-77,11.765642336,11.319649632,1.747116789,0.016905109,-0.009715328,-0.998547445,0.083729919,0.008547445,-0.018094891,0.008,-0.082729919,0.015810219
1581252352.0946906,b827eb917e19,e78f135624ce,-70,11.762974942,11.182705956,1.780818716,0.001506264,-0.002324981,-0.999,0.020368446,0.00766249,-0.020168755,0.006831245,-0.020368446,0.008506264
1581252353.0004816,b827eb917e19,e78f135624ce,-70,11.725466346,10.770774038,1.79356891,0.004706731,0.001706731,-0.999,0.019326927,-0.00413782,-0.00756891,-0.00413782,-0.019326927,0.01113782
1581252353.4566917,b827eb917e19,e78f135624ce,-71,11.76556547,10.609947467,1.78981151,0.009905755,-0.00518849,-1.0,0.693010821,-0.001094245,0.006,-0.001094245,-0.693010821,0.009094245
1581252353.9120817,b827eb917e19,e78f135624ce,-69,11.780191045,10.429291539,1.795651742,0.012,-0.005539303,-1.0,0.901831843,-0.001269652,0.010730348,-0.001539303,-0.902101495,0.007269652
1581252354.3712924,b827eb917e19,e78f135624ce,-64,11.782390437,10.232573803,1.794047817,0.009,-0.008780873,-1.0,0.968904366,0.001390437,0.008609563,0.001390437,-0.968904366,0.009780873
1581252355.2755938,b827eb917e19,e78f135624ce,-80,11.7618787,9.776920141,1.788,-0.004,-0.01237574,-1.0,0.99662426,0.00362426,-0.004,0.00362426,-0.99662426,0.01237574
1581252355.726711,b827eb917e19,e78f135624ce,-73,11.763,9.538105638,1.794992957,0.003,-0.008503521,-1.0,0.999,0.006,0.003,0.006,-0.999,0.008751761
1581252356.1830113,b827eb917e19,e78f135624ce,-78,11.765047616,9.320571442,1.814095232,0.003904762,-0.002761907,-1.0,0.999904762,0.008619046,0.003904762,0.008619046,-0.999,0.002761907
1581252356.6332197,b827eb917e19,e78f135624ce,-71,11.782330357,9.124610114,1.840443452,0.004443452,0.004,-1.0,1.0,0.013443452,0.004443452,0.013443452,-1.0,-0.004
1581252357.0934722,b827eb917e19,e78f135624ce,-68,11.794,8.901991202,1.822835777,0.016164223,-0.002082111,-1.0,1.0,0.010164223,0.016164223,0.010082111,-1.0,0.002082111
1581252357.5587823,b827eb917e19,e78f135624ce,-67,11.795366538,8.653279011,1.817549806,0.023,-0.002,-1.0,1.0,0.008183269,0.023,0.008183269,-1.0,0.002
1581252358.4609728,b827eb917e19,e78f135624ce,-70,11.799,8.155205925,1.830472368,0.010645724,0.005118092,-1.0,1.0,0.008236184,0.010645724,0.008236184,-1.0,-0.005
1581252358.9134629,b827eb917e19,e78f135624ce,-73,11.783563219,7.908402319,1.827339077,-0.002155172,0.009,-1.0,0.668195408,0.007,-0.001591953,0.007,-0.668477018,-0.000873562
1581252359.3696613,b827eb917e19,e78f135624ce,-72,11.763078834,7.621463291,1.833,-0.007679806,0.01,-0.999320194,0.473281336,0.006679806,-0.006078834,0.006679806,-0.473281336,0.000640389
1581252359.8304756,b827eb917e19,e78f135624ce,-73,11.74327446,7.379341804,1.849969504,-0.005969504,0.011060991,-1.0,0.500419316,0.01,-0.000878018,0.01,-0.500419316,-0.002969504
1581252360.2829602,b827eb917e19,e78f135624ce,-76,11.740416007,7.112887863,1.875832014,0.003832014,0.018604002,-0.999,0.562164248,0.011604002,0.006624011,0.011604002,-0.562164248,-0.012812005
1581252360.7333765,b827eb917e19,e78f135624ce,-70,11.741441875,6.800099734,1.844558125,0.012661162,0.009890357,-0.999,0.220262225,0.004445178,0.02210634,0.004445178,-0.221262225,0.008109643
1581252361.1894193,b827eb917e19,e78f135624ce,-77,11.727375516,6.570015124,1.813503437,-0.004625859,0.003001375,-0.998,0.08776753,0.005,0.020873453,0.005,-0.08776753,0.023123797
1581252361.6426117,b827eb917e19,e78f135624ce,-83,11.71603047,6.313764502,1.745637115,-0.007545705,-0.02196953,-0.997,-0.031692547,0.006,0.026393355,0.005,0.033207782,0.037
1581252362.0951056,b827eb917e19,e78f135624ce,-70,11.698200075,6.056445529,1.648022314,0.00959985,-0.053689106,-0.995,0.337756799,0.008733358,0.033822239,0.007733358,-0.33493456,0.058822239
1581252362.5459065,b827eb917e19,e78f135624ce,-79,11.689407178,5.707413366,1.671110767,0.041556931,-0.012814356,-0.995703589,0.326745668,0.009407178,0.035592822,0.009407178,-0.327745668,0.035296411
1581252363.0013533,b827eb917e19,e78f135624ce,-72,11.694,5.487182456,1.711134822,0.014721744,-0.008556512,-0.998,0.0905479,0.012,0.035804359,0.011360872,-0.0905479,0.022834769
1581252363.4542603,b827eb917e19,e78f135624ce,-74,11.705988031,5.284067324,1.740989527,0.012995512,-0.006,-0.998998504,0.32362598,0.014998504,0.032005984,0.014,-0.32362598,0.015004488
1581252363.913375,b827eb917e19,e78f135624ce,-71,11.696946749,4.931935812,1.712604541,0.030840247,0.000604541,-0.997342208,-0.196999171,0.009684417,-0.011129205,0.009026625,0.197999171,0.029026625
1581252364.3701725,b827eb917e19,e78f135624ce,-74,11.712488856,4.663449034,1.747275483,0.028511144,0.009404458,-0.998,-0.087010993,0.008893314,-0.029426746,0.008595542,0.087713222,0.012808915
1581252364.8266232,b827eb917e19,e78f135624ce,-84,11.739,4.606803873,1.770977805,0.002,0.002759484,-0.999,0.65654399,0.015060129,-0.016420904,0.015060129,-0.65654399,0.004360775
1581252365.7335975,b827eb917e19,e78f135624ce,-80,11.747448579,4.332495609,1.791121447,0.013551421,-0.002775711,-1.0,0.965242893,0.013,0.011775711,0.013,-0.965242893,0.003775711
1581252366.1854613,b827eb917e19,e78f135624ce,-79,11.747158155,4.232163102,1.80036738,0.013158155,-0.002158155,-1.0,0.98836738,0.011158155,0.012158155,0.011158155,-0.98836738,0.00231631
1581252366.6428344,b827eb917e19,e78f135624ce,-80,11.7411201,4.178160551,1.80243995,0.011,-0.00343995,-1.0,0.99643995,0.01056005,0.011,0.01056005,-0.99643995,0.00343995
1581252367.0997946,b827eb917e19,e78f135624ce,-78,11.737951321,4.152610571,1.804,0.007048679,-0.004,-1.0,0.999,0.007048679,0.007048679,0.007048679,-0.999,0.004
1581252367.5509675,b827eb917e19,e78f135624ce,-78,11.737621036,4.127242071,1.797378964,0.009,-0.006310518,-1.0,0.999689482,0.009310518,0.009,0.009,-0.999689482,0.006310518
1581252368.006409,b827eb917e19,e78f135624ce,-77,11.729371207,4.116886378,1.803257586,0.009,-0.004,-1.0,1.0,0.009,0.009,0.009,-1.0,0.004
1581252368.4663615,b827eb917e19,e78f135624ce,-78,11.735920522,4.106841045,1.793079478,0.01,-0.007920522,-1.0,1.0,0.009,0.01,0.009,-1.0,0.007920522
