1581252284.779766,b827eb4521b4,e78f135624ce,-84,11.73721105,4.283844201,1.786422101,0.037577899,-0.004577899,-0.999,0.999,0.018,0.03678895,0.018,-0.99978895,0.005577899
1581252285.233475,b827eb4521b4,e78f135624ce,-83,11.74,4.28832254,1.79267746,0.03667746,-0.001,-0.999,0.99916127,0.018,0.03583873,0.018,-0.99983873,0.00216127
1581252285.6874413,b827eb4521b4,e78f135624ce,-77,11.673361631,4.252245989,1.749846257,0.003361631,0.018576872,-0.999,0.226825538,0.009484626,0.040030749,0.010484626,-0.227825538,0.018092246
1581252286.1421099,b827eb4521b4,e78f135624ce,-77,11.692252427,4.211368932,1.772757282,0.022252427,0.003873786,-0.999,0.755582524,0.012,0.033873786,0.012873786,-0.755708738,0.007747573
1581252286.597381,b827eb4521b4,e78f135624ce,-75,11.70175401,4.181983959,1.798278072,0.03,0.004,-0.999,0.921358278,0.01324599,0.03424599,0.014,-0.921604268,0.00024599
1581252287.0565786,b827eb4521b4,e78f135624ce,-71,11.719532313,4.160467687,1.803532313,0.032,-0.001,-0.999,0.974064627,0.012233843,0.033616922,0.012233843,-0.975064627,0.002616922
1581252287.512294,b827eb4521b4,e78f135624ce,-74,11.733938686,4.1341073,1.807,0.037984671,-0.002984671,-0.999,0.990954014,0.009015329,0.037984671,0.009015329,-0.991954014,0.003
1581252287.964272,b827eb4521b4,e78f135624ce,-75,11.736358343,4.127,1.818,0.036,0.000358343,-0.999,0.996641657,0.009,0.036358343,0.009,-0.997641657,-0.000358343
1581252288.4231641,b827eb4521b4,e78f135624ce,-74,11.73834803,4.124215764,1.819955911,0.036044089,-0.00034803,-0.999,0.99834803,0.010044089,0.036044089,0.010044089,-0.999,0.00034803
1581252288.8832488,b827eb4521b4,e78f135624ce,-72,11.73706292,4.113188761,1.814188761,0.03793708,-0.00193708,-0.999,0.999,0.01006292,0.03793708,0.01006292,-1.0,0.00193708
1581252289.336302,b827eb4521b4,e78f135624ce,-77,11.733040126,4.122959874,1.820733543,0.035,4.0126e-05,-0.999,0.999,0.011346709,0.035,0.011346709,-1.0,0.000959874
1581252289.7897398,b827eb4521b4,e78f135624ce,-85,11.715626692,4.125421664,1.811,0.041421664,-0.005,-0.999,0.999,0.007,0.041421664,0.007,-1.0,0.005
1581252290.2398186,b827eb4521b4,e78f135624ce,-71,11.647598522,4.123378792,1.816189396,0.049621208,-0.002810604,-0.999,0.999,0.007189396,0.049621208,0.007189396,-1.0,0.002810604
1581252291.1443455,b827eb4521b4,e78f135624ce,-69,11.428952133,4.141304787,1.816076197,0.05754282,-0.005,-0.998076197,0.998,0.006076197,0.05754282,0.005152393,-1.0,0.006
1581252291.5947998,b827eb4521b4,e78f135624ce,-77,11.296883073,4.172687653,1.817348324,0.025312347,-0.003991006,-0.999,0.999,0.011669665,0.025312347,0.011669665,-1.0,0.003991006
1581252292.0492442,b827eb4521b4,e78f135624ce,-75,11.150948448,4.196870103,1.836160138,0.004709966,0.003290034,-1.0,1.0,0.014290034,0.004709966,0.014,-1.0,-0.003290034
1581252292.5022793,b827eb4521b4,e78f135624ce,-78,10.990928863,4.217158101,1.849812911,-0.002719367,0.007906456,-1.0,1.0,0.017,-0.002719367,0.017,-1.0,-0.007906456
1581252292.9535217,b827eb4521b4,e78f135624ce,-79,10.822492902,4.230468602,1.842811613,-0.002937204,0.002405806,-1.0,1.0,0.019531398,-0.002937204,0.019531398,-1.0,-0.002405806
1581252293.405001,b827eb4521b4,e78f135624ce,-76,10.571561358,4.215525516,1.835841839,-0.009316322,0.007316322,-1.0,-0.256213861,0.003525516,0.007474484,0.003525516,0.256213861,0.007158161
1581252293.8559003,b827eb4521b4,e78f135624ce,-70,10.342269842,4.202713492,1.831475661,-0.020810846,0.01,-1.0,-0.759735713,-0.003,0.020573016,-0.002762169,0.759735713,0.009762169
1581252294.3095648,b827eb4521b4,e78f135624ce,-77,10.136693834,4.19424792,1.82637604,-0.03950416,0.01162396,-0.999,-0.921648922,-0.00475208,0.03850416,-0.00375208,0.922648922,0.01162396
1581252294.7622807,b827eb4521b4,e78f135624ce,-71,10.013531534,4.19201661,1.836950169,-0.001166104,0.01101661,-0.999,0.242365692,0.006966779,0.031033221,0.007950169,-0.242365692,-0.001966779
1581252295.2141223,b827eb4521b4,e78f135624ce,-71,9.858417672,4.170161178,1.830774119,0.034064703,0.002387059,-0.999,0.754422309,0.012612941,0.044225881,0.012612941,-0.755422309,0.001
1581252295.6646092,b827eb4521b4,e78f135624ce,-75,9.691092666,4.154839645,1.824,0.048928284,-0.001767929,-0.998767929,0.921105561,0.013232071,0.052464142,0.013232071,-0.922105561,0.003
1581252296.1148813,b827eb4521b4,e78f135624ce,-69,9.519986464,4.142651956,1.821325978,0.055837011,-0.001837011,-0.998,0.973533098,0.015,0.056837011,0.014162989,-0.974696088,0.003
1581252296.568598,b827eb4521b4,e78f135624ce,-83,9.333906622,4.134394254,1.819591381,0.044964085,0.000408619,-0.998401437,0.773428556,0.011992817,0.052992817,0.011992817,-0.775027119,0.004605746
1581252297.0236228,b827eb4521b4,e78f135624ce,-68,9.095385298,4.140976649,1.798052541,-0.020924108,0.013976649,-0.998005838,-0.43377989,0.005005838,0.052988324,0.006,0.43377989,0.014976649
1581252297.4736912,b827eb4521b4,e78f135624ce,-69,8.867037093,4.158812457,1.794275017,-0.03943737,0.011812457,-0.998,-0.610060204,0.003912526,0.060362491,0.004275017,0.611060204,0.014362491
1581252297.9273481,b827eb4521b4,e78f135624ce,-75,8.671675657,4.142935131,1.791612974,-0.02417675,0.009774053,-0.998,-0.510250734,0.005612974,0.058532434,0.005919461,0.510944248,0.014693513
1581252298.3859828,b827eb4521b4,e78f135624ce,-66,8.448316758,4.15407714,1.79696694,-0.04206612,0.01002204,-0.998,-0.752738343,-2.204e-05,0.062,0.00097796,0.753738343,0.01301102
1581252298.839924,b827eb4521b4,e78f135624ce,-63,8.230472015,4.17397655,1.79440469,-0.05659531,0.013,-0.998,-0.917478062,-0.00440469,0.06340469,-0.00380938,0.919478062,0.01440469
1581252299.300324,b827eb4521b4,e78f135624ce,-67,8.022528648,4.195470617,1.791764691,-0.057529383,0.012235309,-0.998,-0.972882468,-0.004235309,0.059294074,-0.004,0.97464716,0.013
1581252300.2080238,b827eb4521b4,e78f135624ce,-78,7.62658827,4.214423743,1.789978212,-0.04,0.01,-0.999,-0.996489106,-0.003532682,0.04,-0.003021788,0.997489106,0.01
1581252300.6633523,b827eb4521b4,e78f135624ce,-76,7.431998643,4.225145479,1.796145479,-0.035,0.007145479,-0.999,-0.998145479,-0.003145479,0.035,-0.003145479,0.999,0.008
1581252301.1152499,b827eb4521b4,e78f135624ce,-72,7.234378792,4.209486502,1.788270248,-0.030756749,0.011486502,-0.999,-0.999,-0.003486502,0.030756749,-0.003243251,0.999756749,0.011486502
1581252301.5689483,b827eb4521b4,e78f135624ce,-71,7.035342185,4.226258196,1.784,-0.038629098,0.013,-0.999,-0.999,-0.003629098,0.038629098,-0.003629098,1.0,0.013
1581252302.0222485,b827eb4521b4,e78f135624ce,-73,6.966696556,4.247342538,1.762792327,-0.030881994,-0.00466284,-0.998016858,-0.072625199,0.007881994,0.009387734,0.008881994,0.072642057,0.017763988
1581252302.475604,b827eb4521b4,e78f135624ce,-70,6.861396818,4.195640207,1.780243388,-0.002629628,0.003873017,-0.999,0.396206364,0.011375661,0.018375661,0.012375661,-0.396206364,0.006502645
1581252303.8388388,b827eb4521b4,e78f135624ce,-77,6.45370088,4.265780059,1.750856305,-0.023146628,-0.005609971,-0.999,0.481,0.010780059,0.000513196,0.010780059,-0.481,0.012633431
1581252304.2980874,b827eb4521b4,e78f135624ce,-70,6.218767518,4.210299923,1.744058778,-0.016211756,0.01577355,-0.999,-0.124265273,0.001408817,0.010605878,0.001605878,0.124265273,0.018576489
1581252304.7587075,b827eb4521b4,e78f135624ce,-71,6.063872619,4.152331213,1.728789807,-0.006605097,0.016605097,-0.999,-0.215789842,-0.000121019,0.009878981,0.000757961,0.215789842,0.020605097
1581252305.216078,b827eb4521b4,e78f135624ce,-73,5.924876639,4.462673506,1.757655218,-0.106006096,0.014836196,-0.97154903,-0.36845097,0.000102124,0.074227517,-0.002755309,0.38102327,0.012734072
1581252305.6734436,b827eb4521b4,e78f135624ce,-71,5.877430327,4.820896765,1.827223105,-0.137298922,0.002446209,-0.957677255,-0.476465686,-0.001669314,0.117860654,-0.007446209,0.50768085,0.003446209
1581252306.1324282,b827eb4521b4,e78f135624ce,-70,5.83260157,4.460706576,1.825099117,-0.04410108,0.010200196,-0.986499509,-0.836094209,-0.010799804,0.037900883,-0.012799804,0.845494602,0.010200196
1581252306.5876071,b827eb4521b4,e78f135624ce,-70,5.819816582,4.305333244,1.816366569,-0.021933351,0.014900027,-0.995483338,-0.665267129,-0.009483338,0.016900027,-0.01,0.668300453,0.013383364
1581252307.0393386,b827eb4521b4,e78f135624ce,-71,5.803955468,4.778615545,1.836064822,-0.173307773,0.002311726,-0.95057892,-0.592089065,-0.003955468,0.168040579,-0.011866403,0.639510145,0.004311726
1581252307.4943228,b827eb4521b4,e78f135624ce,-72,5.795853793,4.563619997,1.794140345,-0.081017585,0.014286552,-0.982567242,-0.478935857,-0.004286552,0.071871378,-0.005859655,0.495082064,0.015859655
1581252307.9528232,b827eb4521b4,e78f135624ce,-71,5.795919159,5.294450863,1.868331909,-0.267225431,-0.004748932,-0.922591523,-0.494884977,-0.001,0.210144591,-0.011331909,0.553378568,-0.004748932
1581252308.4031944,b827eb4521b4,e78f135624ce,-71,5.785125064,4.825934905,1.823624808,-0.089561763,0.010812404,-0.975375192,-0.511684777,-0.002937468,0.075561763,-0.005874936,0.530309585,0.010062532
1581252308.8585577,b827eb4521b4,e78f135624ce,-75,5.779631012,4.609048098,1.781262024,-0.045978607,0.019673798,-0.991021393,-0.373534817,0.001673798,0.036978607,0.001347595,0.379187222,0.017673798
1581252309.314954,b827eb4521b4,e78f135624ce,-69,5.794941802,4.526284195,1.752883604,-0.025503397,0.0217226,-0.9962774,-0.31756839,0.004445199,0.026503397,0.004445199,0.31929099,0.021335598
1581252309.7656794,b827eb4521b4,e78f135624ce,-72,5.806422749,4.537113744,1.782185071,-0.008,0.018134123,-0.997,-0.17698981,0.004144313,0.011721564,0.004144313,0.17798981,0.011412559
1581252310.2186127,b827eb4521b4,e78f135624ce,-70,5.816936361,4.587554524,1.752152734,0.005114551,0.021987272,-0.997506364,-0.351094597,-0.003012728,-0.014493636,-0.002519092,0.350600961,0.021961816
1581252311.1243014,b827eb4521b4,e78f135624ce,-68,5.88275808,4.886744228,1.748771933,0.006483839,0.01324192,-0.998251154,-0.01527144,0.002004617,-0.014488457,0.002004617,0.01527144,0.018739611
1581252311.5770602,b827eb4521b4,e78f135624ce,-68,5.879289663,4.997161684,1.725524045,0.026382809,-0.001,-0.996355169,-0.079786067,0.000710337,-0.028,-0.000289663,0.080786067,0.030803483
1581252312.0353043,b827eb4521b4,e78f135624ce,-62,5.898,5.224237674,1.78,0.010021607,0.001985596,-0.998,0.355475347,0.010985596,-0.004992798,0.010985596,-0.355475347,0.005985596
1581252312.495565,b827eb4521b4,e78f135624ce,-56,5.892794234,5.453897117,1.814916337,-0.011877897,0.005205766,-0.994700961,0.606897117,0.015598078,-0.021578858,0.013,-0.608897117,-0.003504805
1581252313.4028811,b827eb4521b4,e78f135624ce,-59,5.839,5.813064731,1.60288331,-0.014818142,-0.062701233,-0.99301299,0.591064512,0.00997402,-0.030883091,0.010948041,-0.587077502,0.066714223
1581252313.8589582,b827eb4521b4,e78f135624ce,-56,5.834862957,6.104160575,1.702034332,-0.031918604,-0.026781561,-0.989758029,0.667338316,0.008758029,-0.041822259,0.010620986,-0.665096345,0.02019269
1581252314.3137405,b827eb4521b4,e78f135624ce,-68,5.839732512,6.3373128,1.716,-0.018,-0.019023317,-0.994244171,0.266036961,-0.002465024,-0.042267488,-0.000465024,-0.265036961,0.022488341
1581252315.2244616,b827eb4521b4,e78f135624ce,-60,5.833538627,6.925319803,1.769079412,-0.032077255,-0.002922745,-0.998,0.012184705,-0.00484549,-0.011231765,-0.00484549,-0.012646077,0.009384118
1581252315.6748695,b827eb4521b4,e78f135624ce,-64,5.830157151,7.182414356,1.74120011,-0.021014136,0.014271342,-0.998,-0.250884708,-0.010528548,-0.011471452,-0.010371397,0.250041859,0.022057096
1581252316.1319447,b827eb4521b4,e78f135624ce,-59,5.838875235,7.332314737,1.77356301,-0.001500314,0.011437618,-0.999,0.037632613,-0.002562382,-0.023875235,-0.002562382,-0.037632613,0.008312225
1581252316.5906918,b827eb4521b4,e78f135624ce,-59,5.862261413,7.595114859,1.796318116,-0.034840942,0.006738587,-0.998,0.532409421,0.005,-0.044738587,0.005,-0.533409421,0.001840942
1581252317.0420344,b827eb4521b4,e78f135624ce,-71,5.90067352,7.812175209,1.819810985,-0.030120282,0.006982817,-0.999,0.820883095,0.010982817,-0.032154648,0.010982817,-0.821883095,-0.003965634
1581252317.4929707,b827eb4521b4,e78f135624ce,-61,5.923323622,8.032044647,1.838426536,-0.016205827,0.008264724,-0.999632362,0.94238252,0.012632362,-0.017205827,0.012632362,-0.943014882,-0.007264724
1581252317.9536858,b827eb4521b4,e78f135624ce,-67,5.924758778,8.276105342,1.831221068,-0.021055267,0.004758778,-0.999,0.883959694,0.011,-0.024703511,0.011,-0.884311449,-0.003110534
1581252318.4086792,b827eb4521b4,e78f135624ce,-63,5.900939438,8.548240782,1.841,-0.048121123,0.005,-0.998,0.962302808,0.014969719,-0.050090843,0.014969719,-0.964272528,-0.005030281
1581252319.317435,b827eb4521b4,e78f135624ce,-68,5.942209046,8.998124645,1.893836182,-0.052581909,0.016209046,-0.998,0.994418091,0.009,-0.052581909,0.008790954,-0.996209046,-0.017209046
1581252319.768925,b827eb4521b4,e78f135624ce,-78,5.942981348,9.211616359,1.911626112,-0.050588809,0.021607461,-0.998,0.997,0.008,-0.050588809,0.007,-0.998,-0.021607461
1581252320.2191947,b827eb4521b4,e78f135624ce,-67,5.95573643,9.466956153,1.91031524,-0.04873643,0.02115762,-0.998,0.998,0.009,-0.04873643,0.008,-0.999,-0.02173643
1581252320.669364,b827eb4521b4,e78f135624ce,-68,5.956037877,9.732954433,1.878810613,-0.045113632,0.008962123,-0.998,0.998962123,0.010924245,-0.045113632,0.009962123,-1.0,-0.009962123
1581252321.12953,b827eb4521b4,e78f135624ce,-66,5.92436375,9.913290501,1.854927582,-0.000781916,0.0192545,-0.997290917,0.367966075,-0.001,-0.05212725,-0.002,-0.367966075,0.00163625
1581252321.5881467,b827eb4521b4,e78f135624ce,-76,5.889364222,10.017556005,1.896834007,0.052741339,0.01362933,-0.995635778,-0.102883179,-0.008728445,-0.06728445,-0.008728445,0.106247401,-0.009821112
1581252322.0424697,b827eb4521b4,e78f135624ce,-76,5.877,10.221893607,1.916151561,0.032257653,0.005015156,-0.995984844,0.086135502,-0.001060624,-0.067121249,-0.001060624,-0.083120346,-0.013045468
1581252322.5031261,b827eb4521b4,e78f135624ce,-66,5.869728805,10.516669299,1.917495787,0.017449184,0.002317799,-0.997,-0.034470511,-0.001953397,-0.047682201,-0.001635598,0.03578831,-0.013271195
1581252322.9587264,b827eb4521b4,e78f135624ce,-69,5.836615345,10.866780565,1.891428645,0.014065985,-0.004747315,-0.997659335,-0.410736575,-0.01,-0.04004399,-0.008659335,0.41107724,-0.00268133
1581252323.4185822,b827eb4521b4,e78f135624ce,-66,5.843649499,11.062321238,1.915031864,0.00374509,0.005936273,-0.997031864,0.268007024,0.002904409,-0.018617636,0.002904409,-0.267007024,-0.011936273
1581252324.3256886,b827eb4521b4,e78f135624ce,-70,5.84295838,11.61693701,1.869093925,-0.01095838,0.002218785,-0.997260405,0.279010685,0.009218785,-0.011177165,0.008218785,-0.280010685,0.00704162
1581252324.7768567,b827eb4521b4,e78f135624ce,-77,5.821811539,11.824826908,1.782164105,-0.017376921,-0.01259423,-0.998,0.142294869,0.006864743,8.2053e-05,0.007729487,-0.142294869,0.02759423
1581252325.2384782,b827eb4521b4,e78f135624ce,-74,5.833278099,11.90391248,1.922940916,0.026914261,0.002125722,-0.991569525,0.068590406,0.005569525,0.023139049,0.011430475,-0.070020882,-0.024039983
1581252325.6924114,b827eb4521b4,e78f135624ce,-70,5.844506157,12.172453011,1.768872974,-0.005012313,0.030848348,-0.994215165,-0.218965006,-0.000784835,0.018290991,0.002,0.219180171,0.026848348
1581252326.1425726,b827eb4521b4,e78f135624ce,-70,5.865724408,12.424622039,1.799453318,-0.005640047,0.00972891,-0.997,0.03812488,0.002364455,0.017906635,0.002546682,-0.03812488,0.008364455
1581252327.5092912,b827eb4521b4,e78f135624ce,-73,5.914,12.688195152,1.774772322,-0.000355017,-0.014097576,-0.999,0.626011049,0.007677508,-0.005,0.007677508,-0.626333541,0.014420068
1581252327.9602406,b827eb4521b4,e78f135624ce,-80,5.914,12.737598623,1.719747082,-0.003,-0.029981443,-0.999,0.829357376,0.008,-0.005,0.008327148,-0.828684523,0.030654295
1581252328.4118674,b827eb4521b4,e78f135624ce,-80,5.956719359,12.604958855,1.72985968,0.051695973,-0.02007016,-0.997023387,0.943555652,0.011976613,0.050695973,0.011976613,-0.946532266,0.021046773
1581252328.872626,b827eb4521b4,e78f135624ce,-69,5.936801263,12.696514191,1.701462147,0.009842273,-0.030719242,-0.998380126,0.802671918,0.009619874,0.00608202,0.009619874,-0.803052045,0.030719242
1581252329.3301742,b827eb4521b4,e78f135624ce,-69,5.906298158,12.810233947,1.72138079,-0.021830263,-0.019894474,-0.998233947,0.53716921,0.004532105,-0.028766053,0.005532105,-0.53816921,0.019128421
1581252329.7870393,b827eb4521b4,e78f135624ce,-87,5.906464593,12.611715086,1.831559564,0.06748875,0.018984448,-0.986007776,0.363426541,0.001,0.056953343,0.008929186,-0.374686469,-0.0181183
1581252330.2398653,b827eb4521b4,e78f135624ce,-81,5.898490184,12.680601427,1.813013087,0.021457466,0.0,-0.994006544,0.121078524,0.001,0.007457466,0.004496728,-0.125078524,0.001496728
1581252330.692652,b827eb4521b4,e78f135624ce,-71,5.908840557,12.706541021,1.790541021,0.016299536,-0.010159443,-0.997140093,0.119222134,-0.001,-0.003840557,-0.0,-0.121082042,0.011299536
1581252331.1523852,b827eb4521b4,e78f135624ce,-70,5.946508007,12.78972949,1.801756837,-0.019059374,0.001081054,-0.998,0.021514659,-0.002632422,0.004508007,-0.001816211,-0.021514659,0.008713476
1581252331.6050096,b827eb4521b4,e78f135624ce,-74,6.01927109,12.911849677,1.824635545,-0.060421413,0.00073576,-0.996,-0.300514778,-0.004421413,0.048528479,-0.004421413,0.302936191,0.006157174
1581252332.5174973,b827eb4521b4,e78f135624ce,-79,6.246348845,12.669464503,1.915244482,0.045276817,-0.005420873,-0.985694269,-0.236694269,-0.005431651,0.025251839,-0.001420873,0.238694269,-0.016748161
1581252332.968469,b827eb4521b4,e78f135624ce,-80,6.401934215,12.702321058,1.839467107,-0.006789739,0.020274473,-0.991338684,-0.691178155,-0.011983947,0.036386843,-0.010322631,0.691855524,0.013274473
1581252333.4273949,b827eb4521b4,e78f135624ce,-79,6.573000139,12.781431878,1.814181844,-0.031931809,0.021749965,-0.99502273,-0.682022312,-0.010954539,0.039772696,-0.010931809,0.682999582,0.014886348
1581252333.8830645,b827eb4521b4,e78f135624ce,-70,6.747381053,12.823378245,1.832170994,-0.018206316,-0.001689591,-0.997,-0.349063157,-0.005689591,0.015379181,-0.006344795,0.349063157,0.006483275
1581252334.3364244,b827eb4521b4,e78f135624ce,-70,6.943128381,12.78792408,1.845869664,-0.005663408,0.008667318,-0.995733464,0.206118605,0.003533073,0.004270446,0.003533073,-0.204651678,0.003865754
1581252334.79242,b827eb4521b4,e78f135624ce,-72,7.132729648,12.845369849,1.829722613,-0.023277387,0.003,-0.997,-0.362918593,-0.002722613,-0.001554774,-0.002722613,0.362918593,0.007092462
1581252335.2524433,b827eb4521b4,e78f135624ce,-76,7.328401386,12.784400103,1.830000128,-0.000400103,0.001199923,-0.999,-0.224796482,-0.008399974,-0.008999872,-0.008399974,0.224796482,0.008799949
1581252335.7050514,b827eb4521b4,e78f135624ce,-72,7.541244595,12.798116216,1.857,-0.010058108,-0.008764527,-0.999,-0.190391553,-0.007764527,0.002822635,-0.007764527,0.190627026,-0.001764527
1581252336.1633239,b827eb4521b4,e78f135624ce,-71,7.755700912,12.790258931,1.858351564,-0.007629465,-0.005907366,-0.999,-0.276007884,-0.008814733,0.002444198,-0.008907366,0.276007884,0.000185267
1581252336.615124,b827eb4521b4,e78f135624ce,-69,7.930881248,12.774617708,1.844617708,-0.001617708,-0.007,-1.0,0.557663884,-0.001078472,0.002460764,-0.001078472,-0.557663884,0.005460764
1581252337.529363,b827eb4521b4,e78f135624ce,-68,8.338718622,12.752751651,1.82825055,-0.003248349,-0.00125055,-1.0,0.955241743,0.007,-0.002498899,0.007,-0.955241743,0.000501101
1581252337.979368,b827eb4521b4,e78f135624ce,-67,8.553540581,12.748215314,1.825607657,-0.012,0.001,-1.0,0.985569372,0.011,-0.012,0.011,-0.985569372,-0.001392343
1581252338.4359136,b827eb4521b4,e78f135624ce,-67,8.772081187,12.743836091,1.824,-0.009754136,0.000918045,-1.0,0.995163909,0.012,-0.009754136,0.012,-0.995163909,-0.001
1581252338.888316,b827eb4521b4,e78f135624ce,-68,8.991639186,12.7403284,1.8256716,-0.0033284,0.0016716,-1.0,0.9986716,0.013,-0.0033284,0.013,-0.9986716,-0.0016716
1581252339.3427985,b827eb4521b4,e78f135624ce,-69,9.224015092,12.715710978,1.833484391,0.015031218,0.008742196,-0.999742196,0.723813728,0.007484391,-0.003031218,0.007484391,-0.723813728,-0.002968782
1581252339.7951949,b827eb4521b4,e78f135624ce,-72,9.448821553,12.697592158,1.838703921,0.011296079,0.006148039,-1.0,0.84070979,0.008,0.000851961,0.008,-0.84070979,-0.003
1581252340.7100718,b827eb4521b4,e78f135624ce,-76,9.938787624,12.704577347,1.854408495,0.016985842,0.001394337,-0.999,0.196765602,0.004408495,-0.027394337,0.004408495,-0.195765602,-0.004211327
1581252341.624929,b827eb4521b4,e78f135624ce,-68,10.471789323,12.744512225,1.840495925,0.004487775,0.007,-1.0,-0.879154849,-0.004,-0.0049837,-0.004,0.879650774,0.007
1581252342.0749922,b827eb4521b4,e78f135624ce,-72,10.729243372,12.75517587,1.836,0.001,0.005912065,-1.0,-0.960967283,-0.007,-0.001,-0.007,0.960967283,0.005
1581252342.5297146,b827eb4521b4,e78f135624ce,-71,10.967041367,12.759397289,1.832267118,0.002534237,0.001534237,-1.0,-0.576985031,-0.002801355,-0.000198645,-0.002801355,0.576717913,0.007732882
1581252342.9820328,b827eb4521b4,e78f135624ce,-78,11.183233727,12.77,1.842901704,0.008267803,0.003633901,-0.999633901,-0.19643425,0.002366099,-0.019830494,0.002,0.196800348,0.004732197
1581252343.4350574,b827eb4521b4,e78f135624ce,-80,11.388218501,12.7650095,1.8490095,0.001981,0.008,-0.999,-0.090624748,0.00400475,-0.03201425,0.00400475,0.090624748,0.00499525
1581252343.8890295,b827eb4521b4,e78f135624ce,-88,11.53489055,12.750892102,1.830027363,0.002864739,0.000756841,-0.999,-0.026808462,0.005,-0.027756841,0.005,0.026808462,0.012864739
1581252344.3495953,b827eb4521b4,e78f135624ce,-83,11.628566261,12.735777428,1.805757766,0.005464805,-0.005535195,-0.999,0.007129374,0.004,-0.019828156,0.004,-0.006422335,0.018828156
1581252344.803859,b827eb4521b4,e78f135624ce,-66,11.678267469,12.744430253,1.808976708,-0.000593038,-0.002593038,-0.999,0.023872281,0.003081392,-0.023755823,0.003,-0.023872281,0.014674431
1581252345.253989,b827eb4521b4,e78f135624ce,-67,11.714814932,12.733255053,1.796370135,-0.003069985,-0.01127994,-0.999,0.394183564,0.006534992,-0.017395023,0.006534992,-0.394183564,0.018209955
1581252345.7049296,b827eb4521b4,e78f135624ce,-67,11.741945677,12.713211936,1.746423871,-0.006157613,-0.028472839,-0.999,0.807511096,0.008,-0.010842387,0.008,-0.807511096,0.031157613
1581252346.6172094,b827eb4521b4,e78f135624ce,-83,11.762777627,12.70566712,1.747777627,0.00333288,-0.015222373,-0.999,0.345845791,0.007222373,-0.01183356,0.007222373,-0.345845791,0.023
1581252347.0683994,b827eb4521b4,e78f135624ce,-77,11.758956853,12.735956853,1.789352796,-0.005,0.000784265,-0.999,0.137007621,0.006956853,-0.024043147,0.006956853,-0.137050768,0.009215735
1581252347.5205579,b827eb4521b4,e78f135624ce,-71,11.764766408,12.64919465,1.835137935,0.030062295,0.0143782,-0.994078976,0.170548405,0.005154616,0.003983319,0.008845384,-0.173624045,-0.004993328
1581252347.9795616,b827eb4521b4,e78f135624ce,-72,11.776322297,12.576282424,1.850883115,0.015379732,0.01970203,-0.994033108,0.258907443,0.005,0.018768245,0.008644595,-0.260585145,-0.005668922
1581252348.4388187,b827eb4521b4,e78f135624ce,-70,11.77878106,12.404873158,1.842216339,0.058187663,-0.022032144,-0.991937446,0.206724574,0.009062554,-0.002311904,0.012937446,-0.20666202,-0.016623808
1581252348.8932343,b827eb4521b4,e78f135624ce,-79,11.775625403,12.272491943,1.730120568,0.040120568,-0.042749194,-0.994625403,0.229371374,0.010374597,0.002247583,0.01,-0.227745971,0.035127014
1581252349.3476708,b827eb4521b4,e78f135624ce,-69,11.774888108,12.182353837,1.740751026,0.015521676,-0.023490919,-0.996788811,0.286007029,0.010788811,-0.008211189,0.009788811,-0.285584651,0.027490919
1581252349.8038964,b827eb4521b4,e78f135624ce,-77,11.756158027,12.011269259,1.665632109,0.030525918,-0.047158027,-0.995,0.24037041,0.010841973,0.016209863,0.008,-0.239212383,0.047316055
1581252350.7186983,b827eb4521b4,e78f135624ce,-78,11.757626795,11.620698577,1.734961727,0.055679424,-0.028880384,-0.994813397,-0.017516739,0.005626795,-0.017239233,0.004626795,0.019703342,0.011612438
1581252351.1757374,b827eb4521b4,e78f135624ce,-72,11.761532437,11.464675631,1.747129748,0.036246835,-0.008779272,-0.997,-0.058363136,0.006155854,-0.024688291,0.006,0.059363136,0.013467563
1581252351.63701,b827eb4521b4,e78f135624ce,-71,11.765564254,11.3206647,1.746778433,0.016957164,-0.009871492,-0.998521418,0.086072384,0.008521418,-0.018042836,0.008,-0.085072384,0.015914328
1581252352.0924675,b827eb4521b4,e78f135624ce,-68,11.763197244,11.18383599,1.780948392,0.001450689,-0.002399081,-0.999,0.02153553,0.007699541,-0.02015023,0.00684977,-0.02153553,0.008450689
1581252352.54653,b827eb4521b4,e78f135624ce,-75,11.719220381,10.999384369,1.805141232,-0.004644076,-0.002858768,-0.999,-0.298886716,-0.000711848,-0.012288152,-0.000711848,0.298886716,0.004785308
1581252353.0002372,b827eb4521b4,e78f135624ce,-73,11.725438149,10.770836073,1.79357079,0.00471237,0.00171237,-0.999,0.018762975,-0.00414158,-0.00757079,-0.00414158,-0.018762975,0.01114158
1581252353.4546103,b827eb4521b4,e78f135624ce,-71,11.765469405,10.610635928,1.789843532,0.009921766,-0.005156468,-1.0,0.69164991,-0.001078234,0.006,-0.001078234,-0.69164991,0.009078234
1581252353.9088304,b827eb4521b4,e78f135624ce,-71,11.780109762,10.430727537,1.79551627,0.012,-0.005593492,-1.0,0.900910637,-0.001296746,0.010703254,-0.001593492,-0.901207383,0.007296746
1581252354.3676429,b827eb4521b4,e78f135624ce,-65,11.782360024,10.234398541,1.794199878,0.009,-0.008720049,-1.0,0.968600243,0.001360024,0.008639976,0.001360024,-0.968600243,0.009720049
1581252355.2734227,b827eb4521b4,e78f135624ce,-67,11.761962202,9.777938859,1.788,-0.004,-0.01239244,-1.0,0.99660756,0.00360756,-0.004,0.00360756,-0.99660756,0.01239244
1581252355.7246182,b827eb4521b4,e78f135624ce,-66,11.763,9.539071562,1.794928563,0.003,-0.008535719,-1.0,0.999,0.006,0.003,0.006,-0.999,0.008767859
1581252357.0903223,b827eb4521b4,e78f135624ce,-72,11.794,8.903738015,1.82289305,0.01610695,-0.002053475,-1.0,1.0,0.01010695,0.01610695,0.010053475,-1.0,0.002053475
1581252357.5524766,b827eb4521b4,e78f135624ce,-70,11.795456619,8.656296734,1.817684928,0.023,-0.002,-1.0,1.0,0.008228309,0.023,0.008228309,-1.0,0.002
1581252358.006236,b827eb4521b4,e78f135624ce,-65,11.796117198,8.407984731,1.819117198,0.017675797,-0.001,-1.0,1.0,0.009558599,0.017675797,0.009558599,-1.0,0.001
1581252359.3662624,b827eb4521b4,e78f135624ce,-78,11.763264229,7.624120612,1.833,-0.007710705,0.01,-0.999289295,0.479430253,0.006710705,-0.006264229,0.006710705,-0.479430253,0.00057859
1581252359.8265586,b827eb4521b4,e78f135624ce,-68,11.743545635,7.380667549,1.849939374,-0.005939374,0.011121252,-1.0,0.494905419,0.01,-0.000757496,0.01,-0.494905419,-0.002939374
1581252360.279636,b827eb4521b4,e78f135624ce,-67,11.740313722,7.114882423,1.875627444,0.003627444,0.01857843,-0.999,0.558558697,0.01157843,0.006470583,0.01157843,-0.558558697,-0.012735291
1581252360.729509,b827eb4521b4,e78f135624ce,-65,11.741650119,6.801021956,1.844349881,0.013107398,0.00977136,-0.999,0.217019572,0.00438568,0.022493079,0.00438568,-0.218019572,0.00822864
1581252361.189691,b827eb4521b4,e78f135624ce,-67,11.727368721,6.569815806,1.813458138,-0.004614534,0.002983255,-0.998,0.087536502,0.005,0.020893838,0.005,-0.087536502,0.023139652
1581252362.0928638,b827eb4521b4,e78f135624ce,-71,11.698368214,6.058874202,1.648227817,0.009263572,-0.05417484,-0.995,0.340540432,0.008789405,0.033859603,0.007789405,-0.337680829,0.058859603
1581252362.5437367,b827eb4521b4,e78f135624ce,-67,11.689373796,5.708281304,1.671060694,0.041757224,-0.012747592,-0.995686898,0.327463386,0.009373796,0.035626204,0.009373796,-0.328463386,0.035313102
1581252362.9981725,b827eb4521b4,e78f135624ce,-75,11.694,5.488797293,1.710718879,0.014672809,-0.008654381,-0.998,0.089764949,0.012,0.035682023,0.011336405,-0.089764949,0.022981572
1581252363.4520824,b827eb4521b4,e78f135624ce,-69,11.705842834,5.284884057,1.74086248,0.012941063,-0.006,-0.998980354,0.319088573,0.014980354,0.032078583,0.014,-0.319088573,0.015058937
1581252363.9096088,b827eb4521b4,e78f135624ce,-71,11.696758446,4.936423704,1.712384854,0.030275338,0.000384854,-0.997373592,-0.188745216,0.009747185,-0.010407376,0.009120777,0.189745216,0.029120777
1581252364.3706734,b827eb4521b4,e78f135624ce,-68,11.712509727,4.663357199,1.7473214,0.028490273,0.009396109,-0.998,-0.085679386,0.008905836,-0.029376654,0.008603891,0.086377441,0.012792218
1581252364.8244016,b827eb4521b4,e78f135624ce,-74,11.739,4.607316546,1.77068729,0.002,0.002691127,-0.999,0.654424942,0.015077218,-0.016540527,0.015077218,-0.654424942,0.004463309
1581252365.2776315,b827eb4521b4,e78f135624ce,-85,11.740815061,4.469042527,1.785126024,0.011126024,-0.000563012,-1.0,0.889268437,0.013,0.005252049,0.013,-0.889268437,0.003
1581252365.7304132,b827eb4521b4,e78f135624ce,-79,11.747399589,4.333205957,1.790998973,0.013600411,-0.002800205,-1.0,0.964997946,0.013,0.011800205,0.013,-0.964997946,0.003800205
1581252366.6396108,b827eb4521b4,e78f135624ce,-70,11.741178712,4.178482917,1.802410644,0.011,-0.003410644,-1.0,0.996410644,0.010589356,0.011,0.010589356,-0.996410644,0.003410644
1581252367.0996838,b827eb4521b4,e78f135624ce,-69,11.737952329,4.152618634,1.804,0.007047671,-0.004,-1.0,0.999,0.007047671,0.007047671,0.007047671,-0.999,0.004
1581252368.0041528,b827eb4521b4,e78f135624ce,-79,11.729355092,4.116934724,1.803289816,0.009,-0.004,-1.0,1.0,0.009,0.009,0.009,-1.0,0.004
1581252368.4641466,b827eb4521b4,e78f135624ce,-70,11.735935288,4.106870577,1.793064712,0.01,-0.007935288,-1.0,1.0,0.009,0.01,0.009,-1.0,0.007935288
