1581252285.2370746,b827ebfd7811,e78f135624ce,-53,11.74,4.288267161,1.792732839,0.036732839,-0.001,-0.999,0.99913358,0.018,0.03586642,0.018,-0.99986642,0.00213358
1581252285.69095,b827ebfd7811,e78f135624ce,-53,11.673604532,4.251814166,1.750116146,0.003604532,0.018441927,-0.999,0.2332759,0.009511615,0.039976771,0.010511615,-0.2342759,0.017930312
1581252286.1456513,b827ebfd7811,e78f135624ce,-57,11.69230302,4.211242451,1.772909059,0.02230302,0.00384849,-0.999,0.757302665,0.012,0.03384849,0.01284849,-0.757454175,0.00769698
1581252286.600934,b827ebfd7811,e78f135624ce,-54,11.70178631,4.181854762,1.798504167,0.03,0.004,-0.999,0.922230358,0.01321369,0.03421369,0.014,-0.922444049,0.00021369
1581252287.0599568,b827ebfd7811,e78f135624ce,-59,11.719655155,4.160344845,1.803655155,0.032,-0.001,-0.999,0.974310311,0.012172422,0.033586211,0.012172422,-0.975310311,0.002586211
1581252287.515774,b827ebfd7811,e78f135624ce,-54,11.734060634,4.133878732,1.806963619,0.038024254,-0.003012127,-0.999,0.991024254,0.009,0.038024254,0.009,-0.992024254,0.003024254
1581252287.9675941,b827ebfd7811,e78f135624ce,-54,11.736334613,4.127,1.818,0.036,0.000334613,-0.999,0.996665387,0.009,0.036334613,0.009,-0.997665387,-0.000334613
1581252288.4265625,b827ebfd7811,e78f135624ce,-57,11.738372304,4.124021568,1.819883088,0.036116912,-0.000372304,-0.999,0.998372304,0.010116912,0.036116912,0.010116912,-0.999,0.000372304
1581252288.8866541,b827ebfd7811,e78f135624ce,-58,11.737087244,4.113261732,1.814261732,0.037912756,-0.001912756,-0.999,0.999,0.010087244,0.037912756,0.010087244,-1.0,0.001912756
1581252289.3397245,b827ebfd7811,e78f135624ce,-60,11.732946785,4.123053215,1.820577975,0.035,-5.3215e-05,-0.999,0.999,0.011315595,0.035,0.011315595,-1.0,0.001053215
1581252290.6929398,b827ebfd7811,e78f135624ce,-61,11.556950053,4.12,1.812349994,0.060349994,-0.005550002,-0.998,0.998,0.007550002,0.060349994,0.007550002,-1.0,0.005550002
1581252291.1478198,b827ebfd7811,e78f135624ce,-58,11.427883138,4.141411686,1.816102922,0.057382471,-0.005,-0.998102922,0.998,0.006102922,0.057382471,0.005205843,-1.0,0.006
1581252291.598481,b827ebfd7811,e78f135624ce,-71,11.295686688,4.172902389,1.817501707,0.025097611,-0.003898976,-0.999,0.999,0.011700341,0.025097611,0.011700341,-1.0,0.003898976
1581252292.0536413,b827ebfd7811,e78f135624ce,-60,11.149299514,4.196980032,1.83630671,0.004673323,0.003326677,-1.0,1.0,0.014326677,0.004673323,0.014,-1.0,-0.003326677
1581252292.5057583,b827ebfd7811,e78f135624ce,-66,10.989804878,4.217398955,1.849866434,-0.002799652,0.007933217,-1.0,1.0,0.017,-0.002799652,0.017,-1.0,-0.007933217
1581252292.9571557,b827ebfd7811,e78f135624ce,-68,10.821151128,4.230440648,1.842643891,-0.002881297,0.002321945,-1.0,1.0,0.019559352,-0.002881297,0.019559352,-1.0,-0.002321945
1581252293.4084902,b827ebfd7811,e78f135624ce,-61,10.569789891,4.215444995,1.835814998,-0.009370003,0.007370003,-1.0,-0.261850347,0.003444995,0.007555005,0.003444995,0.261850347,0.007185002
1581252293.8593414,b827ebfd7811,e78f135624ce,-72,10.340549293,4.202627465,1.83141831,-0.020954226,0.01,-1.0,-0.762058454,-0.003,0.020745071,-0.002790845,0.762058454,0.009790845
1581252294.314627,b827ebfd7811,e78f135624ce,-69,10.134415886,4.194163551,1.826418224,-0.039672897,0.011581776,-0.999,-0.92261916,-0.004836449,0.038672897,-0.003836449,0.92361916,0.011581776
1581252294.7657404,b827ebfd7811,e78f135624ce,-65,10.012577391,4.191934983,1.837010836,-0.000869966,0.010989164,-0.999,0.249199735,0.007021672,0.031043345,0.008010836,-0.249199735,-0.002021672
1581252295.2175145,b827ebfd7811,e78f135624ce,-70,9.857243443,4.170082896,1.830721931,0.034195173,0.002360965,-0.999,0.756483733,0.012639035,0.044278069,0.012639035,-0.757483733,0.001
1581252295.6680205,b827ebfd7811,e78f135624ce,-73,9.689859353,4.154708442,1.824,0.049033247,-0.001741688,-0.998741688,0.921682856,0.013258312,0.052516623,0.013258312,-0.922682856,0.003
1581252296.1184163,b827ebfd7811,e78f135624ce,-71,9.518542991,4.142534122,1.821267061,0.05586647,-0.00186647,-0.998,0.973798226,0.015,0.05686647,0.01413353,-0.974931757,0.003
1581252297.0270534,b827ebfd7811,e78f135624ce,-70,9.0933845,4.141213816,1.797976243,-0.021308846,0.014,-0.998,-0.438611117,0.004976243,0.053095029,0.005976243,0.438634875,0.015
1581252297.4771583,b827ebfd7811,e78f135624ce,-71,8.865873144,4.158688632,1.794324547,-0.039065897,0.011688632,-0.998,-0.603497516,0.003986821,0.060337726,0.004324547,0.604497516,0.014337726
1581252297.9308114,b827ebfd7811,e78f135624ce,-70,8.670438777,4.142687755,1.791662449,-0.023706735,0.009675102,-0.998,-0.505105311,0.005662449,0.058656122,0.005993673,0.505774087,0.014668776
1581252298.3894997,b827ebfd7811,e78f135624ce,-73,8.446759269,4.154252986,1.796891578,-0.042216845,0.010072282,-0.998,-0.754421435,-7.2282e-05,0.062,0.000927718,0.755421435,0.013036141
1581252298.8460846,b827ebfd7811,e78f135624ce,-72,8.22722375,4.174256573,1.794348685,-0.056651315,0.013,-0.998,-0.918934181,-0.004348685,0.063348685,-0.003697371,0.920934181,0.014348685
1581252299.75366,b827ebfd7811,e78f135624ce,-102,7.830791567,4.20052046,1.79252046,-0.04647954,0.009319693,-0.999,-0.99052046,-0.003319693,0.047319693,-0.003159847,0.99152046,0.00947954
1581252300.2113986,b827ebfd7811,e78f135624ce,-74,7.625186425,4.214605463,1.790030132,-0.04,0.01,-0.999,-0.996515066,-0.003454801,0.04,-0.002969868,0.997515066,0.01
1581252300.6668136,b827ebfd7811,e78f135624ce,-70,7.430534222,4.225172105,1.796172105,-0.035,0.007172105,-0.999,-0.998172105,-0.003172105,0.035,-0.003172105,0.999,0.008
1581252301.118632,b827ebfd7811,e78f135624ce,-73,7.232828613,4.209430131,1.788354803,-0.030784934,0.011430131,-0.999,-0.999,-0.003430131,0.030784934,-0.003215066,0.999784934,0.011430131
1581252301.5741737,b827ebfd7811,e78f135624ce,-73,7.033034289,4.226171105,1.784,-0.038585553,0.013,-0.999,-0.999,-0.003585553,0.038585553,-0.003585553,1.0,0.013
1581252302.025682,b827ebfd7811,e78f135624ce,-74,6.966430785,4.248031048,1.761927554,-0.031031048,-0.004948253,-0.998,-0.067490308,0.007979301,0.009062096,0.008979301,0.067490308,0.018020699
1581252302.4790258,b827ebfd7811,e78f135624ce,-71,6.860528212,4.195034815,1.780506602,-0.002445378,0.003951981,-0.999,0.397943576,0.01134934,0.01834934,0.01234934,-0.397943576,0.006397359
1581252302.933464,b827ebfd7811,e78f135624ce,-70,6.772294628,4.218001852,1.781500926,-0.009300185,-0.00339963,-0.999,0.720615189,0.01360037,-0.001200741,0.014300185,-0.720615189,0.00539963
1581252303.3846264,b827ebfd7811,e78f135624ce,-78,6.65828983,4.251119068,1.762899576,-0.012427543,-0.008754661,-0.999,0.910383052,0.015,-0.010345763,0.015,-0.910464831,0.009754661
1581252303.8433342,b827ebfd7811,e78f135624ce,-82,6.45032934,4.265555289,1.752242383,-0.023296474,-0.005722355,-0.999,0.46822561,0.010555289,0.001037658,0.010555289,-0.46822561,0.012258816
1581252305.2195942,b827ebfd7811,e78f135624ce,-69,5.92428159,4.476007996,1.759061695,-0.1099821,0.014484576,-0.970250743,-0.369749257,0.000156219,0.076201995,-0.002890548,0.382889557,0.012328357
1581252305.6768823,b827ebfd7811,e78f135624ce,-71,5.877007101,4.817801928,1.827249556,-0.136267309,0.002499112,-0.957994674,-0.480433426,-0.001748669,0.117014202,-0.007499112,0.511436977,0.003499112
1581252306.137941,b827ebfd7811,e78f135624ce,-71,5.831866541,4.457628641,1.825512571,-0.043595747,0.010108318,-0.986729206,-0.83880463,-0.010891682,0.037487429,-0.012891682,0.848021265,0.010108318
1581252306.5929813,b827ebfd7811,e78f135624ce,-71,5.818888312,4.304356118,1.815291729,-0.022128776,0.015193165,-0.995532194,-0.670348189,-0.009532194,0.017193165,-0.01,0.673283801,0.013725359
1581252307.4976273,b827ebfd7811,e78f135624ce,-69,5.795948207,4.562250998,1.794211155,-0.080521913,0.014262948,-0.982685259,-0.476717135,-0.004262948,0.07147012,-0.005788845,0.492768928,0.015788845
1581252307.9563186,b827ebfd7811,e78f135624ce,-72,5.796093932,5.291005346,1.868232039,-0.265502673,-0.004674029,-0.923165776,-0.492662868,-0.001,0.208596605,-0.011232039,0.550707043,-0.004674029
1581252308.4065452,b827ebfd7811,e78f135624ce,-74,5.785172932,4.823996267,1.823481205,-0.089011286,0.010740602,-0.975518795,-0.509650404,-0.002913534,0.075011286,-0.005827068,0.528131609,0.010086466
1581252308.863048,b827ebfd7811,e78f135624ce,-78,5.779426904,4.607415232,1.780853808,-0.045856142,0.019714619,-0.991143858,-0.376596439,0.001714619,0.036856142,0.001429238,0.382167201,0.017714619
1581252309.3199482,b827ebfd7811,e78f135624ce,-70,5.795259612,4.525512371,1.753519224,-0.025094784,0.021677198,-0.996322802,-0.316024741,0.004354397,0.026094784,0.004354397,0.31770194,0.02106319
1581252309.7711816,b827ebfd7811,e78f135624ce,-71,5.806592048,4.537960239,1.780957653,-0.008,0.018388072,-0.997,-0.177286084,0.004101988,0.01150994,0.004101988,0.178286084,0.011878132
1581252311.1276562,b827ebfd7811,e78f135624ce,-80,5.882562384,4.886884011,1.748240757,0.006875231,0.013437616,-0.998223198,-0.020806845,0.001892791,-0.014768022,0.001892791,0.020806845,0.01899122
1581252311.5804086,b827ebfd7811,e78f135624ce,-89,5.879233857,4.999924076,1.726193715,0.026020071,-0.001,-0.996383071,-0.080790573,0.000766143,-0.028,-0.000233857,0.081790573,0.030552357
1581252312.0387366,b827ebfd7811,e78f135624ce,-77,5.898,5.22518155,1.78,0.010107414,0.001928391,-0.998,0.3573631,0.010928391,-0.004964195,0.010928391,-0.3573631,0.005928391
1581252312.4990475,b827ebfd7811,e78f135624ce,-81,5.8926335,5.45381675,1.815371751,-0.011261749,0.0053665,-0.99472775,0.60681675,0.0155445,-0.020989499,0.013,-0.60881675,-0.00363875
1581252312.9525597,b827ebfd7811,e78f135624ce,-80,5.871668633,5.621474707,1.681128155,-0.015259696,-0.0439941,-0.994629848,0.693053971,0.013629848,-0.025149241,0.014,-0.691313667,0.046623948
1581252313.4063432,b827ebfd7811,e78f135624ce,-76,5.838985359,5.815712964,1.603054132,-0.015424581,-0.062502215,-0.992970719,0.594581198,0.010058563,-0.031351377,0.011029281,-0.590610479,0.066472934
1581252313.8634074,b827ebfd7811,e78f135624ce,-75,5.834974185,6.102677531,1.706335161,-0.030361407,-0.025335592,-0.989683877,0.666522642,0.008683877,-0.041154889,0.010658062,-0.664206518,0.018413037
1581252314.3170762,b827ebfd7811,e78f135624ce,-76,5.839815905,6.339397623,1.716,-0.018,-0.018912127,-0.994271968,0.262284279,-0.00263181,-0.042184095,-0.00063181,-0.261284279,0.022543937
1581252315.227902,b827ebfd7811,e78f135624ce,-73,5.833565092,6.927251707,1.769476378,-0.032130184,-0.002869816,-0.998,0.01710709,-0.004739632,-0.011390551,-0.004739632,-0.017541998,0.009304724
1581252315.6782677,b827ebfd7811,e78f135624ce,-74,5.830183291,7.182649615,1.741566068,-0.02051748,0.013983804,-0.998,-0.247538811,-0.010450128,-0.011549872,-0.010266838,0.246722101,0.021900257
1581252316.1353905,b827ebfd7811,e78f135624ce,-75,5.839047529,7.333951523,1.773936312,-0.001730038,0.011523764,-0.999,0.043203431,-0.002476236,-0.024047529,-0.002476236,-0.043203431,0.008111216
1581252316.594907,b827ebfd7811,e78f135624ce,-81,5.862376374,7.597950569,1.796164834,-0.034917583,0.006623626,-0.998,0.53317583,0.005,-0.044623626,0.005,-0.53417583,0.001917583
1581252317.0454693,b827ebfd7811,e78f135624ce,-77,5.901065498,7.813514627,1.820224565,-0.029962573,0.007065498,-0.999,0.822449129,0.011009357,-0.031953216,0.011009357,-0.823449129,-0.004074855
1581252317.4964998,b827ebfd7811,e78f135624ce,-79,5.923575699,8.033481483,1.838602989,-0.016054581,0.00831514,-0.99965757,0.942836258,0.01265757,-0.017054581,0.01265757,-0.943493828,-0.00731514
1581252317.9571629,b827ebfd7811,e78f135624ce,-79,5.92488296,8.277595525,1.831519105,-0.021129776,0.00488296,-0.999,0.884804131,0.011,-0.024753184,0.011,-0.885180723,-0.003259552
1581252318.8643892,b827ebfd7811,e78f135624ce,-77,5.913,8.788964452,1.870446235,-0.051,0.01317951,-0.998,0.986543608,0.015907706,-0.051,0.015907706,-0.987907706,-0.01417951
1581252319.3208702,b827ebfd7811,e78f135624ce,-79,5.942240274,8.9999359,1.893961097,-0.052519452,0.016240274,-0.998,0.994480548,0.009,-0.052519452,0.008759726,-0.996240274,-0.017240274
1581252319.7733817,b827ebfd7811,e78f135624ce,-78,5.942809935,9.213604757,1.911866091,-0.050485961,0.021676026,-0.998,0.997,0.008,-0.050485961,0.007,-0.998,-0.021676026
1581252320.2236207,b827ebfd7811,e78f135624ce,-73,5.955634292,9.469135106,1.910179056,-0.048634292,0.021089528,-0.998,0.998,0.009,-0.048634292,0.008,-0.999,-0.021634292
1581252320.6738372,b827ebfd7811,e78f135624ce,-76,5.956072287,9.735638356,1.878638567,-0.04521686,0.008927713,-0.998,0.998927713,0.010855427,-0.04521686,0.009927713,-1.0,-0.009927713
1581252321.1368718,b827ebfd7811,e78f135624ce,-74,5.923446016,9.916594342,1.85241911,1.3453e-05,0.019621594,-0.997229734,0.348204212,-0.001,-0.052310797,-0.002,-0.348204212,0.002553984
1581252322.0459247,b827ebfd7811,e78f135624ce,-81,5.877012372,10.224113475,1.915975256,0.031901024,0.005024744,-0.996012372,0.088034988,-0.000975256,-0.066950512,-0.000975256,-0.08504736,-0.013
1581252322.506486,b827ebfd7811,e78f135624ce,-83,5.869832183,10.51889193,1.917211497,0.01708736,0.002291954,-0.997,-0.032480481,-0.001875863,-0.047708046,-0.001583909,0.033772435,-0.013167817
1581252322.9632096,b827ebfd7811,e78f135624ce,-87,5.836373941,10.86888423,1.891876967,0.014376362,-0.005126664,-0.997624849,-0.412633322,-0.01,-0.040250908,-0.008624849,0.413008473,-0.002750303
1581252324.3292413,b827ebfd7811,e78f135624ce,-86,5.842839957,11.618180447,1.86864984,-0.010839957,0.002129968,-0.997290011,0.278329755,0.009129968,-0.010969925,0.008129968,-0.279329755,0.007160043
1581252324.7803218,b827ebfd7811,e78f135624ce,-79,5.821651608,11.827225874,1.781737622,-0.017696783,-0.012674196,-0.998,0.142827972,0.006891399,-0.000131189,0.007782797,-0.142827972,0.027674196
1581252325.2429574,b827ebfd7811,e78f135624ce,-83,5.833415919,11.90808155,1.921424891,0.025880607,0.002435818,-0.99160398,0.065661721,0.00560398,0.02320796,0.01139602,-0.067057741,-0.023316425
1581252325.6985624,b827ebfd7811,e78f135624ce,-97,5.844837362,12.177610351,1.769724645,-0.005674724,0.030375197,-0.99426248,-0.213239886,-0.00073752,0.018574882,0.002,0.213502366,0.026375197
1581252326.1460578,b827ebfd7811,e78f135624ce,-83,5.865927711,12.425638557,1.799540448,-0.005378657,0.009612736,-0.997,0.035714279,0.002306368,0.018080896,0.002459552,-0.035714279,0.008306368
1581252326.6026068,b827ebfd7811,e78f135624ce,-89,5.88787576,12.537260639,1.79293484,0.01612424,-0.00375152,-0.99843788,0.022224161,0.002,0.01493484,0.002,-0.022224161,0.00931364
1581252327.0544357,b827ebfd7811,e78f135624ce,-89,5.913000276,12.596997302,1.780000123,0.013001012,-0.010999908,-0.997000031,0.544994881,0.007999969,0.01100095,0.007999939,-0.546994881,0.012999969
1581252327.513706,b827ebfd7811,e78f135624ce,-81,5.914,12.688762769,1.774110103,-0.000418085,-0.014381384,-0.999,0.629921295,0.007709043,-0.005,0.007709043,-0.630212252,0.014672342
1581252327.9646878,b827ebfd7811,e78f135624ce,-81,5.914,12.737948047,1.719334126,-0.003,-0.03007674,-0.999,0.830945668,0.008,-0.005,0.008358913,-0.830304581,0.030717827
1581252328.415348,b827ebfd7811,e78f135624ce,-82,5.95698054,12.604142707,1.729974053,0.05192216,-0.020006487,-0.997006487,0.943396738,0.012,0.050909186,0.011993513,-0.946390252,0.021006487
1581252328.8760698,b827ebfd7811,e78f135624ce,-83,5.936488197,12.697954293,1.700929935,0.009278755,-0.030907082,-0.99834882,0.804675538,0.00965118,0.005581115,0.00965118,-0.805024358,0.030907082
1581252329.7903402,b827ebfd7811,e78f135624ce,-87,5.906566159,12.606078161,1.833540106,0.069672424,0.019746194,-0.985626903,0.368657202,0.001,0.059238583,0.009132319,-0.38024722,-0.018854655
1581252330.2439704,b827ebfd7811,e78f135624ce,-80,5.898395452,12.681580332,1.813139398,0.021046957,0.0,-0.994069699,0.121836386,0.001,0.007046957,0.004465151,-0.125836386,0.001465151
1581252330.6961026,b827ebfd7811,e78f135624ce,-80,5.908999817,12.706832997,1.790832997,0.016166819,-0.010000183,-0.997166636,0.11983263,-0.001,-0.003999817,-0.0,-0.121665994,0.011166819
1581252331.1577916,b827ebfd7811,e78f135624ce,-86,5.947364018,12.791756884,1.801081039,-0.019780226,0.00130632,-0.998,0.011828219,-0.002722528,0.005364018,-0.001861264,-0.011828219,0.009028849
1581252331.610727,b827ebfd7811,e78f135624ce,-83,6.020319302,12.912850243,1.825159651,-0.060469059,0.000592822,-0.996,-0.298990106,-0.004469059,0.048814355,-0.004469059,0.301459165,0.006061882
1581252332.064079,b827ebfd7811,e78f135624ce,-92,6.109293337,12.811614638,1.842204879,-0.001767156,-0.017,-0.994,-0.185076757,-0.003919675,0.047963903,-0.005,0.185157082,0.003759024
1581252332.520878,b827ebfd7811,e78f135624ce,-80,6.247415088,12.662832988,1.916960874,0.047539334,-0.005290843,-0.985356192,-0.236356192,-0.005483663,0.024679709,-0.001290843,0.238356192,-0.017320291
1581252332.9728913,b827ebfd7811,e78f135624ce,-82,6.403635147,12.704362176,1.840317573,-0.007572167,0.019900268,-0.991372703,-0.690191615,-0.011881891,0.036727029,-0.010254594,0.690937021,0.012900268
1581252333.4308798,b827ebfd7811,e78f135624ce,-80,6.574179665,12.781941219,1.814396303,-0.031851386,0.021455084,-0.995049538,-0.678510544,-0.010900924,0.039504622,-0.010851386,0.679461006,0.014752311
1581252333.8864772,b827ebfd7811,e78f135624ce,-80,6.74891678,12.822439746,1.830919661,-0.017694407,-0.001632712,-0.997,-0.343944067,-0.005632712,0.015265424,-0.006316356,0.343944067,0.006938305
1581252334.3398678,b827ebfd7811,e78f135624ce,-100,6.944218817,12.789961474,1.845209664,-0.006380801,0.00852384,-0.995704768,0.209361218,0.003590464,0.003438271,0.003590464,-0.207951682,0.004066624
1581252334.795903,b827ebfd7811,e78f135624ce,-76,7.134256833,12.845262678,1.829802991,-0.023197009,0.003,-0.997,-0.369027334,-0.002802991,-0.001394018,-0.002802991,0.369027334,0.00706567
1581252335.2558937,b827ebfd7811,e78f135624ce,-78,7.329834626,12.784506269,1.830132836,-0.000506269,0.001120299,-0.999,-0.221160302,-0.008373433,-0.008867164,-0.008373433,0.221160302,0.008746866
1581252335.7084105,b827ebfd7811,e78f135624ce,-80,7.542588226,12.797909504,1.857,-0.009954752,-0.008738688,-0.999,-0.18747174,-0.007738688,0.00269344,-0.007738688,0.187733052,-0.001738688
1581252336.1668067,b827ebfd7811,e78f135624ce,-88,7.757674511,12.790491119,1.858554729,-0.007745559,-0.00593639,-0.999,-0.283524974,-0.00887278,0.002618339,-0.00893639,0.283524974,0.00012722
1581252336.618407,b827ebfd7811,e78f135624ce,-79,7.932492916,12.774528171,1.844528171,-0.001528171,-0.007,-1.0,0.561722899,-0.001018781,0.00249061,-0.001018781,-0.561722899,0.00549061
1581252337.0748596,b827ebfd7811,e78f135624ce,-76,8.13149398,12.762810552,1.834715829,0.002905276,-0.005810552,-1.0,0.860599504,0.004094724,0.003905276,0.004094724,-0.860599504,0.004905276
1581252337.5338366,b827ebfd7811,e78f135624ce,-72,8.34054005,12.752655787,1.828218596,-0.003344213,-0.001218596,-1.0,0.955721066,0.007,-0.002562809,0.007,-0.955721066,0.000437191
1581252337.9838202,b827ebfd7811,e78f135624ce,-81,8.555448678,12.748151711,1.825575855,-0.012,0.001,-1.0,0.985696579,0.011,-0.012,0.011,-0.985696579,-0.001424145
1581252338.4394035,b827ebfd7811,e78f135624ce,-80,8.773626744,12.743786234,1.824,-0.009679351,0.000893117,-1.0,0.995213766,0.012,-0.009679351,0.012,-0.995213766,-0.001
1581252338.8933117,b827ebfd7811,e78f135624ce,-93,8.994455016,12.740282984,1.825717016,-0.003282984,0.001717016,-1.0,0.998717016,0.013,-0.003282984,0.013,-0.998717016,-0.001717016
1581252339.3477714,b827ebfd7811,e78f135624ce,-75,9.226998856,12.715484935,1.833393974,0.015212052,0.008696987,-0.999696987,0.71694203,0.007393974,-0.003212052,0.007393974,-0.71694203,-0.002787948
1581252339.7986822,b827ebfd7811,e78f135624ce,-77,9.450484749,12.697484855,1.838757573,0.011242427,0.006121214,-1.0,0.842212031,0.008,0.000878786,0.008,-0.842212031,-0.003
1581252340.2550836,b827ebfd7811,e78f135624ce,-80,9.687865213,12.695630237,1.840977535,0.011826351,0.003717062,-0.999,0.584717062,0.007,-0.015086825,0.006543412,-0.584173649,0.000196114
1581252340.7145908,b827ebfd7811,e78f135624ce,-84,9.941394729,12.704855438,1.854304211,0.017159649,0.001463859,-0.999,0.184911965,0.004304211,-0.027463859,0.004304211,-0.183911965,-0.004072281
1581252341.6283176,b827ebfd7811,e78f135624ce,-83,10.473794272,12.744596941,1.840467686,0.004403059,0.007,-1.0,-0.88022792,-0.004,-0.004870745,-0.004,0.880695607,0.007
1581252342.0783517,b827ebfd7811,e78f135624ce,-94,10.731231111,12.755231862,1.836,0.001,0.005884069,-1.0,-0.961275243,-0.007,-0.001,-0.007,0.961275243,0.005
1581252342.9854403,b827ebfd7811,e78f135624ce,-85,11.184753985,12.77,1.84282307,0.00821538,0.00360769,-0.99960769,-0.193315099,0.00239231,-0.01996155,0.002,0.193707409,0.00478462
1581252343.4383175,b827ebfd7811,e78f135624ce,-87,11.389372087,12.765059656,1.849059656,0.001880688,0.008,-0.999,-0.08864359,0.004029828,-0.032089484,0.004029828,0.08864359,0.004970172
1581252343.8934038,b827ebfd7811,e78f135624ce,-75,11.536057022,12.75070984,1.829735745,0.002974096,0.000683936,-0.999,-0.028849788,0.005,-0.027683936,0.005,0.028849788,0.012974096
1581252344.357455,b827ebfd7811,e78f135624ce,-80,11.629810715,12.735056954,1.806150752,0.005792294,-0.005207706,-0.999,0.003134019,0.004,-0.019566165,0.004,-0.002492478,0.018566165
1581252344.8095498,b827ebfd7811,e78f135624ce,-81,11.678661448,12.744736682,1.808451403,-0.000811915,-0.002811915,-0.999,0.026630134,0.003037617,-0.023887149,0.003,-0.026630134,0.014849532
1581252345.2590861,b827ebfd7811,e78f135624ce,-79,11.715167812,12.732980591,1.795664377,-0.003148403,-0.01159361,-0.999,0.401672448,0.006574201,-0.017277396,0.006574201,-0.401672448,0.018445208
1581252345.7083433,b827ebfd7811,e78f135624ce,-79,11.742103231,12.71308064,1.746161281,-0.006183872,-0.028551616,-0.999,0.808929083,0.008,-0.010816128,0.008,-0.808929083,0.031183872
1581252346.164619,b827ebfd7811,e78f135624ce,-84,11.758504476,12.700495524,1.716156222,-0.007,-0.034,-0.999,0.939531334,0.008,-0.009,0.009,-0.938531334,0.034834825
1581252346.6205618,b827ebfd7811,e78f135624ce,-83,11.76283858,12.705484261,1.74783858,0.003515739,-0.01516142,-0.999,0.34081718,0.00716142,-0.011742131,0.00716142,-0.34081718,0.023
1581252347.0728478,b827ebfd7811,e78f135624ce,-77,11.758988627,12.735988627,1.789829412,-0.005,0.000943137,-0.999,0.137738431,0.006988627,-0.024011373,0.006988627,-0.137749804,0.009056863
1581252347.5249667,b827ebfd7811,e78f135624ce,-77,11.765112816,12.644187475,1.837090418,0.03185732,0.015165491,-0.993827043,0.178767729,0.005060141,0.006030277,0.008939859,-0.182000828,-0.005812111
1581252347.984131,b827ebfd7811,e78f135624ce,-89,11.776354937,12.573475428,1.853200518,0.016228359,0.020583296,-0.993935189,0.262138751,0.005,0.019453674,0.008709874,-0.263783814,-0.006648106
1581252348.8967824,b827ebfd7811,e78f135624ce,-90,11.775657659,12.271846825,1.729765754,0.039765754,-0.042684682,-0.994657659,0.229081071,0.010342341,0.002054047,0.01,-0.227423412,0.035288294
1581252349.3512192,b827ebfd7811,e78f135624ce,-79,11.774565527,12.18164416,1.738880058,0.015295869,-0.024329629,-0.996756553,0.288910255,0.010756553,-0.008243447,0.009756553,-0.28842336,0.028329629
1581252349.8072083,b827ebfd7811,e78f135624ce,-75,11.756132551,12.010097366,1.665530206,0.030602346,-0.047132551,-0.995,0.239988272,0.010867449,0.016337243,0.008,-0.23885572,0.047265103
1581252350.2654064,b827ebfd7811,e78f135624ce,-84,11.758724627,11.870975746,1.685526492,0.025729478,-0.037372015,-0.997454104,0.256285451,0.011,0.01391306,0.009,-0.255285451,0.035463806
1581252351.1791975,b827ebfd7811,e78f135624ce,-75,11.761618941,11.463810588,1.747475765,0.036016157,-0.008635098,-0.997,-0.059776039,0.00612702,-0.024745961,0.006,0.060776039,0.013381059
1581252351.640332,b827ebfd7811,e78f135624ce,-78,11.765647301,11.319585086,1.747138305,0.016901799,-0.009705398,-0.9985491,0.083580967,0.0085491,-0.018098201,0.008,-0.082580967,0.015803599
1581252352.0957284,b827ebfd7811,e78f135624ce,-83,11.762871158,11.182178389,1.780758176,0.00153221,-0.002290386,-0.999,0.019823582,0.007645193,-0.020177403,0.006822597,-0.019823582,0.00853221
1581252352.549991,b827ebfd7811,e78f135624ce,-77,11.718821049,10.997600684,1.80524772,-0.00456421,-0.00275228,-0.999,-0.301628799,-0.000871581,-0.012128419,-0.000871581,0.301628799,0.00481193
1581252353.4580867,b827ebfd7811,e78f135624ce,-79,11.765629854,10.609486049,1.789790049,0.009895024,-0.005209951,-1.0,0.693922927,-0.001104976,0.006,-0.001104976,-0.693922927,0.009104976
1581252353.9132907,b827ebfd7811,e78f135624ce,-78,11.780221271,10.428757554,1.795702118,0.012,-0.005519153,-1.0,0.902174399,-0.001259576,0.010740424,-0.001519153,-0.902433976,0.007259576
1581252354.3709044,b827ebfd7811,e78f135624ce,-77,11.782387204,10.232767756,1.79406398,0.009,-0.008774408,-1.0,0.968872041,0.001387204,0.008612796,0.001387204,-0.968872041,0.009774408
1581252354.8266914,b827ebfd7811,e78f135624ce,-74,11.771981238,10.012761736,1.794943715,0.000943715,-0.009037523,-1.0,0.990056285,0.003,0.000943715,0.003,-0.990056285,0.009037523
1581252355.2768836,b827ebfd7811,e78f135624ce,-74,11.761829091,9.776314907,1.788,-0.004,-0.012365818,-1.0,0.996634182,0.003634182,-0.004,0.003634182,-0.996634182,0.012365818
1581252355.7281246,b827ebfd7811,e78f135624ce,-70,11.763,9.537453215,1.795036452,0.003,-0.008481774,-1.0,0.999,0.006,0.003,0.006,-0.999,0.008740887
1581252356.1843317,b827ebfd7811,e78f135624ce,-71,11.765157646,9.320043297,1.814315293,0.003915765,-0.002673883,-1.0,0.999915765,0.008663059,0.003915765,0.008663059,-0.999,0.002673883
1581252356.6344414,b827ebfd7811,e78f135624ce,-80,11.782363675,9.123999285,1.840454558,0.004454558,0.004,-1.0,1.0,0.013454558,0.004454558,0.013454558,-1.0,-0.004
1581252357.0946941,b827ebfd7811,e78f135624ce,-72,11.794,8.901313605,1.822813561,0.016186439,-0.00209322,-1.0,1.0,0.010186439,0.016186439,0.01009322,-1.0,0.00209322
1581252357.5557528,b827ebfd7811,e78f135624ce,-73,11.795409817,8.654728883,1.817614726,0.023,-0.002,-1.0,1.0,0.008204909,0.023,0.008204909,-1.0,0.002
1581252358.009506,b827ebfd7811,e78f135624ce,-91,11.796070485,8.40639649,1.819070485,0.017605727,-0.001,-1.0,1.0,0.009535242,0.017605727,0.009535242,-1.0,0.001
1581252358.9147096,b827ebfd7811,e78f135624ce,-80,11.783540552,7.907540968,1.827486413,-0.002189172,0.009,-1.0,0.66794607,0.007,-0.001648621,0.007,-0.668216346,-0.000918896
1581252359.36955,b827ebfd7811,e78f135624ce,-89,11.763084907,7.62155034,1.833,-0.007680818,0.01,-0.999319182,0.473482763,0.006680818,-0.006084907,0.006680818,-0.473482763,0.000638364
1581252359.8300898,b827ebfd7811,e78f135624ce,-66,11.743301166,7.379472369,1.849966537,-0.005966537,0.011066926,-1.0,0.499876283,0.01,-0.000866148,0.01,-0.499876283,-0.002966537
1581252360.2842672,b827ebfd7811,e78f135624ce,-70,11.740456223,7.112103657,1.875912445,0.003912445,0.018614056,-0.999,0.563581851,0.011614056,0.006684334,0.011614056,-0.563581851,-0.012842167
1581252360.7344823,b827ebfd7811,e78f135624ce,-77,11.741382333,6.799836047,1.844617667,0.012533571,0.009924381,-0.999,0.221189383,0.004462191,0.021995762,0.004462191,-0.222189383,0.008075619
1581252361.6439762,b827ebfd7811,e78f135624ce,-68,11.716007729,6.312820743,1.745534779,-0.007511593,-0.021992271,-0.997,-0.032295188,0.006,0.026472949,0.005,0.033799053,0.037
1581252362.096452,b827ebfd7811,e78f135624ce,-61,11.698099099,6.054986982,1.647898899,0.009801802,-0.053397396,-0.995,0.33608508,0.0086997,0.0337998,0.0076997,-0.33328528,0.0587998
1581252362.5470245,b827ebfd7811,e78f135624ce,-55,11.689424377,5.706966189,1.671136566,0.041453736,-0.012848755,-0.995712189,0.326375887,0.009424377,0.035575623,0.009424377,-0.327375887,0.035287811
1581252363.0026767,b827ebfd7811,e78f135624ce,-57,11.694,5.486510545,1.71130789,0.014742105,-0.008515791,-0.998,0.090873675,0.012,0.035855262,0.011371052,-0.090873675,0.022773686
1581252363.455591,b827ebfd7811,e78f135624ce,-60,11.705982291,5.282937461,1.740858328,0.013088545,-0.005902601,-0.998991146,0.321795232,0.014973437,0.03182291,0.013973437,-0.321795232,0.015061981
1581252363.916865,b827ebfd7811,e78f135624ce,-62,11.69712126,4.927776641,1.712808136,0.031363779,0.000808136,-0.997313123,-0.204648555,0.009626247,-0.011798163,0.00893937,0.205648555,0.02893937
1581252364.827981,b827ebfd7811,e78f135624ce,-58,11.739,4.606490537,1.771155363,0.002,0.002801262,-0.999,0.657839115,0.015049685,-0.016347792,0.015049685,-0.657839115,0.004298107
1581252365.2811887,b827ebfd7811,e78f135624ce,-54,11.740951876,4.467975366,1.78518075,0.01118075,-0.000590375,-1.0,0.890253508,0.013,0.005361501,0.013,-0.890253508,0.003
1581252365.7349114,b827ebfd7811,e78f135624ce,-54,11.747468793,4.332202503,1.791171982,0.013531207,-0.002765604,-1.0,0.965343964,0.013,0.011765604,0.013,-0.965343964,0.003765604
1581252366.186701,b827ebfd7811,e78f135624ce,-54,11.747147824,4.231956473,1.800408705,0.013147824,-0.002147824,-1.0,0.988408705,0.011147824,0.012147824,0.011147824,-0.988408705,0.002295647
1581252366.6442263,b827ebfd7811,e78f135624ce,-60,11.741094793,4.178021362,1.802452603,0.011,-0.003452603,-1.0,0.996452603,0.010547397,0.011,0.010547397,-0.996452603,0.003452603
1581252368.0077312,b827ebfd7811,e78f135624ce,-53,11.729380652,4.116858044,1.803238696,0.009,-0.004,-1.0,1.0,0.009,0.009,0.009,-1.0,0.004
1581252368.4676368,b827ebfd7811,e78f135624ce,-55,11.73591202,4.106824041,1.79308798,0.01,-0.00791202,-1.0,1.0,0.009,0.01,0.009,-1.0,0.00791202
