1581252285.238887,000000000201,e78f135624ce,-79,11.74,4.288239277,1.792760723,0.036760723,-0.001,-0.999,0.999119638,0.018,0.035880362,0.018,-0.999880362,0.002119638
1581252285.6929069,000000000201,e78f135624ce,-86,11.673740012,4.251573312,1.75026668,0.003740012,0.01836666,-0.999,0.236873655,0.009526668,0.039946664,0.010526668,-0.237873655,0.017839992
1581252286.6030838,000000000201,e78f135624ce,-88,11.701805853,4.181776586,1.798640974,0.03,0.004,-0.999,0.922758042,0.013194147,0.034194147,0.014,-0.922952188,0.000194147
1581252287.5178943,000000000201,e78f135624ce,-84,11.73415701,4.133685981,1.806905794,0.038062804,-0.003031402,-0.999,0.991062804,0.009,0.038062804,0.009,-0.992062804,0.003062804
1581252287.9699001,000000000201,e78f135624ce,-84,11.736318142,4.127,1.818,0.036,0.000318142,-0.999,0.996681858,0.009,0.036318142,0.009,-0.997681858,-0.000318142
1581252288.4288826,000000000201,e78f135624ce,-88,11.738388876,4.123888994,1.819833373,0.036166627,-0.000388876,-0.999,0.998388876,0.010166627,0.036166627,0.010166627,-0.999,0.000388876
1581252289.338892,000000000201,e78f135624ce,-83,11.732969491,4.123030509,1.820615818,0.035,-3.0509e-05,-0.999,0.999,0.011323164,0.035,0.011323164,-1.0,0.001030509
1581252289.7919137,000000000201,e78f135624ce,-86,11.715336838,4.125457895,1.811,0.041457895,-0.005,-0.999,0.999,0.007,0.041457895,0.007,-1.0,0.005
1581252290.24191,000000000201,e78f135624ce,-75,11.647292855,4.123346616,1.816173308,0.049653384,-0.002826692,-0.999,0.999,0.007173308,0.049653384,0.007173308,-1.0,0.002826692
1581252290.6959,000000000201,e78f135624ce,-81,11.5562897,4.12,1.812418307,0.060418307,-0.005527231,-0.998,0.998,0.007527231,0.060418307,0.007527231,-1.0,0.005527231
1581252291.1499166,000000000201,e78f135624ce,-89,11.427237942,4.141476206,1.816119051,0.057285691,-0.005,-0.998119051,0.998,0.006119051,0.057285691,0.005238103,-1.0,0.006
1581252291.5999148,000000000201,e78f135624ce,-76,11.295220686,4.172986031,1.81756145,0.025013969,-0.00386313,-0.999,0.999,0.01171229,0.025013969,0.01171229,-1.0,0.00386313
1581252292.055886,000000000201,e78f135624ce,-84,11.148457746,4.19703615,1.836381534,0.004654617,0.003345383,-1.0,1.0,0.014345383,0.004654617,0.014,-1.0,-0.003345383
1581252292.5079002,000000000201,e78f135624ce,-73,10.989112864,4.217547244,1.849899387,-0.002849081,0.007949694,-1.0,1.0,0.017,-0.002849081,0.017,-1.0,-0.007949694
1581252292.9589138,000000000201,e78f135624ce,-74,10.820501984,4.230427125,1.842562748,-0.002854249,0.002281374,-1.0,1.0,0.019572875,-0.002854249,0.019572875,-1.0,-0.002281374
1581252293.4109197,000000000201,e78f135624ce,-78,10.568556461,4.21538893,1.83579631,-0.00940738,0.00740738,-1.0,-0.265774896,0.00338893,0.00761107,0.00338893,0.265774896,0.00720369
1581252293.860909,000000000201,e78f135624ce,-80,10.339765491,4.202588275,1.831392183,-0.021019542,0.01,-1.0,-0.763116587,-0.003,0.020823451,-0.002803908,0.763116587,0.009803908
1581252294.7639084,000000000201,e78f135624ce,-75,10.013130873,4.19200409,1.836987731,-0.001040898,0.01100409,-0.999,0.245858948,0.00699182,0.03100818,0.007987731,-0.245858948,-0.00199182
1581252295.2158954,000000000201,e78f135624ce,-78,9.857803901,4.17012026,1.83074684,0.0341329,0.00237342,-0.999,0.755499818,0.01262658,0.04425316,0.01262658,-0.756499818,0.001
1581252295.6659002,000000000201,e78f135624ce,-79,9.690625907,4.15478999,1.824,0.048968008,-0.001757998,-0.998757998,0.921324044,0.013242002,0.052484004,0.013242002,-0.922324044,0.003
1581252296.117887,000000000201,e78f135624ce,-82,9.518759118,4.142551765,1.821275882,0.055862059,-0.001862059,-0.998,0.973758529,0.015,0.056862059,0.014137941,-0.974896471,0.003
1581252297.0289207,000000000201,e78f135624ce,-83,9.092230172,4.141366595,1.797959267,-0.021529526,0.014,-0.998,-0.441191381,0.004959267,0.053162931,0.005959267,0.441232114,0.015
1581252297.4789515,000000000201,e78f135624ce,-76,8.86527116,4.158624591,1.794350163,-0.038873774,0.011624591,-0.998,-0.600103349,0.004025245,0.060324918,0.004350163,0.601103349,0.014324918
1581252297.932928,000000000201,e78f135624ce,-83,8.66968282,4.142536564,1.791692687,-0.023419472,0.009614626,-0.998,-0.501960532,0.005692687,0.058731718,0.006039031,0.502614188,0.014653656
1581252298.3919716,000000000201,e78f135624ce,-81,8.445664561,4.154376582,1.796838608,-0.042322784,0.010107595,-0.998,-0.755604426,-0.000107595,0.062,0.000892405,0.756604426,0.013053797
1581252299.3029594,000000000201,e78f135624ce,-79,8.021258825,4.195518535,1.791740733,-0.057481465,0.012259267,-0.998,-0.97307414,-0.004259267,0.059222198,-0.004,0.974814872,0.013
1581252299.7559059,000000000201,e78f135624ce,-76,7.829841378,4.200572288,1.792572288,-0.046427712,0.009285141,-0.999,-0.990572288,-0.003285141,0.047285141,-0.003142571,0.991572288,0.009427712
1581252300.2149048,000000000201,e78f135624ce,-83,7.623730011,4.214794258,1.790084074,-0.04,0.01,-0.999,-0.996542037,-0.00337389,0.04,-0.002915926,0.997542037,0.01
1581252300.669926,000000000201,e78f135624ce,-74,7.429217474,4.225196046,1.796196046,-0.035,0.007196046,-0.999,-0.998196046,-0.003196046,0.035,-0.003196046,0.999,0.008
1581252301.1209102,000000000201,e78f135624ce,-75,7.231784487,4.209392163,1.788411755,-0.030803918,0.011392163,-0.999,-0.999,-0.003392163,0.030803918,-0.003196082,0.999803918,0.011392163
1581252302.4779325,000000000201,e78f135624ce,-80,6.860805764,4.19522826,1.780422496,-0.002504253,0.003926749,-0.999,0.397388472,0.01135775,0.01835775,0.01235775,-0.397388472,0.006431002
1581252302.9359124,000000000201,e78f135624ce,-75,6.771748465,4.218190184,1.781595092,-0.009319018,-0.003361963,-0.999,0.722159513,0.013638037,-0.001276074,0.014319018,-0.722159513,0.005361963
1581252303.38693,000000000201,e78f135624ce,-86,6.657752323,4.251560592,1.762688412,-0.012561919,-0.008812251,-0.999,0.910997346,0.015,-0.010499336,0.015,-0.911059929,0.009812251
1581252303.8459277,000000000201,e78f135624ce,-73,6.4483842,4.265425613,1.753042051,-0.023382924,-0.005787193,-0.999,0.460855691,0.010425613,0.001340236,0.010425613,-0.460855691,0.012042689
1581252304.760929,000000000201,e78f135624ce,-78,6.063325768,4.152143233,1.728960698,-0.006519651,0.016519651,-0.999,-0.213277745,-0.00010393,0.00989607,0.00079214,0.213277745,0.020519651
1581252305.222625,000000000201,e78f135624ce,-79,5.92376869,4.487501625,1.760274005,-0.113409207,0.014181499,-0.969131688,-0.370868312,0.000202846,0.077903892,-0.003007116,0.384498199,0.011978652
1581252305.6789188,000000000201,e78f135624ce,-76,5.876756446,4.815969015,1.827265222,-0.135656338,0.002530444,-0.958182665,-0.482783314,-0.001795666,0.116512893,-0.007530444,0.513661538,0.003530444
1581252306.5899208,000000000201,e78f135624ce,-78,5.819416958,4.304912587,1.815903846,-0.022017483,0.015026224,-0.995504371,-0.667454548,-0.009504371,0.017026224,-0.01,0.670445806,0.013530595
1581252307.0419228,000000000201,e78f135624ce,-78,5.803931975,4.776830083,1.83557147,-0.172415042,0.002476177,-0.950884328,-0.59213605,-0.003931975,0.16700689,-0.011795924,0.639251723,0.004476177
1581252307.4999237,000000000201,e78f135624ce,-79,5.79601382,4.561299614,1.794260365,-0.080177446,0.014246545,-0.982767275,-0.475175236,-0.004246545,0.071191266,-0.005739635,0.491161416,0.015739635
1581252307.95793,000000000201,e78f135624ce,-79,5.796174505,5.289416897,1.868185997,-0.264708448,-0.004639498,-0.923430517,-0.491638433,-0.001,0.207882954,-0.011185997,0.54947542,-0.004639498
1581252308.4089425,000000000201,e78f135624ce,-77,5.785207179,4.822609259,1.823378464,-0.088617444,0.010689232,-0.975621536,-0.508194902,-0.002896411,0.074617444,-0.005792821,0.526573366,0.010103589
1581252309.317935,000000000201,e78f135624ce,-82,5.795131499,4.525823503,1.753262998,-0.025259502,0.0216955,-0.9963045,-0.316647006,0.004391,0.026259502,0.004391,0.318342506,0.021173001
1581252309.7679393,000000000201,e78f135624ce,-79,5.806492286,4.537461431,1.781680925,-0.008,0.018238429,-0.997,-0.177111501,0.004126928,0.011634642,0.004126928,0.178111501,0.011603787
1581252310.2224712,000000000201,e78f135624ce,-73,5.817233173,4.589632212,1.751440384,0.004580288,0.022046635,-0.997476683,-0.345989422,-0.002953365,-0.014523317,-0.002430048,0.345466104,0.022139904
1581252310.6731393,000000000201,e78f135624ce,-78,5.866150732,4.780041342,1.762,-0.021568476,0.011424634,-0.998143841,0.032760549,0.003,-0.01299311,0.003,-0.033760549,0.012856159
1581252311.1299832,000000000201,e78f135624ce,-74,5.882426644,4.886980968,1.747872321,0.007146711,0.013573356,-0.998203806,-0.024646341,0.001815225,-0.014961936,0.001815225,0.024646341,0.019165743
1581252311.582969,000000000201,e78f135624ce,-78,5.879191184,5.002036389,1.726705791,0.025742696,-0.001,-0.996404408,-0.081558687,0.000808816,-0.028,-0.000191184,0.082558687,0.030360328
1581252311.58595,000000000201,e78f135624ce,-75,5.879141502,5.004495673,1.727301981,0.02541976,-0.001,-0.996429249,-0.082452972,0.000858498,-0.028,-0.000141502,0.083452972,0.030136757
1581252312.0409415,000000000201,e78f135624ce,-84,5.898,5.225787897,1.78,0.010162536,0.001891643,-0.998,0.358575793,0.010891643,-0.004945821,0.010891643,-0.358575793,0.005891643
1581252312.497942,000000000201,e78f135624ce,-83,5.892684525,5.453842262,1.81522718,-0.011457345,0.005315475,-0.994719246,0.606842262,0.015561508,-0.021176591,0.013,-0.608842262,-0.003596229
1581252313.4089158,000000000201,e78f135624ce,-76,5.838965571,5.818028245,1.60447892,-0.015998454,-0.061829399,-0.992931141,0.59671838,0.010137718,-0.031826307,0.011068859,-0.592787239,0.06576054
1581252313.8659153,000000000201,e78f135624ce,-74,5.835036883,6.101841555,1.708759491,-0.029483633,-0.024520516,-0.989642078,0.666062855,0.008642078,-0.0407787,0.010678961,-0.663704933,0.017409866
1581252314.318929,000000000201,e78f135624ce,-93,5.839862224,6.340555593,1.716,-0.018,-0.018850368,-0.994287408,0.260199932,-0.002724447,-0.042137776,-0.000724447,-0.259199932,0.022574816
1581252314.769981,000000000201,e78f135624ce,-68,5.842777552,6.641212288,1.74188776,-0.030777552,-0.01111224,-0.996888776,0.044676488,-0.004111224,-0.016222448,-0.004,-0.044676488,0.015333672
1581252315.2259357,000000000201,e78f135624ce,-75,5.833549967,6.92614759,1.769249505,-0.032099934,-0.002900066,-0.998,0.01429386,-0.004800132,-0.011299802,-0.004800132,-0.014743893,0.009350099
1581252315.6769466,000000000201,e78f135624ce,-75,5.830173128,7.182558156,1.741423798,-0.02071056,0.014095587,-0.998,-0.248839563,-0.010480615,-0.011519385,-0.010307486,0.248012691,0.02196123
1581252316.1379468,000000000201,e78f135624ce,-90,5.839175345,7.335165779,1.774213248,-0.00190046,0.011587673,-0.999,0.047336159,-0.002412327,-0.024175345,-0.002412327,-0.047336159,0.007962097
1581252316.5969486,000000000201,e78f135624ce,-74,5.862432054,7.599323996,1.796090595,-0.034954703,0.006567946,-0.998,0.533547026,0.005,-0.044567946,0.005,-0.534547026,0.001954703
1581252317.0479362,000000000201,e78f135624ce,-77,5.901222484,7.814748087,1.820762801,-0.029872866,0.007222484,-0.999,0.823525603,0.011031783,-0.031841083,0.011031783,-0.824525603,-0.004254267
1581252317.4989576,000000000201,e78f135624ce,-76,5.92375126,8.034482181,1.838725882,-0.015949244,0.008350252,-0.999675126,0.943152268,0.012675126,-0.016949244,0.012675126,-0.943827394,-0.007350252
1581252317.9559505,000000000201,e78f135624ce,-76,5.924839662,8.277075943,1.831415189,-0.021103797,0.004839662,-0.999,0.884509701,0.011,-0.024735865,0.011,-0.884877633,-0.003207594
1581252318.4136076,000000000201,e78f135624ce,-72,5.900869033,8.550845765,1.841,-0.048261933,0.005,-0.998,0.962654833,0.014934517,-0.05019645,0.014934517,-0.96458935,-0.005065483
1581252318.867447,000000000201,e78f135624ce,-71,5.913,8.791104857,1.87094659,-0.051,0.013318497,-0.998,0.986654798,0.015991098,-0.051,0.015991098,-0.987991098,-0.014318497
1581252319.3238156,000000000201,e78f135624ce,-71,5.942267051,9.001488943,1.894068203,-0.052465899,0.016267051,-0.998,0.994534101,0.009,-0.052465899,0.008732949,-0.996267051,-0.017267051
1581252319.3260512,000000000201,e78f135624ce,-83,5.942287375,9.002667742,1.894149499,-0.05242525,0.016287375,-0.998,0.99457475,0.009,-0.05242525,0.008712625,-0.996287375,-0.017287375
1581252319.7764573,000000000201,e78f135624ce,-68,5.942691643,9.214976947,1.9120317,-0.050414986,0.021723343,-0.998,0.997,0.008,-0.050414986,0.007,-0.998,-0.021723343
1581252320.2274663,000000000201,e78f135624ce,-79,5.955545545,9.471028368,1.910060727,-0.048545545,0.021030363,-0.998,0.998,0.009,-0.048545545,0.008,-0.999,-0.021545545
1581252320.6774502,000000000201,e78f135624ce,-70,5.956100079,9.737806151,1.878499606,-0.045300237,0.008899921,-0.998,0.998899921,0.010799842,-0.045300237,0.009899921,-1.0,-0.009899921
1581252321.589988,000000000201,e78f135624ce,-67,5.889379567,10.017832201,1.897248301,0.053109601,0.013445199,-0.995620433,-0.106964746,-0.008759133,-0.067591334,-0.008759133,0.110344313,-0.009897834
1581252322.0479944,000000000201,e78f135624ce,-80,5.87702962,10.225665761,1.915940761,0.031763043,0.005059239,-0.99602962,0.086689674,-0.000940761,-0.066881522,-0.000940761,-0.083719294,-0.013
1581252322.508966,000000000201,e78f135624ce,-71,5.869908491,10.520532564,1.917001649,0.01682028,0.002272877,-0.997,-0.031011541,-0.001818631,-0.047727123,-0.001545754,0.032284418,-0.013091509
1581252323.420987,000000000201,e78f135624ce,-73,5.843446026,11.065410336,1.915050361,0.00359711,0.005899277,-0.997050361,0.261625353,0.002848916,-0.018395664,0.002848916,-0.260625353,-0.011899277
1581252323.8749802,000000000201,e78f135624ce,-73,5.84336935,11.43137818,1.950261299,-0.014328831,0.016644156,-0.994671169,0.185761561,0.007328831,-0.008315325,0.005,-0.186761561,-0.01963065
1581252324.330991,000000000201,e78f135624ce,-77,5.842781632,11.618792862,1.868431121,-0.010781632,0.002086224,-0.997304592,0.277994385,0.009086224,-0.010867856,0.008086224,-0.278994385,0.007218368
1581252324.7819636,000000000201,e78f135624ce,-78,5.821575835,11.828362469,1.781535561,-0.017848329,-0.012712082,-0.998,0.143080549,0.006904027,-0.000232219,0.007808055,-0.143080549,0.027712082
1581252325.693973,000000000201,e78f135624ce,-71,5.844590245,12.173762387,1.769089201,-0.00518049,0.030728221,-0.994227178,-0.217511479,-0.000772822,0.018363067,0.002,0.217738657,0.026728221
1581252326.144958,000000000201,e78f135624ce,-73,5.865863555,12.425317775,1.799512952,-0.005461144,0.009649397,-0.997,0.036474992,0.002324699,0.018025904,0.002487048,-0.036474992,0.008324699
1581252326.6049404,000000000201,e78f135624ce,-70,5.88791819,12.537854658,1.792786336,0.01608181,-0.00383638,-0.998459095,0.020781546,0.002,0.014786336,0.002,-0.020781546,0.009377285
1581252327.056988,000000000201,e78f135624ce,-70,5.913023163,12.597254798,1.780115817,0.01306949,-0.010953673,-0.997023163,0.540344142,0.007953673,0.010953673,0.007953673,-0.542320979,0.01293051
1581252327.5159454,000000000201,e78f135624ce,-68,5.914,12.6890507,1.773774184,-0.000450078,-0.01452535,-0.999,0.63190482,0.007725039,-0.005,0.007725039,-0.632179781,0.014800311
1581252327.9669552,000000000201,e78f135624ce,-69,5.914,12.738126197,1.719123586,-0.003,-0.030125326,-0.999,0.831755439,0.008,-0.005,0.008375109,-0.831130548,0.030750218
1581252328.4169722,000000000201,e78f135624ce,-69,5.956945738,12.604397924,1.72992765,0.051782951,-0.020018087,-0.997018087,0.942317868,0.012,0.050746776,0.011981913,-0.94529978,0.021018087
1581252328.8749661,000000000201,e78f135624ce,-71,5.936588528,12.69749277,1.701100498,0.009459351,-0.030846883,-0.998358853,0.80403342,0.009641147,0.005741645,0.009641147,-0.804392273,0.030846883
1581252329.3320343,000000000201,e78f135624ce,-72,5.906247427,12.810250858,1.721769729,-0.021745711,-0.01974228,-0.998250858,0.533567296,0.004498284,-0.028749142,0.005498284,-0.534567296,0.018993138
1581252329.7930496,000000000201,e78f135624ce,-67,5.906649525,12.601451363,1.835165737,0.071464787,0.020371437,-0.985314281,0.372950537,0.001,0.061114312,0.00929905,-0.384811494,-0.019459056
1581252330.2469802,000000000201,e78f135624ce,-67,5.898325995,12.682298052,1.813232007,0.020745978,0.0,-0.994116003,0.12239204,0.001,0.006745978,0.004441998,-0.12639204,0.001441998
1581252330.6979713,000000000201,e78f135624ce,-67,5.909086065,12.70699112,1.79099112,0.016094946,-0.009913935,-0.997181011,0.120163251,-0.001,-0.004086065,-0.0,-0.12198224,0.011094946
1581252331.153969,000000000201,e78f135624ce,-82,5.946758778,12.790323421,1.80155886,-0.01927055,0.001147047,-0.998,0.018676988,-0.002658819,0.004758778,-0.001829409,-0.018676988,0.008805866
1581252331.6071944,000000000201,e78f135624ce,-74,6.01967165,12.912232029,1.824835825,-0.06043962,0.000681139,-0.996,-0.299932146,-0.00443962,0.048637723,-0.00443962,0.302371766,0.006120759
1581252332.065984,000000000201,e78f135624ce,-86,6.1099442,12.812329,1.842443,-0.0021164,-0.017,-0.994,-0.1868706,-0.0039038,0.0481544,-0.005,0.1869668,0.0037114
1581252332.5230885,000000000201,e78f135624ce,-82,6.248112207,12.658497249,1.918083065,0.049018586,-0.005205828,-0.985135154,-0.236135154,-0.005517669,0.024305645,-0.001205828,0.238135154,-0.017694355
1581252332.5259964,000000000201,e78f135624ce,-72,6.249029342,12.652793117,1.919559429,0.050964701,-0.005093983,-0.984844355,-0.235844355,-0.005562407,0.023813524,-0.001093983,0.237844355,-0.018186476
1581252332.9749913,000000000201,e78f135624ce,-73,6.404442835,12.705331402,1.840721417,-0.007943704,0.019722576,-0.991388857,-0.689723156,-0.01183343,0.036888567,-0.010222287,0.690500869,0.012722576
1581252334.3389957,000000000201,e78f135624ce,-74,6.94394264,12.78944546,1.845376823,-0.006199106,0.008560179,-0.995712036,0.208539957,0.003575928,0.003649038,0.003575928,-0.207115885,0.00401575
1581252334.7979784,000000000201,e78f135624ce,-79,7.135166831,12.845198819,1.829850886,-0.023149114,0.003,-0.997,-0.372667322,-0.002850886,-0.001298228,-0.002850886,0.372667322,0.007049705
1581252335.257986,000000000201,e78f135624ce,-81,7.33070376,12.784570649,1.830213311,-0.000570649,0.001072013,-0.999,-0.218955276,-0.008357338,-0.008786689,-0.008357338,0.218955276,0.008714676
1581252335.711039,000000000201,e78f135624ce,-78,7.543639651,12.797747746,1.857,-0.009873873,-0.008718468,-0.999,-0.185186913,-0.007718468,0.002592341,-0.007718468,0.185468444,-0.001718468
1581252336.164977,000000000201,e78f135624ce,-75,7.756637723,12.790369144,1.858448001,-0.007684572,-0.005921143,-0.999,-0.279576032,-0.008842286,0.002526858,-0.008921143,0.279576032,0.000157714
1581252336.6170425,000000000201,e78f135624ce,-78,7.931823085,12.774565384,1.844565384,-0.001565384,-0.007,-1.0,0.560035917,-0.001043589,0.002478205,-0.001043589,-0.560035917,0.005478205
1581252337.0780032,000000000201,e78f135624ce,-74,8.133151489,12.762753397,1.834630095,0.002876698,-0.005753397,-1.0,0.861685458,0.004123302,0.003876698,0.004123302,-0.861685458,0.004876698
1581252337.5360126,000000000201,e78f135624ce,-74,8.341426011,12.752609157,1.828203052,-0.003390843,-0.001203052,-1.0,0.955954213,0.007,-0.002593895,0.007,-0.955954213,0.000406105
1581252337.9870229,000000000201,e78f135624ce,-75,8.556821253,12.748105958,1.825552979,-0.012,0.001,-1.0,0.985788084,0.011,-0.012,0.011,-0.985788084,-0.001447021
1581252338.44103,000000000201,e78f135624ce,-72,8.774347047,12.743762998,1.824,-0.009644498,0.000881499,-1.0,0.995237002,0.012,-0.009644498,0.012,-0.995237002,-0.001
1581252339.3450625,000000000201,e78f135624ce,-83,9.225373507,12.715608068,1.833443227,0.015113546,0.008721614,-0.999721614,0.720685257,0.007443227,-0.003113546,0.007443227,-0.720685257,-0.002886454
1581252339.797964,000000000201,e78f135624ce,-79,9.450142262,12.697506951,1.838746525,0.011253475,0.006126738,-1.0,0.841902689,0.008,0.000873262,0.008,-0.841902689,-0.003
1581252340.2579963,000000000201,e78f135624ce,-76,9.689343997,12.695697454,1.841224,0.011736727,0.003829091,-0.999,0.584829091,0.007,-0.015131636,0.006565818,-0.584263273,3.9273e-05
1581252340.7176368,000000000201,e78f135624ce,-73,9.943152056,12.705042886,1.854233918,0.017276804,0.001510721,-0.999,0.176921986,0.004233918,-0.027510721,0.004233918,-0.175921986,-0.003978557
1581252341.170037,000000000201,e78f135624ce,-73,10.2139982,12.729279856,1.845240048,0.017480096,0.006879976,-0.999879976,-0.625036808,-0.000879976,-0.02060012,-0.000879976,0.625156832,0.004879976
1581252341.6270118,000000000201,e78f135624ce,-81,10.473021662,12.744564296,1.840478568,0.004435704,0.007,-1.0,-0.879814411,-0.004,-0.004914273,-0.004,0.880292979,0.007
1581252342.077005,000000000201,e78f135624ce,-84,10.730434238,12.755209415,1.836,0.001,0.005895292,-1.0,-0.961151783,-0.007,-0.001,-0.007,0.961151783,0.005
1581252342.5320208,000000000201,e78f135624ce,-78,10.968034816,12.75950373,1.832249378,0.002498757,0.001498757,-1.0,-0.572337109,-0.002748135,-0.000251865,-0.002748135,0.572087731,0.007750622
1581252342.987012,000000000201,e78f135624ce,-84,11.185455185,12.77,1.842786801,0.008191201,0.0035956,-0.9995956,-0.191876431,0.0024044,-0.020021999,0.002,0.192280831,0.004808799
1581252343.4400198,000000000201,e78f135624ce,-78,11.389974442,12.765085845,1.849085845,0.001828309,0.008,-0.999,-0.087609111,0.004042923,-0.032128768,0.004042923,0.087609111,0.004957077
1581252343.8960233,000000000201,e78f135624ce,-74,11.536755557,12.750600694,1.829561111,0.003039583,0.000640278,-0.999,-0.030072225,0.005,-0.027640278,0.005,0.030072225,0.013039583
1581252344.8049984,000000000201,e78f135624ce,-82,11.67834635,12.744491606,1.808871533,-0.000636861,-0.002636861,-0.999,0.024424453,0.003072628,-0.023782117,0.003,-0.024424453,0.014709489
1581252345.2560468,000000000201,e78f135624ce,-82,11.714957395,12.733144249,1.796085211,-0.003101643,-0.011406573,-0.999,0.397206931,0.006550822,-0.017347535,0.006550822,-0.397206931,0.01830493
1581252345.7070773,000000000201,e78f135624ce,-81,11.742044801,12.713129333,1.746258666,-0.006174133,-0.0285224,-0.999,0.808403206,0.008,-0.010825867,0.008,-0.808403206,0.031174133
1581252346.167022,000000000201,e78f135624ce,-77,11.758564552,12.700435448,1.716016046,-0.007,-0.034,-0.999,0.939951863,0.008,-0.009,0.009,-0.938951863,0.034854851
1581252346.6230512,000000000201,e78f135624ce,-77,11.76288384,12.705348479,1.74788384,0.003651521,-0.01511616,-0.999,0.337083184,0.00711616,-0.01167424,0.00711616,-0.337083184,0.023
1581252346.6260467,000000000201,e78f135624ce,-75,11.762938304,12.705185089,1.747938304,0.003814911,-0.015061696,-0.999,0.332589943,0.007061696,-0.011592544,0.007061696,-0.332589943,0.023
1581252347.075744,000000000201,e78f135624ce,-86,11.758988146,12.73609483,1.790047415,-0.005,0.001,-0.999,0.136921309,0.006988146,-0.024059269,0.006988146,-0.136921309,0.009011854
1581252347.5280252,000000000201,e78f135624ce,-77,11.765353121,12.640713971,1.838444867,0.033102539,0.01571164,-0.993652275,0.184469519,0.004994603,0.007450263,0.009005397,-0.187811847,-0.006380105
1581252348.4411814,000000000201,e78f135624ce,-79,11.778662924,12.403725548,1.84071432,0.058288922,-0.022589072,-0.991903693,0.210353047,0.009096307,-0.001940618,0.012903693,-0.210256739,-0.015881237
1581252348.899031,000000000201,e78f135624ce,-75,11.7756781,12.271438001,1.729540901,0.039540901,-0.0426438,-0.9946781,0.228897101,0.0103219,0.0019314,0.01,-0.227219001,0.0353905
1581252349.81005,000000000201,e78f135624ce,-88,11.756110692,12.009091839,1.665442769,0.030667924,-0.047110692,-0.995,0.239660382,0.010889308,0.016446539,0.008,-0.23854969,0.047221384
1581252350.264039,000000000201,e78f135624ce,-78,11.758787734,11.871554231,1.685978762,0.025676888,-0.037172175,-0.997464622,0.25381374,0.011,0.013818399,0.009,-0.25281374,0.03524293
1581252350.7210555,000000000201,e78f135624ce,-79,11.757590529,11.619211701,1.734472145,0.055842618,-0.028771588,-0.994795265,-0.018441503,0.005590529,-0.017456824,0.004590529,0.020646238,0.011866295
1581252351.181061,000000000201,e78f135624ce,-85,11.761665528,11.463344718,1.747662113,0.035891925,-0.008557453,-0.997,-0.060536961,0.006111491,-0.024777019,0.006,0.061536961,0.013334472
1581252351.6430235,000000000201,e78f135624ce,-76,11.765714589,11.318710345,1.747429885,0.016856941,-0.009570822,-0.99857153,0.081562335,0.00857153,-0.018143059,0.008,-0.080562335,0.015713882
1581252352.0950294,000000000201,e78f135624ce,-75,11.762941063,11.182533736,1.780798953,0.001514734,-0.002313688,-0.999,0.02019058,0.007656844,-0.020171578,0.006828422,-0.02019058,0.008514734
1581252352.5480034,000000000201,e78f135624ce,-87,11.71905037,10.998624988,1.805186568,-0.004610074,-0.002813432,-0.999,-0.300054123,-0.000779852,-0.012220148,-0.000779852,0.300054123,0.004796642
1581252353.0030441,000000000201,e78f135624ce,-74,11.725762022,10.770123552,1.793549199,0.004647596,0.001647596,-0.999,0.025240436,-0.004098397,-0.007549199,-0.004098397,-0.025240436,0.011098397
1581252353.4600272,000000000201,e78f135624ce,-76,11.765719415,10.608844195,1.789760195,0.009880098,-0.005239805,-1.0,0.695191707,-0.001119902,0.006,-0.001119902,-0.695191707,0.009119902
1581252353.9150302,000000000201,e78f135624ce,-70,11.780264758,10.427989273,1.795774597,0.012,-0.005490161,-1.0,0.902667259,-0.001245081,0.010754919,-0.001490161,-0.902912339,0.007245081
1581252354.8250105,000000000201,e78f135624ce,-80,11.771995246,10.013686205,1.794985737,0.000985737,-0.009009509,-1.0,0.990014263,0.003,0.000985737,0.003,-0.990014263,0.009009509
1581252355.2750154,000000000201,e78f135624ce,-74,11.761900946,9.777191545,1.788,-0.004,-0.012380189,-1.0,0.996619811,0.003619811,-0.004,0.003619811,-0.996619811,0.012380189
1581252356.186063,000000000201,e78f135624ce,-83,11.76530193,9.319350738,1.814603859,0.003930193,-0.002558456,-1.0,0.999930193,0.008720772,0.003930193,0.008720772,-0.999,0.002558456
1581252356.6371553,000000000201,e78f135624ce,-75,11.782437691,9.122642324,1.84047923,0.00447923,0.004,-1.0,1.0,0.01347923,0.00447923,0.01347923,-1.0,-0.004
1581252357.5540447,000000000201,e78f135624ce,-75,11.795434218,8.655546297,1.817651327,0.023,-0.002,-1.0,1.0,0.008217109,0.023,0.008217109,-1.0,0.002
1581252358.0080423,000000000201,e78f135624ce,-81,11.796091394,8.407107406,1.819091394,0.017637091,-0.001,-1.0,1.0,0.009545697,0.017637091,0.009545697,-1.0,0.001
1581252358.4640405,000000000201,e78f135624ce,-82,11.799,8.15375971,1.830560018,0.010579987,0.005140004,-1.0,1.0,0.008280009,0.010579987,0.008280009,-1.0,-0.005
1581252358.9170427,000000000201,e78f135624ce,-83,11.783498131,7.905928962,1.827762151,-0.002252804,0.009,-1.0,0.667479436,0.007,-0.001754674,0.007,-0.667728502,-0.001003739
1581252359.372064,000000000201,e78f135624ce,-83,11.762947773,7.61958475,1.833,-0.007657962,0.01,-0.999342038,0.46893448,0.006657962,-0.005947773,0.006657962,-0.46893448,0.000684076
1581252361.1920714,000000000201,e78f135624ce,-74,11.727309211,6.568070198,1.813061409,-0.004515352,0.002824563,-0.998,0.085513185,0.005,0.021072366,0.005,-0.085513185,0.023278507
1581252361.6460338,000000000201,e78f135624ce,-77,11.715973436,6.311397601,1.745380463,-0.007460154,-0.022026564,-0.997,-0.033203941,0.006,0.026592973,0.005,0.03469066,0.037
1581252362.0990827,000000000201,e78f135624ce,-82,11.697901795,6.052137043,1.64765775,0.010196409,-0.052827409,-0.995,0.332818611,0.008633932,0.033755955,0.007633932,-0.330062656,0.058755955
1581252362.549038,000000000201,e78f135624ce,-84,11.689455353,5.706160811,1.67118303,0.04126788,-0.012910707,-0.995727677,0.325709902,0.009455353,0.035544647,0.009455353,-0.326709902,0.035272323
1581252363.0050433,000000000201,e78f135624ce,-82,11.694,5.485309071,1.711617361,0.014778513,-0.008442974,-0.998,0.091456208,0.012,0.035946283,0.011389257,-0.091456208,0.022664461
1581252363.4571013,000000000201,e78f135624ce,-77,11.705959054,5.281543264,1.740672435,0.013204728,-0.005774799,-0.998979527,0.318902272,0.014938582,0.031590544,0.013938582,-0.318902272,0.01514331
1581252364.3730521,000000000201,e78f135624ce,-85,11.71260884,4.662921103,1.747539448,0.02839116,0.009356464,-0.998,-0.079355997,0.008965304,-0.029138784,0.008643536,0.080034229,0.012712928
1581252364.3760314,000000000201,e78f135624ce,-84,11.712732977,4.662374902,1.747812549,0.028267023,0.009306809,-0.998,-0.071436074,0.009039786,-0.028840855,0.008693191,0.072089479,0.012613618
1581252364.8301144,000000000201,e78f135624ce,-86,11.739,4.605998221,1.771434341,0.002,0.002866904,-0.999,0.65987402,0.015033274,-0.016232918,0.015033274,-0.65987402,0.004199644
1581252365.285072,000000000201,e78f135624ce,-87,11.741101236,4.466810358,1.785240494,0.011240494,-0.000620247,-1.0,0.8913289,0.013,0.005480989,0.013,-0.8913289,0.003
1581252365.737042,000000000201,e78f135624ce,-83,11.74750157,4.331727237,1.791253925,0.01349843,-0.002749215,-1.0,0.965507849,0.013,0.011749215,0.013,-0.965507849,0.003749215
1581252366.189052,000000000201,e78f135624ce,-82,11.747128232,4.231564631,1.800487074,0.013128232,-0.002128232,-1.0,0.988487074,0.011128232,0.012128232,0.011128232,-0.988487074,0.002256463
1581252367.1021073,000000000201,e78f135624ce,-78,11.737930297,4.152442377,1.804,0.007069703,-0.004,-1.0,0.999,0.007069703,0.007069703,0.007069703,-0.999,0.004
1581252367.5551007,000000000201,e78f135624ce,-87,11.73756199,4.127123979,1.79743801,0.009,-0.006280995,-1.0,0.999719005,0.009280995,0.009,0.009,-0.999719005,0.006280995
1581252368.0101113,000000000201,e78f135624ce,-86,11.729397653,4.116807041,1.803204694,0.009,-0.004,-1.0,1.0,0.009,0.009,0.009,-1.0,0.004
1581252368.4700909,000000000201,e78f135624ce,-82,11.73589566,4.10679132,1.79310434,0.01,-0.00789566,-1.0,1.0,0.009,0.01,0.009,-1.0,0.00789566
