1581252284.7823427,b827ebf7d096,e78f135624ce,-90,11.737232522,4.283930088,1.786465044,0.037534956,-0.004534956,-0.999,0.999,0.018,0.036767478,0.018,-0.999767478,0.005534956
1581252285.236212,b827ebf7d096,e78f135624ce,-81,11.74,4.288280431,1.792719569,0.036719569,-0.001,-0.999,0.999140216,0.018,0.035859784,0.018,-0.999859784,0.002140216
1581252285.6902177,b827ebf7d096,e78f135624ce,-84,11.673553842,4.251904281,1.750059825,0.003553842,0.018470088,-0.999,0.23192981,0.009505982,0.039988035,0.010505982,-0.23292981,0.017964105
1581252286.1447423,b827ebf7d096,e78f135624ce,-91,11.692290033,4.211274919,1.772870098,0.022290033,0.003854984,-0.999,0.756861108,0.012,0.033854984,0.012854984,-0.757006124,0.007709967
1581252286.6002018,b827ebf7d096,e78f135624ce,-89,11.701779653,4.181881387,1.798457573,0.03,0.004,-0.999,0.92205064,0.013220347,0.034220347,0.014,-0.922270987,0.000220347
1581252287.0591187,b827ebf7d096,e78f135624ce,-81,11.719624681,4.160375319,1.803624681,0.032,-0.001,-0.999,0.974249362,0.012187659,0.03359383,0.012187659,-0.975249362,0.00259383
1581252287.514877,b827ebf7d096,e78f135624ce,-82,11.734019865,4.133960271,1.806988081,0.038007946,-0.003003973,-0.999,0.991007946,0.009,0.038007946,0.009,-0.992007946,0.003007946
1581252287.9667358,b827ebf7d096,e78f135624ce,-84,11.736340744,4.127,1.818,0.036,0.000340744,-0.999,0.996659256,0.009,0.036340744,0.009,-0.997659256,-0.000340744
1581252288.425702,b827ebf7d096,e78f135624ce,-87,11.738366158,4.124070737,1.819901526,0.036098474,-0.000366158,-0.999,0.998366158,0.010098474,0.036098474,0.010098474,-0.999,0.000366158
1581252288.885733,b827ebf7d096,e78f135624ce,-81,11.737080664,4.113241991,1.814241991,0.037919336,-0.001919336,-0.999,0.999,0.010080664,0.037919336,0.010080664,-1.0,0.001919336
1581252289.3390906,b827ebf7d096,e78f135624ce,-77,11.732964075,4.123035925,1.820606791,0.035,-3.5925e-05,-0.999,0.999,0.011321358,0.035,0.011321358,-1.0,0.001035925
1581252289.7936237,b827ebf7d096,e78f135624ce,-83,11.715108846,4.125486394,1.811,0.041486394,-0.005,-0.999,0.999,0.007,0.041486394,0.007,-1.0,0.005
1581252290.24237,b827ebf7d096,e78f135624ce,-80,11.647225637,4.123339541,1.81616977,0.049660459,-0.00283023,-0.999,0.999,0.00716977,0.049660459,0.00716977,-1.0,0.00283023
1581252291.146843,b827ebf7d096,e78f135624ce,-77,11.428183692,4.141381631,1.816095408,0.057427554,-0.005,-0.998095408,0.998,0.006095408,0.057427554,0.005190815,-1.0,0.006
1581252291.5973742,b827ebf7d096,e78f135624ce,-77,11.296046378,4.17283783,1.817455593,0.02516217,-0.003926644,-0.999,0.999,0.011691119,0.02516217,0.011691119,-1.0,0.003926644
1581252292.0517542,b827ebf7d096,e78f135624ce,-77,11.15000717,4.196932855,1.836243807,0.004689048,0.003310952,-1.0,1.0,0.014310952,0.004689048,0.014,-1.0,-0.003310952
1581252292.5048532,b827ebf7d096,e78f135624ce,-91,10.990097275,4.217336298,1.849852511,-0.002778766,0.007926255,-1.0,1.0,0.017,-0.002778766,0.017,-1.0,-0.007926255
1581252292.9563203,b827ebf7d096,e78f135624ce,-91,10.82145959,4.230447075,1.842682449,-0.00289415,0.002341224,-1.0,1.0,0.019552925,-0.00289415,0.019552925,-1.0,-0.002341224
1581252293.4078205,b827ebf7d096,e78f135624ce,-78,10.570129901,4.21546045,1.83582015,-0.0093597,0.0073597,-1.0,-0.260768496,0.00346045,0.00753955,0.00346045,0.260768496,0.00717985
1581252293.858474,b827ebf7d096,e78f135624ce,-88,10.340982977,4.202649149,1.831432766,-0.020918085,0.01,-1.0,-0.761472981,-0.003,0.020701702,-0.002783617,0.761472981,0.009783617
1581252294.3122053,b827ebf7d096,e78f135624ce,-78,10.135505615,4.194203912,1.826398044,-0.039592177,0.011601956,-0.999,-0.922155016,-0.004796088,0.038592177,-0.003796088,0.923155016,0.011601956
1581252294.7648647,b827ebf7d096,e78f135624ce,-78,10.012861997,4.191978769,1.837003539,-0.000957538,0.010996461,-0.999,0.247718322,0.007007077,0.031014154,0.008003539,-0.247718322,-0.002007077
1581252295.21681,b827ebf7d096,e78f135624ce,-82,9.857487318,4.170099155,1.83073277,0.034168076,0.002366385,-0.999,0.756055597,0.012633615,0.04426723,0.012633615,-0.757055597,0.001
1581252295.6672163,b827ebf7d096,e78f135624ce,-77,9.690150097,4.154739372,1.824,0.049008502,-0.001747874,-0.998747874,0.921546763,0.013252126,0.052504251,0.013252126,-0.922546763,0.003
1581252296.1176436,b827ebf7d096,e78f135624ce,-75,9.518858516,4.142559879,1.821279939,0.05586003,-0.00186003,-0.998,0.973740273,0.015,0.05686003,0.01413997,-0.974880242,0.003
1581252296.571229,b827ebf7d096,e78f135624ce,-83,9.332351969,4.134298583,1.819447874,0.044366142,0.000552126,-0.998425354,0.760584729,0.011873228,0.052873228,0.011873228,-0.762159374,0.004701417
1581252297.0262175,b827ebf7d096,e78f135624ce,-83,9.093901236,4.141145425,1.797983842,-0.021210058,0.014,-0.998,-0.43745606,0.004983842,0.053064633,0.005983842,0.437472219,0.015
1581252297.4764738,b827ebf7d096,e78f135624ce,-82,8.866102941,4.158713079,1.794314768,-0.039139236,0.011713079,-0.998,-0.604793175,0.003972153,0.060342616,0.004314768,0.605793175,0.014342616
1581252297.929967,b827ebf7d096,e78f135624ce,-92,8.670740376,4.142748075,1.791650385,-0.023821343,0.00969923,-0.998,-0.506359964,0.005650385,0.058625962,0.005975577,0.507034772,0.014674808
1581252298.3885872,b827ebf7d096,e78f135624ce,-83,8.447163344,4.154207364,1.79691113,-0.042177741,0.010059247,-0.998,-0.753984774,-5.9247e-05,0.062,0.000940753,0.754984774,0.013029623
1581252298.842796,b827ebf7d096,e78f135624ce,-81,8.228957691,4.174107096,1.794378581,-0.056621419,0.013,-0.998,-0.918156897,-0.004378581,0.063378581,-0.003757162,0.920156897,0.014378581
1581252299.3028915,b827ebf7d096,e78f135624ce,-87,8.021291565,4.195517299,1.79174135,-0.057482701,0.01225865,-0.998,-0.973069198,-0.00425865,0.059224051,-0.004,0.974810548,0.013
1581252300.210479,b827ebf7d096,e78f135624ce,-84,7.625568404,4.214555948,1.790015985,-0.04,0.01,-0.999,-0.996507993,-0.003476022,0.04,-0.002984015,0.997507993,0.01
1581252300.6659849,b827ebf7d096,e78f135624ce,-82,7.430884844,4.22516573,1.79616573,-0.035,0.00716573,-0.999,-0.99816573,-0.00316573,0.035,-0.00316573,0.999,0.008
1581252301.1177478,b827ebf7d096,e78f135624ce,-79,7.233233915,4.20944487,1.788332696,-0.030777565,0.01144487,-0.999,-0.999,-0.00344487,0.030777565,-0.003222435,0.999777565,0.01144487
1581252301.5715227,b827ebf7d096,e78f135624ce,-78,7.034205138,4.226215288,1.784,-0.038607644,0.013,-0.999,-0.999,-0.003607644,0.038607644,-0.003607644,1.0,0.013
1581252302.0247629,b827ebf7d096,e78f135624ce,-80,6.966852041,4.24800807,1.761981169,-0.03100807,-0.004986549,-0.998,-0.066387383,0.00799462,0.009016141,0.00899462,0.066387383,0.01800538
1581252302.4780884,b827ebf7d096,e78f135624ce,-76,6.860766183,4.195200673,1.78043449,-0.002495857,0.003930347,-0.999,0.397467634,0.011356551,0.018356551,0.012356551,-0.397467634,0.006426204
1581252303.84167,b827ebf7d096,e78f135624ce,-79,6.451577462,4.265638497,1.751729266,-0.023241002,-0.005680751,-0.999,0.472954607,0.010638497,0.000843506,0.010638497,-0.472954607,0.012397496
1581252304.3006341,b827ebf7d096,e78f135624ce,-84,6.217557793,4.209578332,1.743634313,-0.016126863,0.015964559,-0.999,-0.129571085,0.001345147,0.010563431,0.001563431,0.129571085,0.018746275
1581252305.2189126,b827ebf7d096,e78f135624ce,-83,5.924396945,4.473423015,1.75878904,-0.109211325,0.01455274,-0.970502425,-0.369497575,0.000145732,0.075819229,-0.002864331,0.382527765,0.012407008
1581252305.6760082,b827ebf7d096,e78f135624ce,-83,5.877114676,4.818588565,1.827242833,-0.136529522,0.002485666,-0.957913993,-0.479424917,-0.001728498,0.117229351,-0.007485666,0.510482254,0.003485666
1581252306.133369,b827ebf7d096,e78f135624ce,-85,5.83247613,4.460181296,1.825169677,-0.04401484,0.010184516,-0.986538709,-0.83655677,-0.010815484,0.037830323,-0.012815484,0.845925802,0.010184516
1581252307.4967997,b827ebf7d096,e78f135624ce,-85,5.795924563,4.562593841,1.794193422,-0.080646046,0.014268859,-0.982655703,-0.477272776,-0.004268859,0.071570608,-0.005806578,0.493348213,0.015806578
1581252307.9554217,b827ebf7d096,e78f135624ce,-83,5.796049085,5.291889462,1.868257666,-0.265944731,-0.004693249,-0.923018423,-0.493233059,-0.001,0.208993816,-0.011257666,0.551392554,-0.004693249
1581252308.4056559,b827ebf7d096,e78f135624ce,-95,5.785160227,4.824510791,1.823519318,-0.089157385,0.010759659,-0.975480682,-0.510190336,-0.002919886,0.075157385,-0.005839773,0.528709654,0.010080114
1581252308.8612044,b827ebf7d096,e78f135624ce,-86,5.779510708,4.608085666,1.781021417,-0.045906425,0.019697858,-0.991093575,-0.375339376,0.001697858,0.036906425,0.001395717,0.380943659,0.017697858
1581252309.3176894,b827ebf7d096,e78f135624ce,-87,5.795115872,4.525861455,1.753231743,-0.025279594,0.021697733,-0.996302267,-0.31672291,0.004395465,0.026279594,0.004395465,0.318420642,0.021186396
1581252309.7681568,b827ebf7d096,e78f135624ce,-83,5.806498977,4.537494883,1.781632419,-0.008,0.018248465,-0.997,-0.177123209,0.004125256,0.011626279,0.004125256,0.178123209,0.011622186
1581252310.2212105,b827ebf7d096,e78f135624ce,-87,5.817136192,4.588953343,1.751673139,0.004754855,0.022027238,-0.997486381,-0.347657499,-0.002972762,-0.014513619,-0.002459142,0.34714388,0.022081715
1581252310.6735651,b827ebf7d096,e78f135624ce,-83,5.866176936,4.780178913,1.762,-0.021558649,0.011411532,-0.998147117,0.032914498,0.003,-0.012970181,0.003,-0.033914498,0.012852883
1581252311.1267886,b827ebf7d096,e78f135624ce,-91,5.882612995,4.886847861,1.748378128,0.006774011,0.013387005,-0.998230428,-0.019375295,0.001921711,-0.014695722,0.001921711,0.019375295,0.01892615
1581252311.5796514,b827ebf7d096,e78f135624ce,-88,5.879246477,4.999299371,1.726042272,0.026102103,-0.001,-0.996376761,-0.080563407,0.000753523,-0.028,-0.000246477,0.081563407,0.030609148
1581252312.0378916,b827ebf7d096,e78f135624ce,-80,5.898,5.224949187,1.78,0.01008629,0.001942474,-0.998,0.356898374,0.010942474,-0.004971237,0.010942474,-0.356898374,0.005942474
1581252312.498069,b827ebf7d096,e78f135624ce,-87,5.89267866,5.45383933,1.815243797,-0.011434862,0.00532134,-0.994720223,0.60683933,0.015559553,-0.021155086,0.013,-0.60883933,-0.003601117
1581252313.4054625,b827ebf7d096,e78f135624ce,-80,5.838992134,5.814920319,1.60256635,-0.015228113,-0.062732557,-0.992984268,0.593849525,0.010031464,-0.031188783,0.011015732,-0.589865257,0.066716825
1581252313.861642,b827ebf7d096,e78f135624ce,-75,5.834930048,6.103266028,1.70462852,-0.030979329,-0.025909377,-0.989713301,0.666846315,0.008713301,-0.041419712,0.010643349,-0.664559617,0.019119233
1581252314.3163812,b827ebf7d096,e78f135624ce,-77,5.83979853,6.338963254,1.716,-0.018,-0.018935293,-0.994266177,0.263066143,-0.00259706,-0.04220147,-0.00059706,-0.262066143,0.022532353
1581252315.2269764,b827ebf7d096,e78f135624ce,-83,5.833557972,6.926731981,1.769369585,-0.032115945,-0.002884055,-0.998,0.015782856,-0.004768111,-0.011347834,-0.004768111,-0.016224884,0.009326083
1581252315.6774368,b827ebf7d096,e78f135624ce,-76,5.830176899,7.182592092,1.741476587,-0.020638917,0.01405411,-0.998,-0.248356916,-0.010469303,-0.011530697,-0.010292404,0.247533815,0.021938605
1581252316.5930824,b827ebf7d096,e78f135624ce,-77,5.862326612,7.596723098,1.796231184,-0.034884408,0.006673388,-0.998,0.532844081,0.005,-0.044673388,0.005,-0.533844081,0.001884408
1581252317.0445755,b827ebf7d096,e78f135624ce,-83,5.901008618,7.813067711,1.820029547,-0.029995076,0.007008618,-0.999,0.822059093,0.011001231,-0.031993844,0.011001231,-0.823059093,-0.004009849
1581252317.4955525,b827ebf7d096,e78f135624ce,-81,5.923508039,8.033095822,1.838555627,-0.016095177,0.008301608,-0.999650804,0.94271447,0.012650804,-0.017095177,0.012650804,-0.943365274,-0.007301608
1581252317.956481,b827ebf7d096,e78f135624ce,-79,5.924858608,8.277303292,1.831460658,-0.021115165,0.004858608,-0.999,0.884638532,0.011,-0.024743443,0.011,-0.885010254,-0.003230329
1581252318.411268,b827ebf7d096,e78f135624ce,-74,5.900902456,8.54960912,1.841,-0.048195088,0.005,-0.998,0.962487719,0.014951228,-0.050146316,0.014951228,-0.964438947,-0.005048772
1581252319.3200078,b827ebf7d096,e78f135624ce,-86,5.942232434,8.999481201,1.893929738,-0.052535131,0.016232434,-0.998,0.994464869,0.009,-0.052535131,0.008767566,-0.996232434,-0.017232434
1581252319.7714627,b827ebf7d096,e78f135624ce,-75,5.942883744,9.212748575,1.911762759,-0.050530246,0.021646503,-0.998,0.997,0.008,-0.050530246,0.007,-0.998,-0.021646503
1581252320.2217267,b827ebf7d096,e78f135624ce,-78,5.955677999,9.468202678,1.910237333,-0.048677999,0.021118666,-0.998,0.998,0.009,-0.048677999,0.008,-0.999,-0.021677999
1581252320.671897,b827ebf7d096,e78f135624ce,-86,5.956057362,9.734474207,1.878713192,-0.045172085,0.008942638,-0.998,0.998942638,0.010885277,-0.045172085,0.009942638,-1.0,-0.009942638
1581252321.132195,b827ebf7d096,e78f135624ce,-90,5.924030619,9.914489772,1.854017025,-0.000493203,0.019387752,-0.997268708,0.360792661,-0.001,-0.052193876,-0.002,-0.360792661,0.001969381
1581252321.5905979,b827ebf7d096,e78f135624ce,-81,5.889384649,10.017923682,1.897385523,0.053231576,0.013384212,-0.995615351,-0.108316636,-0.008769298,-0.06769298,-0.008769298,0.111701285,-0.009923245
1581252322.0452635,b827ebf7d096,e78f135624ce,-87,5.877006862,10.223617624,1.915986275,0.0319451,0.005013725,-0.996006862,0.088464726,-0.000986275,-0.06697255,-0.000986275,-0.085471588,-0.013
1581252322.5055974,b827ebf7d096,e78f135624ce,-82,5.869804842,10.518304097,1.917286685,0.017183054,0.00229879,-0.997,-0.033006797,-0.001896369,-0.04770121,-0.001597579,0.034305586,-0.013195158
1581252322.9614859,b827ebf7d096,e78f135624ce,-81,5.836466759,10.868075386,1.89170459,0.014257024,-0.004980807,-0.997638108,-0.411904037,-0.01,-0.040171349,-0.008638108,0.412265928,-0.002723783
1581252323.4212413,b827ebf7d096,e78f135624ce,-86,5.8434245,11.065737133,1.915052318,0.003581455,0.005895364,-0.997052318,0.260950235,0.002843046,-0.018372182,0.002843046,-0.259950235,-0.011895364
1581252324.3281877,b827ebf7d096,e78f135624ce,-79,5.842875076,11.617811697,1.868781537,-0.010875076,0.002156307,-0.997281231,0.27853169,0.009156307,-0.011031384,0.008156307,-0.27953169,0.007124924
1581252324.7794147,b827ebf7d096,e78f135624ce,-76,5.821693478,11.826597825,1.781849276,-0.017613043,-0.012653261,-0.998,0.142688406,0.00688442,-7.5362e-05,0.007768841,-0.142688406,0.027653261
1581252325.2410326,b827ebf7d096,e78f135624ce,-85,5.833356696,11.906290051,1.922076345,0.026324781,0.002302566,-0.991589174,0.066920212,0.005589174,0.023178348,0.011410826,-0.068331038,-0.023627347
1581252325.693642,b827ebf7d096,e78f135624ce,-80,5.844572413,12.173484719,1.769043348,-0.005144826,0.030753695,-0.99422463,-0.217819715,-0.00077537,0.018347783,0.002,0.218044346,0.026753695
1581252326.1454484,b827ebf7d096,e78f135624ce,-88,5.865892163,12.425460816,1.799525213,-0.005424362,0.00963305,-0.997,0.03613578,0.002316525,0.018050426,0.002474787,-0.03613578,0.008316525
1581252327.5118341,b827ebf7d096,e78f135624ce,-78,5.914,12.688522106,1.774390877,-0.000391345,-0.014261053,-0.999,0.628263394,0.007695673,-0.005,0.007695673,-0.628567722,0.01456538
1581252327.9628732,b827ebf7d096,e78f135624ce,-78,5.914,12.737805471,1.719502625,-0.003,-0.030037856,-0.999,0.830297596,0.008,-0.005,0.008345952,-0.829643547,0.030691904
1581252328.4135513,b827ebf7d096,e78f135624ce,-79,5.956903063,12.604331201,1.729951532,0.051894985,-0.020024234,-0.997008078,0.943846517,0.011991922,0.050894985,0.011991922,-0.946838439,0.021016156
1581252328.8754802,b827ebf7d096,e78f135624ce,-86,5.936541798,12.697707729,1.701021057,0.009375237,-0.030874921,-0.99835418,0.804332492,0.00964582,0.005666877,0.00964582,-0.804686672,0.030874921
1581252329.3328226,b827ebf7d096,e78f135624ce,-89,5.90622593,12.810258023,1.721934537,-0.021709883,-0.01967779,-0.998258023,0.53204103,0.004483953,-0.028741977,0.005483953,-0.53304103,0.018935813
1581252329.7895007,b827ebf7d096,e78f135624ce,-79,5.906540329,12.607511719,1.833036423,0.069117082,0.01955247,-0.985723765,0.367326963,0.001,0.058657411,0.009080659,-0.378833034,-0.018667388
1581252330.2420182,b827ebf7d096,e78f135624ce,-79,5.898440502,12.681114815,1.813079331,0.021242174,0.0,-0.994039665,0.121475986,0.001,0.007242174,0.004480167,-0.125475986,0.001480167
1581252330.6955068,b827ebf7d096,e78f135624ce,-72,5.908972318,12.706782583,1.790782583,0.016189735,-0.010027682,-0.997162053,0.119727218,-0.001,-0.003972318,-0.0,-0.121565165,0.011189735
1581252331.153283,b827ebf7d096,e78f135624ce,-77,5.946650172,12.790066197,1.801644601,-0.019179092,0.001118466,-0.998,0.019905948,-0.002647387,0.004650172,-0.001823693,-0.019905948,0.008765853
1581252331.607702,b827ebf7d096,e78f135624ce,-88,6.019764708,12.912320858,1.824882354,-0.06044385,0.000668449,-0.996,-0.299796788,-0.00444385,0.048663102,-0.00444385,0.302240638,0.006112299
1581252332.5200903,b827ebf7d096,e78f135624ce,-73,6.247166649,12.664378159,1.916560947,0.047012158,-0.00532114,-0.985434965,-0.236434965,-0.005471544,0.024813018,-0.00132114,0.238434965,-0.017186982
1581252332.9710233,b827ebf7d096,e78f135624ce,-73,6.402916682,12.703500018,1.839958341,-0.007241674,0.02005833,-0.991358334,-0.690608324,-0.011924999,0.036583336,-0.010283333,0.691324992,0.01305833
1581252333.430019,b827ebf7d096,e78f135624ce,-76,6.573888273,12.781815391,1.814343322,-0.031871254,0.021527932,-0.995042915,-0.679378095,-0.010914169,0.039570847,-0.010871254,0.68033518,0.014785423
1581252333.8855674,b827ebf7d096,e78f135624ce,-92,6.748507367,12.822689942,1.831253256,-0.017830878,-0.001647875,-0.997,-0.345308776,-0.005647875,0.015295751,-0.006323938,0.345308776,0.006816998
1581252334.339074,b827ebf7d096,e78f135624ce,-77,6.943967404,12.789491729,1.845361834,-0.006215397,0.008556921,-0.995711384,0.208613597,0.003577232,0.003630139,0.003577232,-0.207190828,0.004020311
1581252334.7950132,b827ebf7d096,e78f135624ce,-76,7.1338667,12.845290056,1.829782458,-0.023217542,0.003,-0.997,-0.367466801,-0.002782458,-0.001435084,-0.002782458,0.367466801,0.007072514
1581252335.2554696,b827ebf7d096,e78f135624ce,-85,7.329658442,12.784493218,1.830116522,-0.000493218,0.001130087,-0.999,-0.221607286,-0.008376696,-0.008883478,-0.008376696,0.221607286,0.008753391
1581252335.707941,b827ebf7d096,e78f135624ce,-80,7.542400447,12.797938393,1.857,-0.009969196,-0.008742299,-0.999,-0.187879797,-0.007742299,0.002711495,-0.007742299,0.188137498,-0.001742299
1581252336.165842,b827ebf7d096,e78f135624ce,-79,7.75712788,12.790426809,1.858498458,-0.007713405,-0.005928351,-0.999,-0.281442954,-0.008856702,0.002570107,-0.008928351,0.281442954,0.000143298
1581252336.6177092,b827ebf7d096,e78f135624ce,-70,7.932150334,12.774547204,1.844547204,-0.001547204,-0.007,-1.0,0.5608601,-0.001031469,0.002484265,-0.001031469,-0.5608601,0.005484265
1581252337.5318682,b827ebf7d096,e78f135624ce,-73,8.339738637,12.752697966,1.828232655,-0.003302034,-0.001232655,-1.0,0.955510168,0.007,-0.002534689,0.007,-0.955510168,0.000465311
1581252337.9819152,b827ebf7d096,e78f135624ce,-70,8.554632265,12.748178924,1.825589462,-0.012,0.001,-1.0,0.985642151,0.011,-0.012,0.011,-0.985642151,-0.001410538
1581252338.4385,b827ebf7d096,e78f135624ce,-77,8.773226576,12.743799143,1.824,-0.009698714,0.000899571,-1.0,0.995200857,0.012,-0.009698714,0.012,-0.995200857,-0.001
1581252338.8907983,b827ebf7d096,e78f135624ce,-78,8.993038366,12.740305833,1.825694167,-0.003305833,0.001694167,-1.0,0.998694167,0.013,-0.003305833,0.013,-0.998694167,-0.001694167
1581252339.3454685,b827ebf7d096,e78f135624ce,-78,9.225617123,12.715589612,1.833435845,0.01512831,0.008717922,-0.999717922,0.720124201,0.007435845,-0.00312831,0.007435845,-0.720124201,-0.00287169
1581252339.7978354,b827ebf7d096,e78f135624ce,-67,9.450080861,12.697510912,1.838744544,0.011255456,0.006127728,-1.0,0.841847229,0.008,0.000872272,0.008,-0.841847229,-0.003
1581252340.7127218,b827ebf7d096,e78f135624ce,-65,9.940316482,12.704740425,1.854347341,0.017087765,0.001435106,-0.999,0.189814395,0.004347341,-0.027435106,0.004347341,-0.188814395,-0.004129788
1581252341.6274557,b827ebf7d096,e78f135624ce,-65,10.473284324,12.744575394,1.840474869,0.004424606,0.007,-1.0,-0.879954991,-0.004,-0.004899475,-0.004,0.880429859,0.007
1581252342.0775428,b827ebf7d096,e78f135624ce,-63,10.73075248,12.75521838,1.836,0.001,0.00589081,-1.0,-0.961201088,-0.007,-0.001,-0.007,0.961201088,0.005
1581252342.5324976,b827ebf7d096,e78f135624ce,-61,10.968240223,12.759525738,1.83224571,0.002491421,0.001491421,-1.0,-0.571376099,-0.002737131,-0.000262869,-0.002737131,0.571130389,0.00775429
1581252343.4376802,b827ebf7d096,e78f135624ce,-64,11.389146583,12.765049851,1.849049851,0.001900297,0.008,-0.999,-0.089030868,0.004024926,-0.032074777,0.004024926,0.089030868,0.004975074
1581252343.8916626,b827ebf7d096,e78f135624ce,-63,11.535592709,12.750782389,1.829851823,0.002930566,0.000712956,-0.999,-0.028037241,0.005,-0.027712956,0.005,0.028037241,0.012930566
1581252344.352276,b827ebf7d096,e78f135624ce,-63,11.628990718,12.73553169,1.805891806,0.005576505,-0.005423495,-0.999,0.005766644,0.004,-0.019738796,0.004,-0.005081945,0.018738796
1581252344.8062382,b827ebf7d096,e78f135624ce,-59,11.678432181,12.744558363,1.808757092,-0.000684545,-0.002684545,-0.999,0.025025267,0.003063091,-0.023810727,0.003,-0.025025267,0.014747636
1581252345.2565832,b827ebf7d096,e78f135624ce,-59,11.714994533,12.733115363,1.796010934,-0.003109896,-0.011439585,-0.999,0.397995087,0.006554948,-0.017335156,0.006554948,-0.397995087,0.018329689
1581252345.7074158,b827ebf7d096,e78f135624ce,-59,11.742060426,12.713116311,1.746232623,-0.006176738,-0.028530213,-0.999,0.808543836,0.008,-0.010823262,0.008,-0.808543836,0.031176738
1581252346.6197698,b827ebf7d096,e78f135624ce,-64,11.762824179,12.705527463,1.747824179,0.003472537,-0.015175821,-0.999,0.342005221,0.007175821,-0.011763731,0.007175821,-0.342005221,0.023
1581252347.0709107,b827ebf7d096,e78f135624ce,-62,11.758974791,12.735974791,1.78962186,-0.005,0.000873953,-0.999,0.137420185,0.006974791,-0.024025209,0.006974791,-0.137445395,0.009126047
1581252347.5231361,b827ebf7d096,e78f135624ce,-64,11.764968985,12.646266487,1.836279735,0.031112014,0.014838603,-0.993931647,0.175355012,0.005099368,0.005180367,0.008900632,-0.178522732,-0.005472147
1581252347.9822872,b827ebf7d096,e78f135624ce,-65,11.776341766,12.574608127,1.852265384,0.015885915,0.020227681,-0.993974702,0.260834831,0.005,0.019177085,0.008683532,-0.262493065,-0.006252979
1581252348.441586,b827ebf7d096,e78f135624ce,-65,11.778642694,12.40352903,1.840457113,0.058306262,-0.022684441,-0.991897913,0.21097439,0.009102087,-0.001877039,0.012897913,-0.210872303,-0.015754078
1581252348.8957863,b827ebf7d096,e78f135624ce,-69,11.775648603,12.272027936,1.729865365,0.039865365,-0.042702794,-0.994648603,0.229162571,0.010351397,0.002108381,0.01,-0.227513968,0.035243016
1581252349.350424,b827ebf7d096,e78f135624ce,-73,11.774637811,12.181803185,1.739299307,0.015346468,-0.02414169,-0.996763781,0.288259697,0.010763781,-0.008236219,0.009763781,-0.287787259,0.02814169
1581252349.8065124,b827ebf7d096,e78f135624ce,-72,11.756137905,12.010343623,1.665551619,0.030586285,-0.047137905,-0.995,0.240068573,0.010862095,0.016310476,0.008,-0.238930668,0.04727581
1581252350.263338,b827ebf7d096,e78f135624ce,-85,11.758820086,11.871850787,1.686210615,0.025649928,-0.037069728,-0.997470014,0.252546638,0.011,0.013769871,0.009,-0.251546638,0.0351297
1581252350.7214293,b827ebf7d096,e78f135624ce,-75,11.757584778,11.618975894,1.734394502,0.055868499,-0.028754334,-0.994792389,-0.018588163,0.005584778,-0.017491333,0.004584778,0.020795774,0.011906555
1581252351.1781814,b827ebf7d096,e78f135624ce,-78,11.761593538,11.464064623,1.747374151,0.0360839,-0.008677437,-0.997,-0.059361115,0.006135487,-0.024729025,0.006,0.060361115,0.013406462
1581252351.6394815,b827ebf7d096,e78f135624ce,-72,11.76562604,11.319861479,1.747046174,0.016915973,-0.00974792,-0.998542013,0.084218797,0.008542013,-0.018084027,0.008,-0.083218797,0.015831947
1581252352.0950263,b827ebf7d096,e78f135624ce,-70,11.762941373,11.182535312,1.780799134,0.001514657,-0.002313791,-0.999,0.020192207,0.007656895,-0.020171552,0.006828448,-0.020192207,0.008514657
1581252352.549076,b827ebf7d096,e78f135624ce,-73,11.718926604,10.998072164,1.805219572,-0.004585321,-0.002780428,-0.999,-0.300903987,-0.000829358,-0.012170642,-0.000829358,0.300903987,0.004804893
1581252353.0028834,b827ebf7d096,e78f135624ce,-73,11.72574348,10.770164344,1.793550435,0.004651304,0.001651304,-0.999,0.024869603,-0.004100869,-0.007550435,-0.004100869,-0.024869603,0.011100869
1581252353.4572394,b827ebf7d096,e78f135624ce,-83,11.765590746,10.609766322,1.789803085,0.009901542,-0.005196915,-1.0,0.693368897,-0.001098458,0.006,-0.001098458,-0.693368897,0.009098458
1581252353.911627,b827ebf7d096,e78f135624ce,-86,11.780179678,10.429492349,1.795632797,0.012,-0.005546881,-1.0,0.901703022,-0.001273441,0.010726559,-0.001546881,-0.901976462,0.007273441
1581252354.3702717,b827ebf7d096,e78f135624ce,-77,11.782381931,10.233084138,1.794090345,0.009,-0.008763862,-1.0,0.96881931,0.001381931,0.008618069,0.001381931,-0.96881931,0.009763862
1581252355.275894,b827ebf7d096,e78f135624ce,-84,11.761867155,9.776779292,1.788,-0.004,-0.012373431,-1.0,0.996626569,0.003626569,-0.004,0.003626569,-0.996626569,0.012373431
1581252355.7271976,b827ebf7d096,e78f135624ce,-76,11.763,9.537881048,1.79500793,0.003,-0.008496035,-1.0,0.999,0.006,0.003,0.006,-0.999,0.008748017
1581252357.092888,b827ebf7d096,e78f135624ce,-85,11.794,8.902315127,1.822846398,0.016153602,-0.002076801,-1.0,1.0,0.010153602,0.016153602,0.010076801,-1.0,0.002076801
1581252357.5534043,b827ebf7d096,e78f135624ce,-72,11.795443366,8.65585277,1.817665049,0.023,-0.002,-1.0,1.0,0.008221683,0.023,0.008221683,-1.0,0.002
1581252358.0088015,b827ebf7d096,e78f135624ce,-73,11.79608055,8.406738688,1.81908055,0.017620824,-0.001,-1.0,1.0,0.009540275,0.017620824,0.009540275,-1.0,0.001
1581252358.4636633,b827ebf7d096,e78f135624ce,-80,11.799,8.153937522,1.830549241,0.010588069,0.00513731,-1.0,1.0,0.008274621,0.010588069,0.008274621,-1.0,-0.005
1581252359.3688753,b827ebf7d096,e78f135624ce,-78,11.763121711,7.622077852,1.833,-0.007686952,0.01,-0.999313048,0.474703403,0.006686952,-0.006121711,0.006686952,-0.474703403,0.000626096
1581252359.8291934,b827ebf7d096,e78f135624ce,-74,11.743363229,7.379775784,1.849959641,-0.005959641,0.011080717,-1.0,0.498614353,0.01,-0.000838565,0.01,-0.498614353,-0.002959641
1581252360.2822506,b827ebf7d096,e78f135624ce,-73,11.740394175,7.113313583,1.875788351,0.003788351,0.018598544,-0.999,0.561394678,0.011598544,0.006591263,0.011598544,-0.561394678,-0.012795631
1581252360.7320309,b827ebf7d096,e78f135624ce,-77,11.741514333,6.800420616,1.844485667,0.012816427,0.009848953,-0.999,0.219133964,0.004424476,0.022240903,0.004424476,-0.220133964,0.008151047
1581252361.1923006,b827ebf7d096,e78f135624ce,-81,11.727303483,6.567902177,1.813023222,-0.004505805,0.002809289,-0.998,0.085318432,0.005,0.02108955,0.005,-0.085318432,0.023291872
1581252362.095438,b827ebf7d096,e78f135624ce,-83,11.698175148,6.056085477,1.647991848,0.009649703,-0.053617095,-0.995,0.337344124,0.008725049,0.0338167,0.007725049,-0.334527424,0.0588167
1581252362.5463016,b827ebf7d096,e78f135624ce,-88,11.689413256,5.707255342,1.671119884,0.041520464,-0.012826512,-0.995706628,0.326614995,0.009413256,0.035586744,0.009413256,-0.327614995,0.035293372
1581252363.0006654,b827ebf7d096,e78f135624ce,-85,11.694,5.487531666,1.711044874,0.014711162,-0.008577677,-0.998,0.090378586,0.012,0.035777904,0.011355581,-0.090378586,0.022866515
1581252363.9122431,b827ebf7d096,e78f135624ce,-85,11.69689016,4.933284509,1.712538521,0.030670481,0.000538521,-0.99735164,-0.1945187,0.00970328,-0.010912282,0.00905492,0.1955187,0.02905492
1581252364.3731947,b827ebf7d096,e78f135624ce,-80,11.712614781,4.662894965,1.747552518,0.028385219,0.009354088,-0.998,-0.078976987,0.008968868,-0.029124526,0.008645912,0.07965403,0.012708175
1581252364.8269181,b827ebf7d096,e78f135624ce,-77,11.739,4.606735814,1.771016372,0.002,0.002768558,-0.999,0.656825302,0.01505786,-0.016405023,0.01505786,-0.656825302,0.004347163
1581252365.2803898,b827ebf7d096,e78f135624ce,-85,11.740921148,4.468215048,1.785168459,0.011168459,-0.00058423,-1.0,0.890032264,0.013,0.005336918,0.013,-0.890032264,0.003
1581252365.7330608,b827ebf7d096,e78f135624ce,-89,11.747440322,4.33261533,1.791100805,0.013559678,-0.002779839,-1.0,0.96520161,0.013,0.011779839,0.013,-0.96520161,0.003779839
1581252366.6422317,b827ebf7d096,e78f135624ce,-87,11.741131059,4.178220823,1.802434471,0.011,-0.003434471,-1.0,0.996434471,0.010565529,0.011,0.010565529,-0.996434471,0.003434471
1581252367.1055377,b827ebf7d096,e78f135624ce,-80,11.737899112,4.152192896,1.804,0.007100888,-0.004,-1.0,0.999,0.007100888,0.007100888,0.007100888,-0.999,0.004
1581252368.0067663,b827ebf7d096,e78f135624ce,-89,11.72937376,4.11687872,1.80325248,0.009,-0.004,-1.0,1.0,0.009,0.009,0.009,-1.0,0.004
1581252368.4667933,b827ebf7d096,e78f135624ce,-89,11.735917644,4.106835288,1.793082356,0.01,-0.007917644,-1.0,1.0,0.009,0.01,0.009,-1.0,0.007917644
