1581252284.7835367,000000000401,e78f135624ce,-74,11.737242472,4.283969888,1.786484944,0.037515056,-0.004515056,-0.999,0.999,0.018,0.036757528,0.018,-0.999757528,0.005515056
1581252285.240483,000000000401,e78f135624ce,-68,11.74,4.288214723,1.792785277,0.036785277,-0.001,-0.999,0.999107362,0.018,0.035892638,0.018,-0.999892638,0.002107362
1581252285.6954687,000000000401,e78f135624ce,-65,11.673917368,4.251258013,1.750463742,0.003917368,0.018268129,-0.999,0.241583435,0.009546374,0.039907252,0.010546374,-0.242583435,0.017721755
1581252286.1512272,000000000401,e78f135624ce,-63,11.692382675,4.211043312,1.773148025,0.022382675,0.003808662,-0.999,0.760010955,0.012,0.033808662,0.012808662,-0.760202293,0.007617325
1581252287.0604544,000000000401,e78f135624ce,-64,11.719673249,4.160326751,1.803673249,0.032,-0.001,-0.999,0.974346498,0.012163375,0.033581688,0.012163375,-0.975346498,0.002581688
1581252287.5206065,000000000401,e78f135624ce,-73,11.734280294,4.133439412,1.806831824,0.038112118,-0.003056059,-0.999,0.991112118,0.009,0.038112118,0.009,-0.992112118,0.003112118
1581252287.972819,000000000401,e78f135624ce,-68,11.736297292,4.127,1.818,0.036,0.000297292,-0.999,0.996702708,0.009,0.036297292,0.009,-0.997702708,-0.000297292
1581252288.4317565,000000000401,e78f135624ce,-65,11.738409404,4.123724772,1.819771789,0.036228211,-0.000409404,-0.999,0.998409404,0.010228211,0.036228211,0.010228211,-0.999,0.000409404
1581252288.8864932,000000000401,e78f135624ce,-65,11.737086095,4.113258284,1.814258284,0.037913905,-0.001913905,-0.999,0.999,0.010086095,0.037913905,0.010086095,-1.0,0.001913905
1581252289.3404303,000000000401,e78f135624ce,-63,11.732927538,4.123072462,1.820545897,0.035,-7.2462e-05,-0.999,0.999,0.011309179,0.035,0.011309179,-1.0,0.001072462
1581252289.79564,000000000401,e78f135624ce,-63,11.714840005,4.125519999,1.811,0.041519999,-0.005,-0.999,0.999,0.007,0.041519999,0.007,-1.0,0.005
1581252289.798643,000000000401,e78f135624ce,-58,11.714439589,4.125570051,1.811,0.041570051,-0.005,-0.999,0.999,0.007,0.041570051,0.007,-1.0,0.005
1581252290.2465434,000000000401,e78f135624ce,-64,11.646615662,4.123275333,1.816137666,0.049724667,-0.002862334,-0.999,0.999,0.007137666,0.049724667,0.007137666,-1.0,0.002862334
1581252290.2493699,000000000401,e78f135624ce,-59,11.646202566,4.123231849,1.816115925,0.049768151,-0.002884075,-0.999,0.999,0.007115925,0.049768151,0.007115925,-1.0,0.002884075
1581252290.6984668,000000000401,e78f135624ce,-66,11.555717104,4.12,1.812477541,0.060477541,-0.005507486,-0.998,0.998,0.007507486,0.060477541,0.007507486,-1.0,0.005507486
1581252291.153763,000000000401,e78f135624ce,-64,11.426054433,4.141594557,1.816148639,0.057108165,-0.005,-0.998148639,0.998,0.006148639,0.057108165,0.005297278,-1.0,0.006
1581252291.6045873,000000000401,e78f135624ce,-62,11.293702114,4.173258595,1.817756139,0.024741405,-0.003746316,-0.999,0.999,0.011751228,0.024741405,0.011751228,-1.0,0.003746316
1581252292.0596213,000000000401,e78f135624ce,-67,11.147057006,4.197129533,1.836506044,0.004623489,0.003376511,-1.0,1.0,0.014376511,0.004623489,0.014,-1.0,-0.003376511
1581252292.5106204,000000000401,e78f135624ce,-64,10.988234057,4.217735559,1.849941235,-0.002911853,0.007970618,-1.0,1.0,0.017,-0.002911853,0.017,-1.0,-0.007970618
1581252292.9628248,000000000401,e78f135624ce,-63,10.819057917,4.23039704,1.84238224,-0.00279408,0.00219112,-1.0,1.0,0.01960296,-0.00279408,0.01960296,-1.0,-0.00219112
1581252293.4145513,000000000401,e78f135624ce,-71,10.566712732,4.215305124,1.835768375,-0.009463251,0.007463251,-1.0,-0.271641309,0.003305124,0.007694876,0.003305124,0.271641309,0.007231625
1581252293.8646972,000000000401,e78f135624ce,-68,10.337871373,4.202493569,1.831329046,-0.021177386,0.01,-1.0,-0.765673646,-0.003,0.021012863,-0.002835477,0.765673646,0.009835477
1581252294.3145163,000000000401,e78f135624ce,-68,10.134465668,4.194165395,1.826417302,-0.03966921,0.011582698,-0.999,-0.922597956,-0.004834605,0.03866921,-0.003834605,0.923597956,0.011582698
1581252294.765484,000000000401,e78f135624ce,-63,10.012660688,4.191947798,1.8370087,-0.000895596,0.0109913,-0.999,0.248766161,0.007017401,0.031034801,0.0080087,-0.248766161,-0.002017401
1581252295.217471,000000000401,e78f135624ce,-61,9.857258546,4.170083903,1.830722602,0.034193495,0.002361301,-0.999,0.756457219,0.012638699,0.044277398,0.012638699,-0.757457219,0.001
1581252295.667425,000000000401,e78f135624ce,-63,9.690074674,4.154731348,1.824,0.049014921,-0.00174627,-0.99874627,0.921582067,0.01325373,0.052507461,0.01325373,-0.922582067,0.003
1581252296.1184518,000000000401,e78f135624ce,-63,9.518528485,4.142532938,1.821266469,0.055866766,-0.001866766,-0.998,0.97380089,0.015,0.056866766,0.014133234,-0.974934125,0.003
1581252296.5714293,000000000401,e78f135624ce,-78,9.332233627,4.1342913,1.81943695,0.044320626,0.00056305,-0.998427175,0.759607038,0.011864125,0.052864125,0.011864125,-0.761179863,0.0047087
1581252297.030427,000000000401,e78f135624ce,-64,9.091298986,4.14148984,1.797945573,-0.021707547,0.014,-0.998,-0.443272855,0.004945573,0.053217707,0.005945573,0.443327282,0.015
1581252297.4804332,000000000401,e78f135624ce,-66,8.864773709,4.158571671,1.794371332,-0.038715013,0.011571671,-0.998,-0.59729857,0.004056997,0.060314334,0.004371332,0.59829857,0.014314334
1581252297.9354246,000000000401,e78f135624ce,-66,8.66879122,4.142358244,1.791728351,-0.023080664,0.009543298,-0.998,-0.498251477,0.005728351,0.058820878,0.006092527,0.498887301,0.014635824
1581252298.844516,000000000401,e78f135624ce,-66,8.228050807,4.174185275,1.794362945,-0.056637055,0.013,-0.998,-0.918563431,-0.004362945,0.063362945,-0.00372589,0.920563431,0.014362945
1581252299.30541,000000000401,e78f135624ce,-64,8.020078145,4.195563089,1.791718456,-0.057436911,0.012281544,-0.998,-0.973252355,-0.004281544,0.059155367,-0.004,0.974970811,0.013
1581252299.7574298,000000000401,e78f135624ce,-64,7.829196622,4.200607457,1.792607457,-0.046392543,0.009261695,-0.999,-0.990607457,-0.003261695,0.047261695,-0.003130848,0.991607457,0.009392543
1581252300.2154186,000000000401,e78f135624ce,-61,7.62351659,4.214821923,1.790091978,-0.04,0.01,-0.999,-0.996545989,-0.003362033,0.04,-0.002908022,0.997545989,0.01
1581252300.6704242,000000000401,e78f135624ce,-64,7.429006657,4.225199879,1.796199879,-0.035,0.007199879,-0.999,-0.998199879,-0.003199879,0.035,-0.003199879,0.999,0.008
1581252301.1224053,000000000401,e78f135624ce,-65,7.231099222,4.209367244,1.788449133,-0.030816378,0.011367244,-0.999,-0.999,-0.003367244,0.030816378,-0.003183622,0.999816378,0.011367244
1581252302.02542,000000000401,e78f135624ce,-67,6.966550879,4.248024498,1.761942839,-0.031024498,-0.004959171,-0.998,-0.067175882,0.007983668,0.009048995,0.008983668,0.067175882,0.018016332
1581252302.4815686,000000000401,e78f135624ce,-72,6.85988275,4.194584947,1.780702197,-0.002308462,0.004010659,-0.999,0.399234501,0.01132978,0.01832978,0.01232978,-0.399234501,0.006319121
1581252302.9374275,000000000401,e78f135624ce,-83,6.77141047,4.218306734,1.781653367,-0.009330673,-0.003338653,-0.999,0.723115222,0.013661347,-0.001322694,0.014330673,-0.723115222,0.005338653
1581252303.3884337,000000000401,e78f135624ce,-69,6.657401458,4.251848803,1.762550573,-0.012649636,-0.008849844,-0.999,0.911398334,0.015,-0.010599584,0.015,-0.911448386,0.009849844
1581252303.8474095,000000000401,e78f135624ce,-65,6.44727287,4.265351525,1.753498931,-0.023432317,-0.005824238,-0.999,0.456644986,0.010351525,0.001513109,0.010351525,-0.456644986,0.011919208
1581252304.7624037,000000000401,e78f135624ce,-75,6.062962785,4.152018457,1.72907413,-0.006462935,0.016462935,-0.999,-0.211610292,-9.2587e-05,0.009907413,0.000814826,0.211610292,0.020462935
1581252305.223432,000000000401,e78f135624ce,-88,5.923632113,4.490562192,1.760596824,-0.11432179,0.014100794,-0.968833701,-0.371166299,0.000215262,0.078357079,-0.003038156,0.384926554,0.011885532
1581252305.226392,000000000401,e78f135624ce,-66,5.923131196,4.501787287,1.761780809,-0.117668826,0.013804798,-0.967740792,-0.372259208,0.0002608,0.080019213,-0.003152001,0.386497612,0.011543997
1581252305.6803722,000000000401,e78f135624ce,-66,5.876577567,4.814660956,1.827276402,-0.135220319,0.002552804,-0.958316825,-0.484460313,-0.001829206,0.116155133,-0.007552804,0.515249096,0.003552804
1581252306.1353893,000000000401,e78f135624ce,-78,5.832206749,4.459053261,1.825321204,-0.04382964,0.010150844,-0.986622891,-0.837550114,-0.010849156,0.037678796,-0.012849156,0.846851801,0.010150844
1581252306.5903745,000000000401,e78f135624ce,-72,5.819338589,4.304830094,1.815813103,-0.022033981,0.015050972,-0.995508495,-0.667883511,-0.009508495,0.017050972,-0.01,0.67086652,0.013559467
1581252307.0434027,000000000401,e78f135624ce,-75,5.803918521,4.775807631,1.835288951,-0.171903815,0.00257035,-0.951059221,-0.592162957,-0.003918521,0.166414944,-0.011755564,0.639103736,0.00457035
1581252307.0463982,000000000401,e78f135624ce,-85,5.80389129,4.773738017,1.834717084,-0.170869008,0.002760972,-0.951413234,-0.592217421,-0.00389129,0.165216747,-0.011673869,0.638804187,0.004760972
1581252307.9595506,000000000401,e78f135624ce,-67,5.796255532,5.287819517,1.868139696,-0.263909759,-0.004604772,-0.923696747,-0.490608239,-0.001,0.20716529,-0.011139696,0.548236872,-0.004604772
1581252308.4103968,000000000401,e78f135624ce,-83,5.785227955,4.821767813,1.823316134,-0.088378515,0.010658067,-0.975683866,-0.507311902,-0.002886022,0.074378515,-0.005772045,0.525628037,0.010113978
1581252309.3184257,000000000401,e78f135624ce,-77,5.795162723,4.525747673,1.753325446,-0.025219356,0.02169104,-0.99630896,-0.316495345,0.004382079,0.026219356,0.004382079,0.318186385,0.021146237
1581252309.7683816,000000000401,e78f135624ce,-72,5.806505894,4.537529472,1.781582265,-0.008,0.018258842,-0.997,-0.177135315,0.004123526,0.011617632,0.004123526,0.178135315,0.01164121
1581252310.222379,000000000401,e78f135624ce,-66,5.817226076,4.589582529,1.751457418,0.004593064,0.022045215,-0.997477392,-0.346111499,-0.002954785,-0.014522608,-0.002432177,0.345588892,0.022135645
1581252310.6753612,000000000401,e78f135624ce,-75,5.866287459,4.780759161,1.762,-0.021517203,0.01135627,-0.998160932,0.033563823,0.003,-0.012873473,0.003,-0.034563823,0.012839068
1581252311.1313944,000000000401,e78f135624ce,-81,5.882344324,4.887039768,1.747648881,0.007311351,0.013655676,-0.998192046,-0.026974823,0.001768185,-0.015079537,0.001768185,0.026974823,0.019271583
1581252311.5854957,000000000401,e78f135624ce,-81,5.879149071,5.004120968,1.727211144,0.025468964,-0.001,-0.996425464,-0.082316716,0.000850929,-0.028,-0.000149071,0.083316716,0.030170821
1581252312.0424876,000000000401,e78f135624ce,-78,5.898,5.226213087,1.78,0.01020119,0.001865874,-0.998,0.359426174,0.010865874,-0.004932937,0.010865874,-0.359426174,0.005865874
1581252312.4993737,000000000401,e78f135624ce,-75,5.892618446,5.453809223,1.815414402,-0.011204044,0.005381554,-0.994730259,0.606809223,0.015539482,-0.020934303,0.013,-0.608809223,-0.003651295
1581252312.9563618,000000000401,e78f135624ce,-81,5.871405414,5.622381352,1.678846921,-0.015201203,-0.044783758,-0.994600602,0.695744658,0.013600602,-0.025003008,0.014,-0.693945861,0.04738436
1581252313.4093795,000000000401,e78f135624ce,-80,5.838962003,5.818445597,1.604735752,-0.0161019,-0.061708117,-0.992924007,0.597103628,0.010151986,-0.031911917,0.011075993,-0.593179621,0.065632124
1581252313.8673642,000000000401,e78f135624ce,-71,5.835073105,6.101358598,1.710160066,-0.028976528,-0.024049633,-0.98961793,0.665797229,0.00861793,-0.040561369,0.010691035,-0.663415159,0.016830317
1581252314.320355,000000000401,e78f135624ce,-65,5.839897873,6.341446833,1.716,-0.018,-0.018802836,-0.994299291,0.258595701,-0.002795747,-0.042102127,-0.000795747,-0.257595701,0.022598582
1581252314.7713885,000000000401,e78f135624ce,-63,5.842799208,6.64216514,1.741996039,-0.030799208,-0.011003961,-0.996899604,0.043734464,-0.004100396,-0.016200792,-0.004,-0.043734464,0.015301188
1581252315.227411,000000000401,e78f135624ce,-78,5.833561316,6.926976046,1.769419736,-0.032122631,-0.002877369,-0.998,0.016404721,-0.004754737,-0.011367894,-0.004754737,-0.016843405,0.009316053
1581252315.678353,000000000401,e78f135624ce,-79,5.830183947,7.182655524,1.74157526,-0.020505005,0.013976582,-0.998,-0.24745477,-0.010448159,-0.011551841,-0.010264212,0.246638717,0.021896317
1581252316.139362,000000000401,e78f135624ce,-65,5.839246108,7.335838024,1.774366567,-0.00199481,0.011623054,-0.999,0.049624153,-0.002376946,-0.024246108,-0.002376946,-0.049624153,0.007879541
1581252316.598352,000000000401,e78f135624ce,-71,5.862470327,7.600268056,1.796039565,-0.034980218,0.006529673,-0.998,0.533802177,0.005,-0.044529673,0.005,-0.534802177,0.001980218
1581252317.0493772,000000000401,e78f135624ce,-78,5.901314184,7.815468588,1.821077202,-0.029820466,0.007314184,-0.999,0.824154404,0.011044883,-0.031775583,0.011044883,-0.825154404,-0.004359067
1581252317.499352,000000000401,e78f135624ce,-70,5.923779427,8.034642735,1.838745599,-0.015932344,0.008355885,-0.999677943,0.943202969,0.012677943,-0.016932344,0.012677943,-0.943880912,-0.007355885
1581252317.9573696,000000000401,e78f135624ce,-67,5.924890343,8.277684114,1.831536823,-0.021134206,0.004890343,-0.999,0.884854331,0.011,-0.024756137,0.011,-0.8852324,-0.003268411
1581252318.4113424,000000000401,e78f135624ce,-70,5.900901394,8.549648438,1.841,-0.048197213,0.005,-0.998,0.962493032,0.014950697,-0.05014791,0.014950697,-0.964443729,-0.005049303
1581252318.8673484,000000000401,e78f135624ce,-66,5.913,8.79103593,1.870930477,-0.051,0.013314021,-0.998,0.986651217,0.015988413,-0.051,0.015988413,-0.987988413,-0.014314021
1581252319.3253567,000000000401,e78f135624ce,-76,5.942281061,9.002301543,1.894124244,-0.052437878,0.016281061,-0.998,0.994562122,0.009,-0.052437878,0.008718939,-0.996281061,-0.017281061
1581252319.776352,000000000401,e78f135624ce,-69,5.942695696,9.214929931,1.912026026,-0.050417417,0.021721722,-0.998,0.997,0.008,-0.050417417,0.007,-0.998,-0.021721722
1581252320.2273285,000000000401,e78f135624ce,-73,5.955548725,9.470960525,1.910064967,-0.048548725,0.021032484,-0.998,0.998,0.009,-0.048548725,0.008,-0.999,-0.021548725
1581252320.6773345,000000000401,e78f135624ce,-67,5.956099189,9.737736771,1.878504053,-0.045297568,0.008900811,-0.998,0.998900811,0.010801621,-0.045297568,0.009900811,-1.0,-0.009900811
1581252321.1343493,000000000401,e78f135624ce,-66,5.923761325,9.91545923,1.853280955,-0.000259815,0.01949547,-0.997250755,0.354993863,-0.001,-0.052247735,-0.002,-0.354993863,0.002238675
1581252321.5913484,000000000401,e78f135624ce,-84,5.889390904,10.018036264,1.897554395,0.053381685,0.013309158,-0.995609096,-0.109980338,-0.008781807,-0.067818071,-0.008781807,0.113371242,-0.009954518
1581252322.0493362,000000000401,e78f135624ce,-71,5.877040801,10.226672126,1.915918397,0.031673589,0.005081603,-0.996040801,0.08581749,-0.000918397,-0.066836794,-0.000918397,-0.082858292,-0.013
1581252322.5104551,000000000401,e78f135624ce,-72,5.869954312,10.521517702,1.916875643,0.016659909,0.002261422,-0.997,-0.0301295,-0.001784266,-0.047738578,-0.001522844,0.031390922,-0.013045688
1581252323.422324,000000000401,e78f135624ce,-68,5.843332891,11.067127932,1.915060646,0.00351483,0.005878707,-0.997060646,0.258077027,0.002818061,-0.018272244,0.002818061,-0.257077027,-0.011878707
1581252323.876333,000000000401,e78f135624ce,-71,5.843459536,11.432325132,1.950080927,-0.014317558,0.01658779,-0.994682442,0.18432986,0.007317558,-0.008270232,0.005,-0.18532986,-0.019540464
1581252324.3326662,000000000401,e78f135624ce,-75,5.842725795,11.619379157,1.868221729,-0.010725795,0.002044346,-0.997318551,0.277673319,0.009044346,-0.01077014,0.008044346,-0.278673319,0.007274205
1581252324.7843535,000000000401,e78f135624ce,-79,5.821465532,11.830017019,1.781241419,-0.018068936,-0.012767234,-0.998,0.143448227,0.006922411,-0.000379291,0.007844823,-0.143448227,0.027767234
1581252325.695362,000000000401,e78f135624ce,-73,5.844665039,12.174927031,1.769281528,-0.005330077,0.030621373,-0.994237863,-0.216218617,-0.000762137,0.018427176,0.002,0.216456479,0.026621373
1581252326.146316,000000000401,e78f135624ce,-74,5.865942774,12.425713868,1.799546903,-0.005359291,0.009604129,-0.997,0.035535685,0.002302065,0.018093806,0.002453097,-0.035535685,0.008302065
1581252326.606324,000000000401,e78f135624ce,-70,5.887943345,12.538206833,1.792698292,0.016056655,-0.00388669,-0.998471673,0.019926264,0.002,0.014698292,0.002,-0.019926264,0.009415018
1581252327.058362,000000000401,e78f135624ce,-69,5.913035654,12.597392199,1.780178272,0.013106963,-0.010928691,-0.997035654,0.537833456,0.007928691,0.010928691,0.007928691,-0.539797801,0.012893037
1581252327.5173054,000000000401,e78f135624ce,-85,5.914,12.689225549,1.773570193,-0.000469505,-0.014612774,-0.999,0.633109337,0.007734753,-0.005,0.007734753,-0.633374584,0.014878022
1581252327.968333,000000000401,e78f135624ce,-83,5.914,12.738234454,1.718995645,-0.003,-0.030154851,-0.999,0.832247517,0.008,-0.005,0.00838495,-0.831632468,0.030769901
1581252328.4183242,000000000401,e78f135624ce,-82,5.956916765,12.604610392,1.72988902,0.051667059,-0.020027745,-0.997027745,0.941419707,0.012,0.050611569,0.011972255,-0.944391962,0.021027745
1581252328.876307,000000000401,e78f135624ce,-75,5.936466631,12.698053497,1.700893273,0.009239936,-0.030920021,-0.998346663,0.804813561,0.009653337,0.00554661,0.009653337,-0.805160224,0.030920021
1581252329.3353,000000000401,e78f135624ce,-69,5.906158364,12.810280545,1.722452541,-0.021597274,-0.019475093,-0.998280545,0.527243863,0.00443891,-0.028719455,0.00543891,-0.528243863,0.018755638
1581252329.794297,000000000401,e78f135624ce,-80,5.906687907,12.599321179,1.83591418,0.072289994,0.0206593,-0.98517035,0.374927194,0.001,0.0619779,0.009375813,-0.386912891,-0.019737323
1581252330.248307,000000000401,e78f135624ce,-80,5.898295377,12.682614443,1.813272831,0.020613298,0.0,-0.994136416,0.122636988,0.001,0.006613298,0.004431792,-0.126636988,0.001431792
1581252330.699295,000000000401,e78f135624ce,-71,5.909147159,12.707103125,1.791103125,0.016044034,-0.009852841,-0.997191193,0.120397443,-0.001,-0.004147159,-0.0,-0.12220625,0.011044034
1581252331.1552956,000000000401,e78f135624ce,-75,5.946968817,12.790820882,1.801393039,-0.019447425,0.00120232,-0.998,0.016300231,-0.002680928,0.004968817,-0.001840464,-0.016300231,0.008883248
1581252331.6082888,000000000401,e78f135624ce,-69,6.019872279,12.912423539,1.82493614,-0.06044874,0.00065378,-0.996,-0.299640321,-0.00444874,0.04869244,-0.00444874,0.302089061,0.00610252
1581252332.0673108,000000000401,e78f135624ce,-69,6.110397524,12.81282655,1.84260885,-0.002359647,-0.017,-0.994,-0.188120004,-0.003892743,0.04828708,-0.005,0.188227261,0.00367823
1581252332.526288,000000000401,e78f135624ce,-76,6.249121304,12.652221161,1.919707464,0.051159839,-0.005082768,-0.984815196,-0.235815196,-0.005566893,0.023764179,-0.001082768,0.237815196,-0.018235821
1581252332.9762795,000000000401,e78f135624ce,-65,6.404938286,12.705925944,1.840969143,-0.008171612,0.019613577,-0.991398766,-0.689435794,-0.011803703,0.036987657,-0.010202469,0.690233325,0.012613577
1581252333.8863358,000000000401,e78f135624ce,-69,6.748853158,12.822478626,1.830971501,-0.017715614,-0.001635068,-0.997,-0.34415614,-0.005635068,0.015270136,-0.006317534,0.34415614,0.006919454
1581252334.340265,000000000401,e78f135624ce,-69,6.944344599,12.790196487,1.845133532,-0.006463552,0.00850729,-0.995701458,0.209735254,0.003597084,0.00334228,0.003597084,-0.208332338,0.004089794
1581252334.7992942,000000000401,e78f135624ce,-73,7.135743772,12.845158332,1.829881251,-0.023118749,0.003,-0.997,-0.374975087,-0.002881251,-0.001237498,-0.002881251,0.374975087,0.007039583
1581252335.2592819,000000000401,e78f135624ce,-72,7.331242017,12.78461052,1.83026315,-0.00061052,0.00104211,-0.999,-0.217589698,-0.00834737,-0.00873685,-0.00834737,0.217589698,0.00869474
1581252335.7123222,000000000401,e78f135624ce,-74,7.544152918,12.797668782,1.857,-0.009834391,-0.008708598,-0.999,-0.184071544,-0.007708598,0.002542989,-0.007708598,0.184362946,-0.001708598
1581252336.1662364,000000000401,e78f135624ce,-71,7.757351342,12.790453099,1.858521462,-0.00772655,-0.005931637,-0.999,-0.282294082,-0.008863275,0.002589824,-0.008931637,0.282294082,0.000136725
1581252336.6183822,000000000401,e78f135624ce,-78,7.932480743,12.774528848,1.844528848,-0.001528848,-0.007,-1.0,0.561692243,-0.001019232,0.002490384,-0.001019232,-0.561692243,0.005490384
1581252337.0793402,000000000401,e78f135624ce,-69,8.133856481,12.762729087,1.83459363,0.002864543,-0.005729087,-1.0,0.862147349,0.004135457,0.003864543,0.004135457,-0.862147349,0.004864543
1581252337.5372694,000000000401,e78f135624ce,-69,8.341937669,12.752582228,1.828194076,-0.003417772,-0.001194076,-1.0,0.95608886,0.007,-0.002611848,0.007,-0.95608886,0.000388152
1581252337.98829,000000000401,e78f135624ce,-67,8.557364336,12.748087855,1.825543928,-0.012,0.001,-1.0,0.985824289,0.011,-0.012,0.011,-0.985824289,-0.001456072
1581252338.44328,000000000401,e78f135624ce,-74,8.775343455,12.743730856,1.824,-0.009596284,0.000865428,-1.0,0.995269144,0.012,-0.009596284,0.012,-0.995269144,-0.001
1581252339.3463662,000000000401,e78f135624ce,-69,9.226155711,12.71554881,1.833419524,0.015160952,0.008709762,-0.999709762,0.718883816,0.007419524,-0.003160952,0.007419524,-0.718883816,-0.002839048
1581252339.7992673,000000000401,e78f135624ce,-66,9.450763786,12.697466853,1.838766574,0.011233426,0.006116713,-1.0,0.842464065,0.008,0.000883287,0.008,-0.842464065,-0.003
1581252340.259269,000000000401,e78f135624ce,-65,9.689990126,12.695726824,1.841331688,0.011697568,0.00387804,-0.999,0.58487804,0.007,-0.015151216,0.006575608,-0.584302432,-2.9256e-05
1581252340.7182572,000000000401,e78f135624ce,-67,9.943509959,12.705081062,1.854219602,0.017300664,0.001520266,-0.999,0.175294722,0.004219602,-0.027520266,0.004219602,-0.174294722,-0.003959469
1581252341.1712623,000000000401,e78f135624ce,-70,10.214763971,12.729341118,1.845219627,0.017439255,0.006890186,-0.999890186,-0.626394776,-0.000890186,-0.020549069,-0.000890186,0.62650459,0.004890186
1581252341.628331,000000000401,e78f135624ce,-83,10.473802172,12.744597275,1.840467575,0.004402725,0.007,-1.0,-0.880232148,-0.004,-0.0048703,-0.004,0.880699723,0.007
1581252342.078344,000000000401,e78f135624ce,-72,10.731226597,12.755231735,1.836,0.001,0.005884132,-1.0,-0.961274543,-0.007,-0.001,-0.007,0.961274543,0.005
1581252342.5333126,000000000401,e78f135624ce,-73,10.968591263,12.75956335,1.832239442,0.002478883,0.001478883,-1.0,-0.569733734,-0.002718325,-0.000281675,-0.002718325,0.569494293,0.007760558
1581252342.9883516,000000000401,e78f135624ce,-86,11.186052885,12.77,1.842755885,0.00817059,0.003585295,-0.999585295,-0.190650116,0.002414705,-0.020073525,0.002,0.19106482,0.00482941
1581252343.4422805,000000000401,e78f135624ce,-87,11.390774376,12.765120625,1.849120625,0.00175875,0.008,-0.999,-0.086235312,0.004060313,-0.032180938,0.004060313,0.086235312,0.004939687
1581252343.8972476,000000000401,e78f135624ce,-75,11.537082032,12.750549683,1.829479492,0.00307019,0.000619873,-0.999,-0.030643556,0.005,-0.027619873,0.005,0.030643556,0.01307019
1581252344.3543112,000000000401,e78f135624ce,-77,11.629312949,12.735345135,1.805993563,0.005661302,-0.005338698,-0.999,0.004732113,0.004,-0.019670958,0.004,-0.004064373,0.018670958
1581252344.8062541,000000000401,e78f135624ce,-74,11.678433287,12.744559223,1.808755618,-0.000685159,-0.002685159,-0.999,0.025033008,0.003062968,-0.023811096,0.003,-0.025033008,0.014748127
1581252345.257268,000000000401,e78f135624ce,-75,11.715041938,12.733078493,1.795916124,-0.003120431,-0.011481722,-0.999,0.399001124,0.006560215,-0.017319354,0.006560215,-0.399001124,0.018361292
1581252345.7083523,000000000401,e78f135624ce,-75,11.74210365,12.713080292,1.746160584,-0.006183942,-0.028551825,-0.999,0.808932847,0.008,-0.010816058,0.008,-0.808932847,0.031183942
1581252346.1682312,000000000401,e78f135624ce,-85,11.758594783,12.700405217,1.715945505,-0.007,-0.034,-0.999,0.940163484,0.008,-0.009,0.009,-0.939163484,0.034864928
1581252346.6252358,000000000401,e78f135624ce,-76,11.762923561,12.705229318,1.747923561,0.003770682,-0.015076439,-0.999,0.333806237,0.007076439,-0.011614659,0.007076439,-0.333806237,0.023
1581252347.0762377,000000000401,e78f135624ce,-74,11.758983657,12.73613074,1.79006537,-0.005,0.001,-0.999,0.13651283,0.006983657,-0.024081713,0.006983657,-0.13651283,0.009016343
1581252347.5292492,000000000401,e78f135624ce,-74,11.765449296,12.639323811,1.838986941,0.033600898,0.015930218,-0.99358233,0.186751479,0.004968374,0.008018568,0.009031626,-0.190137523,-0.006607427
1581252347.9842124,000000000401,e78f135624ce,-79,11.776355518,12.573425487,1.853241749,0.016243458,0.020598975,-0.993933447,0.262196242,0.005,0.01946587,0.008711035,-0.263840725,-0.006665528
1581252348.4432285,000000000401,e78f135624ce,-70,11.778560571,12.402731262,1.839412975,0.058376653,-0.023071594,-0.991874449,0.213496746,0.009125551,-0.001618938,0.012874449,-0.213371195,-0.015237875
1581252348.4462063,000000000401,e78f135624ce,-72,11.778411679,12.401284879,1.837519916,0.058504275,-0.023773514,-0.991831908,0.218069867,0.009168092,-0.00115099,0.012831908,-0.217901775,-0.014301981
1581252348.900236,000000000401,e78f135624ce,-68,11.775689054,12.271218916,1.729420404,0.039420404,-0.042621892,-0.994689054,0.228798512,0.010310946,0.001865675,0.01,-0.227109458,0.035445271
1581252349.3552282,000000000401,e78f135624ce,-64,11.774201072,12.180842357,1.736766215,0.01504075,-0.025277214,-0.996720107,0.292190356,0.010720107,-0.008279893,0.009720107,-0.29163057,0.029277214
1581252349.811251,000000000401,e78f135624ce,-60,11.756101454,12.0086669,1.665405817,0.030695637,-0.047101454,-0.995,0.239521815,0.010898546,0.016492728,0.008,-0.238420361,0.047202909
1581252350.2652574,000000000401,e78f135624ce,-72,11.758731504,11.871038789,1.68557578,0.025723746,-0.037350237,-0.997455251,0.256016084,0.011,0.013902744,0.009,-0.255016084,0.035439735
1581252350.7222319,000000000401,e78f135624ce,-61,11.757572432,11.618469692,1.734227825,0.055924058,-0.028717295,-0.994786216,-0.018902997,0.005572432,-0.017565411,0.004572432,0.021116781,0.011992979
1581252351.1823049,000000000401,e78f135624ce,-66,11.761696624,11.46303376,1.747786496,0.035809003,-0.008505627,-0.997,-0.061044858,0.006101125,-0.024797749,0.006,0.062044858,0.013303376
1581252352.096242,000000000401,e78f135624ce,-73,11.762819803,11.181917332,1.780728218,0.001545049,-0.002273268,-0.999,0.019553966,0.007636634,-0.020181683,0.006818317,-0.019553966,0.008545049
1581252352.5492094,000000000401,e78f135624ce,-75,11.718911226,10.998003475,1.805223673,-0.004582245,-0.002776327,-0.999,-0.301009583,-0.00083551,-0.01216449,-0.00083551,0.301009583,0.004805918
1581252353.005223,000000000401,e78f135624ce,-62,11.726013434,10.769570445,1.793532438,0.004597313,0.001597313,-0.999,0.030268679,-0.004064875,-0.007532438,-0.004064875,-0.030268679,0.011064875
1581252353.4612386,000000000401,e78f135624ce,-66,11.765775326,10.6084435,1.789741558,0.009870779,-0.005258442,-1.0,0.695983778,-0.001129221,0.006,-0.001129221,-0.695983778,0.009129221
1581252353.9172285,000000000401,e78f135624ce,-67,11.780319714,10.427018392,1.795866189,0.012,-0.005453524,-1.0,0.903290088,-0.001226762,0.010773238,-0.001453524,-0.90351685,0.007226762
1581252354.826306,000000000401,e78f135624ce,-72,11.771984449,10.012973643,1.794953347,0.000953347,-0.009031102,-1.0,0.990046653,0.003,0.000953347,0.003,-0.990046653,0.009031102
1581252355.2762253,000000000401,e78f135624ce,-64,11.761854409,9.776623789,1.788,-0.004,-0.012370882,-1.0,0.996629118,0.003629118,-0.004,0.003629118,-0.996629118,0.012370882
1581252355.727214,000000000401,e78f135624ce,-70,11.763,9.537873455,1.795008436,0.003,-0.008495782,-1.0,0.999,0.006,0.003,0.006,-0.999,0.008747891
1581252356.1872044,000000000401,e78f135624ce,-63,11.765397039,9.318894214,1.814794078,0.003939704,-0.002482369,-1.0,0.999939704,0.008758816,0.003939704,0.008758816,-0.999,0.002482369
1581252356.6382105,000000000401,e78f135624ce,-77,11.782466471,9.122114703,1.840488824,0.004488824,0.004,-1.0,1.0,0.013488824,0.004488824,0.013488824,-1.0,-0.004
1581252357.0981898,000000000401,e78f135624ce,-71,11.794,8.899375083,1.822750003,0.016249997,-0.002124999,-1.0,1.0,0.010249997,0.016249997,0.010124999,-1.0,0.002124999
1581252357.5552638,000000000401,e78f135624ce,-62,11.795416803,8.654962902,1.817625205,0.023,-0.002,-1.0,1.0,0.008208402,0.023,0.008208402,-1.0,0.002
1581252358.0092776,000000000401,e78f135624ce,-62,11.796073748,8.406507429,1.819073748,0.017610622,-0.001,-1.0,1.0,0.009536874,0.017610622,0.009536874,-1.0,0.001
1581252358.4651911,000000000401,e78f135624ce,-61,11.799,8.153217281,1.830592892,0.010555331,0.005148223,-1.0,1.0,0.008296446,0.010555331,0.008296446,-1.0,-0.005
1581252358.9192154,000000000401,e78f135624ce,-68,11.783458627,7.904427817,1.828018926,-0.00231206,0.009,-1.0,0.667044894,0.007,-0.001853433,0.007,-0.667274208,-0.001082746
1581252360.2842257,000000000401,e78f135624ce,-62,11.740454946,7.112128548,1.875909893,0.003909893,0.018613737,-0.999,0.563536856,0.011613737,0.006682419,0.011613737,-0.563536856,-0.01284121
1581252360.7341816,000000000401,e78f135624ce,-76,11.741398522,6.799907739,1.844601478,0.012568261,0.00991513,-0.999,0.220937303,0.004457565,0.022025826,0.004457565,-0.221937303,0.00808487
1581252361.193243,000000000401,e78f135624ce,-65,11.727279922,6.567211032,1.812866144,-0.004466536,0.002746457,-0.998,0.084517333,0.005,0.021160235,0.005,-0.084517333,0.02334685
1581252361.1961865,000000000401,e78f135624ce,-69,11.727206334,6.565052452,1.812375557,-0.004343889,0.002550223,-0.998,0.082015342,0.005,0.021380999,0.005,-0.082015342,0.023518555
1581252361.647183,000000000401,e78f135624ce,-65,11.715954283,6.310602753,1.745294274,-0.007431425,-0.022045717,-0.997,-0.033711495,0.006,0.026660009,0.005,0.035188637,0.037
1581252362.100187,000000000401,e78f135624ce,-77,11.697818969,6.050940658,1.647556517,0.010362063,-0.052588132,-0.995,0.331447369,0.008606323,0.033737549,0.007606323,-0.32870982,0.058737549
1581252362.5501854,000000000401,e78f135624ce,-74,11.689473007,5.705701808,1.671209511,0.041161956,-0.012946015,-0.995736504,0.325330341,0.009473007,0.035526993,0.009473007,-0.326330341,0.035263496
1581252363.0061839,000000000401,e78f135624ce,-66,11.694,5.48473,1.711766515,0.014796061,-0.008407879,-0.998,0.09173697,0.012,0.035990151,0.01139803,-0.09173697,0.022611818
1581252363.4591827,000000000401,e78f135624ce,-61,11.705927033,5.279621979,1.740416264,0.013364835,-0.005598681,-0.998963516,0.314915605,0.014890549,0.03127033,0.013890549,-0.314915605,0.015255385
1581252363.9142938,000000000401,e78f135624ce,-71,11.696992692,4.93084083,1.712658141,0.030978077,0.000658141,-0.997334551,-0.19901302,0.009669103,-0.011305321,0.009003654,0.20001302,0.029003654
1581252364.3751605,000000000401,e78f135624ce,-70,11.712696688,4.662534575,1.747732713,0.028303312,0.009321325,-0.998,-0.073751333,0.009018013,-0.02892795,0.008678675,0.074411996,0.01264265
1581252364.831215,000000000401,e78f135624ce,-69,11.739,4.60574425,1.771578258,0.002,0.002900767,-0.999,0.660923765,0.015024808,-0.016173658,0.015024808,-0.660923765,0.00414885
1581252365.2863288,000000000401,e78f135624ce,-64,11.741149571,4.466433347,1.785259828,0.011259828,-0.000629914,-1.0,0.89167691,0.013,0.005519657,0.013,-0.89167691,0.003
1581252365.7381928,000000000401,e78f135624ce,-65,11.747519275,4.331470509,1.791298188,0.013480725,-0.002740362,-1.0,0.965596376,0.013,0.011740362,0.013,-0.965596376,0.003740362
1581252366.1901639,000000000401,e78f135624ce,-65,11.747118967,4.23137934,1.800524132,0.013118967,-0.002118967,-1.0,0.988524132,0.011118967,0.012118967,0.011118967,-0.988524132,0.002237934
1581252366.6442258,000000000401,e78f135624ce,-72,11.741094802,4.17802141,1.802452599,0.011,-0.003452599,-1.0,0.996452599,0.010547401,0.011,0.010547401,-0.996452599,0.003452599
1581252367.104135,000000000401,e78f135624ce,-78,11.737911863,4.152294905,1.804,0.007088137,-0.004,-1.0,0.999,0.007088137,0.007088137,0.007088137,-0.999,0.004
1581252367.5561588,000000000401,e78f135624ce,-76,11.737546874,4.127093748,1.797453126,0.009,-0.006273437,-1.0,0.999726563,0.009273437,0.009,0.009,-0.999726563,0.006273437
1581252368.0111945,000000000401,e78f135624ce,-78,11.72940539,4.116783831,1.803189221,0.009,-0.004,-1.0,1.0,0.009,0.009,0.009,-1.0,0.004
1581252368.4721074,000000000401,e78f135624ce,-66,11.735882217,4.106764433,1.793117783,0.01,-0.007882217,-1.0,1.0,0.009,0.01,0.009,-1.0,0.007882217
