1581252284.781878,000000000202,e78f135624ce,-80,11.73722865,4.283914598,1.786457299,0.037542701,-0.004542701,-0.999,0.999,0.018,0.03677135,0.018,-0.99977135,0.005542701
1581252285.238909,000000000202,e78f135624ce,-78,11.74,4.288238939,1.792761061,0.036761061,-0.001,-0.999,0.99911947,0.018,0.03588053,0.018,-0.99988053,0.00211947
1581252285.6929126,000000000202,e78f135624ce,-81,11.673740408,4.251572608,1.75026712,0.003740408,0.01836644,-0.999,0.236884175,0.009526712,0.039946576,0.010526712,-0.237884175,0.017839728
1581252286.1468892,000000000202,e78f135624ce,-78,11.692320703,4.211198241,1.77296211,0.022320703,0.003839648,-0.999,0.757903916,0.012,0.033839648,0.012839648,-0.758064267,0.007679297
1581252286.6029499,000000000202,e78f135624ce,-73,11.701804635,4.181781459,1.798632447,0.03,0.004,-0.999,0.922725153,0.013195365,0.034195365,0.014,-0.922920518,0.000195365
1581252287.0588818,000000000202,e78f135624ce,-85,11.719616063,4.160383937,1.803616063,0.032,-0.001,-0.999,0.974232127,0.012191968,0.033595984,0.012191968,-0.975232127,0.002595984
1581252287.5169225,000000000202,e78f135624ce,-85,11.734112837,4.133774326,1.806932298,0.038045135,-0.003022567,-0.999,0.991045135,0.009,0.038045135,0.009,-0.992045135,0.003045135
1581252287.9699044,000000000202,e78f135624ce,-77,11.736318111,4.127,1.818,0.036,0.000318111,-0.999,0.996681889,0.009,0.036318111,0.009,-0.997681889,-0.000318111
1581252288.4279072,000000000202,e78f135624ce,-76,11.738381909,4.12394473,1.819854274,0.036145726,-0.000381909,-0.999,0.998381909,0.010145726,0.036145726,0.010145726,-0.999,0.000381909
1581252288.4308898,000000000202,e78f135624ce,-72,11.738403213,4.123774294,1.81979036,0.03620964,-0.000403213,-0.999,0.998403213,0.01020964,0.03620964,0.01020964,-0.999,0.000403213
1581252288.887895,000000000202,e78f135624ce,-74,11.737096108,4.113288324,1.814288324,0.037903892,-0.001903892,-0.999,0.999,0.010096108,0.037903892,0.010096108,-1.0,0.001903892
1581252289.3389122,000000000202,e78f135624ce,-77,11.732968938,4.123031062,1.820614897,0.035,-3.1062e-05,-0.999,0.999,0.011322979,0.035,0.011322979,-1.0,0.001031062
1581252289.7919219,000000000202,e78f135624ce,-82,11.715335757,4.12545803,1.811,0.04145803,-0.005,-0.999,0.999,0.007,0.04145803,0.007,-1.0,0.005
1581252290.241916,000000000202,e78f135624ce,-84,11.647291984,4.123346525,1.816173262,0.049653475,-0.002826738,-0.999,0.999,0.007173262,0.049653475,0.007173262,-1.0,0.002826738
1581252290.6939058,000000000202,e78f135624ce,-79,11.556734545,4.12,1.812372288,0.060372288,-0.005542571,-0.998,0.998,0.007542571,0.060372288,0.007542571,-1.0,0.005542571
1581252291.1499178,000000000202,e78f135624ce,-73,11.427237575,4.141476243,1.816119061,0.057285636,-0.005,-0.998119061,0.998,0.006119061,0.057285636,0.005238121,-1.0,0.006
1581252291.5999062,000000000202,e78f135624ce,-78,11.295223476,4.17298553,1.817561093,0.02501447,-0.003863344,-0.999,0.999,0.011712219,0.02501447,0.011712219,-1.0,0.003863344
1581252292.0549257,000000000202,e78f135624ce,-81,11.148817878,4.197012141,1.836349522,0.00466262,0.00333738,-1.0,1.0,0.01433738,0.00466262,0.014,-1.0,-0.00333738
1581252292.5069888,000000000202,e78f135624ce,-75,10.98940734,4.217484142,1.849885365,-0.002828047,0.007942682,-1.0,1.0,0.017,-0.002828047,0.017,-1.0,-0.007942682
1581252292.958919,000000000202,e78f135624ce,-74,10.820500048,4.230427084,1.842562506,-0.002854169,0.002281253,-1.0,1.0,0.019572916,-0.002854169,0.019572916,-1.0,-0.002281253
1581252293.4110081,000000000202,e78f135624ce,-82,10.568511554,4.215386889,1.83579563,-0.009408741,0.007408741,-1.0,-0.265917782,0.003386889,0.007613111,0.003386889,0.265917782,0.00720437
1581252294.3158925,000000000202,e78f135624ce,-77,10.133846399,4.194142459,1.82642877,-0.039715082,0.01157123,-0.999,-0.922861719,-0.004857541,0.038715082,-0.003857541,0.923861719,0.01157123
1581252294.7669008,000000000202,e78f135624ce,-77,10.012200266,4.191876964,1.837020506,-0.000753928,0.010979494,-0.999,0.251162719,0.007041012,0.031082024,0.008020506,-0.251162719,-0.002041012
1581252296.5709178,000000000202,e78f135624ce,-80,9.332535822,4.134309897,1.819464845,0.044436855,0.000535155,-0.998422526,0.762103641,0.011887371,0.052887371,0.011887371,-0.763681115,0.004690103
1581252297.0279355,000000000202,e78f135624ce,-80,9.092839171,4.141285992,1.797968223,-0.0214131,0.014,-0.998,-0.439830088,0.004968223,0.053127108,0.005968223,0.439861864,0.015
1581252297.0310595,000000000202,e78f135624ce,-75,9.09090797,4.141541592,1.797939823,-0.0217823,0.014,-0.998,-0.44414689,0.004939823,0.053240708,0.005939823,0.444207067,0.015
1581252297.4789503,000000000202,e78f135624ce,-70,8.86527156,4.158624634,1.794350146,-0.038873902,0.011624634,-0.998,-0.600105606,0.00402522,0.060324927,0.004350146,0.601105606,0.014324927
1581252297.9329457,000000000202,e78f135624ce,-72,8.669676519,4.142535304,1.791692939,-0.023417077,0.009614122,-0.998,-0.501934319,0.005692939,0.058732348,0.006039409,0.50258785,0.01465353
1581252298.394827,000000000202,e78f135624ce,-72,8.444400071,4.154519347,1.796777423,-0.042445154,0.010148385,-0.998,-0.756970891,-0.000148385,0.062,0.000851615,0.757970891,0.013074192
1581252298.84592,000000000202,e78f135624ce,-76,8.227310491,4.174249096,1.794350181,-0.056649819,0.013,-0.998,-0.918895297,-0.004350181,0.063350181,-0.003700362,0.920895297,0.014350181
1581252299.302958,000000000202,e78f135624ce,-77,8.021259515,4.195518509,1.791740746,-0.057481491,0.012259254,-0.998,-0.973074036,-0.004259254,0.059222237,-0.004,0.974814781,0.013
1581252299.754917,000000000202,e78f135624ce,-81,7.830259784,4.200549466,1.792549466,-0.046450534,0.009300356,-0.999,-0.990549466,-0.003300356,0.047300356,-0.003150178,0.991549466,0.009450534
1581252300.2139313,000000000202,e78f135624ce,-71,7.624134373,4.214741841,1.790069097,-0.04,0.01,-0.999,-0.996534549,-0.003396354,0.04,-0.002930903,0.997534549,0.01
1581252300.6679265,000000000202,e78f135624ce,-75,7.430063364,4.225180666,1.796180666,-0.035,0.007180666,-0.999,-0.998180666,-0.003180666,0.035,-0.003180666,0.999,0.008
1581252301.1209297,000000000202,e78f135624ce,-75,7.231775527,4.209391837,1.788412244,-0.030804081,0.011391837,-0.999,-0.999,-0.003391837,0.030804081,-0.003195919,0.999804081,0.011391837
1581252301.5749218,000000000202,e78f135624ce,-77,7.032703852,4.226158636,1.784,-0.038579318,0.013,-0.999,-0.999,-0.003579318,0.038579318,-0.003579318,1.0,0.013
1581252302.0269327,000000000202,e78f135624ce,-71,6.965857527,4.248062317,1.761854594,-0.031062317,-0.004896139,-0.998,-0.068991202,0.007958456,0.009124633,0.008958456,0.068991202,0.018041544
1581252302.9349606,000000000202,e78f135624ce,-81,6.771960782,4.218116972,1.781558486,-0.009311697,-0.003376606,-0.999,0.721559168,0.013623394,-0.001246789,0.014311697,-0.721559168,0.005376606
1581252303.3859246,000000000202,e78f135624ce,-82,6.657986919,4.251367888,1.762780575,-0.01250327,-0.008787116,-0.999,0.910729236,0.015,-0.010432309,0.015,-0.910800197,0.009787116
1581252303.8449888,000000000202,e78f135624ce,-79,6.44908837,4.265472558,1.752752559,-0.023351628,-0.005763721,-0.999,0.463523713,0.010472558,0.001230698,0.010472558,-0.463523713,0.01212093
1581252304.3039336,000000000202,e78f135624ce,-77,6.215990541,4.20864348,1.7430844,-0.01601688,0.01621202,-0.999,-0.136444997,0.00126266,0.01050844,0.00150844,0.136444997,0.01896624
1581252305.2219932,000000000202,e78f135624ce,-83,5.923875612,4.485105612,1.760021282,-0.112694777,0.01424468,-0.969364971,-0.370635029,0.000193126,0.077549107,-0.002982816,0.384162854,0.012051553
1581252306.1369286,000000000202,e78f135624ce,-76,5.832001518,4.458193856,1.825436646,-0.043688544,0.01012519,-0.986687026,-0.838306903,-0.01087481,0.037563354,-0.01287481,0.847557282,0.01012519
1581252307.4999654,000000000202,e78f135624ce,-83,5.796015012,4.561282328,1.794261259,-0.080171188,0.014246247,-0.982768765,-0.475147222,-0.004246247,0.0711862,-0.005738741,0.49113221,0.015738741
1581252307.9569836,000000000202,e78f135624ce,-82,5.796127179,5.290349896,1.86821304,-0.265174948,-0.00465978,-0.923275017,-0.49224015,-0.001,0.208302127,-0.01121304,0.550198832,-0.00465978
1581252308.4081023,000000000202,e78f135624ce,-85,5.785195176,4.823095367,1.823414472,-0.088755475,0.010707236,-0.975585528,-0.508705015,-0.002902412,0.074755475,-0.005804824,0.527119487,0.010097588
1581252308.8639653,000000000202,e78f135624ce,-78,5.779385213,4.607081706,1.780770427,-0.045831128,0.019722957,-0.991168872,-0.377221801,0.001722957,0.036831128,0.001445915,0.382775886,0.017722957
1581252310.2209725,000000000202,e78f135624ce,-81,5.817117889,4.588825221,1.751717067,0.0047878,0.022023578,-0.997488211,-0.347972314,-0.002976422,-0.014511789,-0.002464633,0.347460525,0.022070733
1581252310.6747148,000000000202,e78f135624ce,-79,5.866247684,4.780550339,1.762,-0.021532119,0.011376158,-0.99815596,0.033330142,0.003,-0.012908277,0.003,-0.034330142,0.01284404
1581252311.1299598,000000000202,e78f135624ce,-78,5.882428007,4.886979995,1.74787602,0.007143985,0.013571993,-0.998204001,-0.024607789,0.001816004,-0.014959989,0.001816004,0.024607789,0.01916399
1581252311.5830767,000000000202,e78f135624ce,-84,5.879189388,5.002125295,1.726727344,0.025731022,-0.001,-0.996405306,-0.081591016,0.000810612,-0.028,-0.000189388,0.082591016,0.030352246
1581252312.040945,000000000202,e78f135624ce,-81,5.898,5.22578888,1.78,0.010162625,0.001891583,-0.998,0.35857776,0.010891583,-0.004945792,0.010891583,-0.35857776,0.005891583
1581252312.9539979,000000000202,e78f135624ce,-70,5.87156907,5.621817648,1.680265272,-0.015237571,-0.044292791,-0.994618786,0.694071731,0.013618786,-0.025093928,0.014,-0.692309302,0.046911576
1581252313.4079537,000000000202,e78f135624ce,-80,5.838972971,5.817162429,1.60394611,-0.01578385,-0.062081004,-0.992945941,0.595919165,0.010108117,-0.031648703,0.011054059,-0.591973224,0.066026945
1581252313.86495,000000000202,e78f135624ce,-83,5.835012749,6.102163341,1.707826312,-0.029821508,-0.024834257,-0.989658167,0.666239837,0.008658167,-0.040923503,0.010670916,-0.663898004,0.017796009
1581252314.3189878,000000000202,e78f135624ce,-75,5.839863696,6.340592399,1.716,-0.018,-0.018848405,-0.994287899,0.260133681,-0.002727392,-0.042136304,-0.000727392,-0.259133681,0.022575797
1581252314.7699676,000000000202,e78f135624ce,-73,5.842777347,6.64120325,1.741886733,-0.030777347,-0.011113267,-0.996888673,0.044685423,-0.004111327,-0.016222653,-0.004,-0.044685423,0.01533398
1581252316.1369972,000000000202,e78f135624ce,-72,5.839127864,7.334714708,1.774110372,-0.001837152,0.011563932,-0.999,0.045800936,-0.002436068,-0.024127864,-0.002436068,-0.045800936,0.008017492
1581252316.5959792,000000000202,e78f135624ce,-74,5.862405615,7.598671847,1.796125846,-0.034937077,0.006594385,-0.998,0.533370769,0.005,-0.044594385,0.005,-0.534370769,0.001937077
1581252317.0470514,000000000202,e78f135624ce,-80,5.90116618,7.814305701,1.82056976,-0.02990504,0.00716618,-0.999,0.823139521,0.01102374,-0.0318813,0.01102374,-0.824139521,-0.00418992
1581252317.4980838,000000000202,e78f135624ce,-72,5.923688845,8.034126418,1.838682192,-0.015986693,0.008337769,-0.999668885,0.943039921,0.012668885,-0.016986693,0.012668885,-0.943708806,-0.007337769
1581252318.4110205,000000000202,e78f135624ce,-78,5.900905992,8.54947831,1.841,-0.048188017,0.005,-0.998,0.962470042,0.014952996,-0.050141013,0.014952996,-0.964423038,-0.005047004
1581252318.8649435,000000000202,e78f135624ce,-68,5.913,8.789352478,1.870536943,-0.051,0.013204706,-0.998,0.986563765,0.015922824,-0.051,0.015922824,-0.987922824,-0.014204706
1581252319.322982,000000000202,e78f135624ce,-70,5.942259473,9.001049455,1.894037893,-0.052481053,0.016259473,-0.998,0.994518947,0.009,-0.052481053,0.008740527,-0.996259473,-0.017259473
1581252319.7739606,000000000202,e78f135624ce,-77,5.94278767,9.213863027,1.911897262,-0.050472602,0.021684932,-0.998,0.997,0.008,-0.050472602,0.007,-0.998,-0.021684932
1581252320.2249684,000000000202,e78f135624ce,-74,5.955603189,9.469798628,1.910137586,-0.048603189,0.021068793,-0.998,0.998,0.009,-0.048603189,0.008,-0.999,-0.021603189
1581252320.6749759,000000000202,e78f135624ce,-68,5.956081046,9.736321568,1.878594771,-0.045243137,0.008918954,-0.998,0.998918954,0.010837909,-0.045243137,0.009918954,-1.0,-0.009918954
1581252321.1359477,000000000202,e78f135624ce,-74,5.92356153,9.916178492,1.852734848,-8.6659e-05,0.019575388,-0.997237435,0.350691611,-0.001,-0.052287694,-0.002,-0.350691611,0.00243847
1581252321.5899591,000000000202,e78f135624ce,-65,5.889379326,10.017827874,1.89724181,0.053103831,0.013448084,-0.995620674,-0.106900798,-0.008758653,-0.067586526,-0.008758653,0.110280124,-0.009896632
1581252322.0469975,000000000202,e78f135624ce,-73,5.877021313,10.224918139,1.915957375,0.031829499,0.005042625,-0.996021313,0.087337613,-0.000957375,-0.066914749,-0.000957375,-0.084358926,-0.013
1581252322.5080063,000000000202,e78f135624ce,-65,5.869878964,10.51989773,1.917082849,0.016923625,0.002280259,-0.997,-0.03157994,-0.001840777,-0.047719741,-0.001560518,0.032860199,-0.013121036
1581252322.5126698,000000000202,e78f135624ce,-65,5.870022455,10.52298279,1.916688248,0.016421406,0.002244386,-0.997,-0.028817735,-0.001733158,-0.047755614,-0.001488772,0.030062121,-0.012977545
1581252322.9639912,000000000202,e78f135624ce,-69,5.836331858,10.86925095,1.89195512,0.014430468,-0.005192794,-0.997618837,-0.412963971,-0.01,-0.040286979,-0.008618837,0.413345134,-0.002762326
1581252323.4209657,000000000202,e78f135624ce,-67,5.843447821,11.065383078,1.915050198,0.003598415,0.005899604,-0.997050198,0.261681666,0.002849406,-0.018397623,0.002849406,-0.260681666,-0.011899604
1581252323.8729875,000000000202,e78f135624ce,-68,5.843236504,11.429983287,1.950526993,-0.014345437,0.016727185,-0.994654563,0.187870507,0.007345437,-0.008381748,0.005,-0.188870507,-0.019763496
1581252324.3311617,000000000202,e78f135624ce,-66,5.842775942,11.618852609,1.868409782,-0.010775942,0.002081956,-0.997306015,0.277961666,0.009081956,-0.010857898,0.008081956,-0.278961666,0.007224058
1581252324.7820415,000000000202,e78f135624ce,-65,5.821572237,11.828416444,1.781525966,-0.017855526,-0.012713881,-0.998,0.143092543,0.006904627,-0.000237017,0.007809254,-0.143092543,0.027713881
1581252325.2439651,000000000202,e78f135624ce,-67,5.833446928,11.909019574,1.921083791,0.025648039,0.002505588,-0.991611732,0.065002778,0.005611732,0.023223464,0.011388268,-0.066391046,-0.023153628
1581252325.6969981,000000000202,e78f135624ce,-70,5.844753132,12.176298777,1.769508055,-0.005506265,0.030495525,-0.994250447,-0.214695853,-0.000749553,0.018502685,0.002,0.214946301,0.026495525
1581252326.1470516,000000000202,e78f135624ce,-73,5.865985679,12.425928395,1.799565291,-0.005304127,0.009579612,-0.997,0.035026949,0.002289806,0.018130582,0.002434709,-0.035026949,0.008289806
1581252326.6039598,000000000202,e78f135624ce,-65,5.88790036,12.537605046,1.792848738,0.01609964,-0.003800721,-0.99845018,0.021387745,0.002,0.014848738,0.002,-0.021387745,0.009350541
1581252327.0549667,000000000202,e78f135624ce,-65,5.913004788,12.597052667,1.780023939,0.013014364,-0.010990424,-0.997004788,0.544037635,0.007990424,0.010990424,0.007990424,-0.546032848,0.012985636
1581252327.514969,000000000202,e78f135624ce,-72,5.914,12.688925172,1.773920632,-0.00043613,-0.014462586,-0.999,0.631040076,0.007718065,-0.005,0.007718065,-0.631322011,0.014744521
1581252327.9659848,000000000202,e78f135624ce,-69,5.914,12.738049954,1.719213691,-0.003,-0.030104533,-0.999,0.831408881,0.008,-0.005,0.008368178,-0.830777058,0.030736355
1581252328.4160848,000000000202,e78f135624ce,-69,5.956964753,12.604258476,1.729953004,0.051859013,-0.020011749,-0.997011749,0.942907351,0.012,0.050835515,0.011988251,-0.945895602,0.021011749
1581252328.8770168,000000000202,e78f135624ce,-74,5.936402106,12.698350311,1.700783581,0.009123791,-0.030958736,-0.998340211,0.80522652,0.009659789,0.00544337,0.009659789,-0.80556673,0.030958736
1581252329.3320377,000000000202,e78f135624ce,-65,5.906247336,12.810250888,1.721770427,-0.021745559,-0.019742007,-0.998250888,0.533560833,0.004498224,-0.028749112,0.005498224,-0.534560833,0.018992895
1581252329.793035,000000000202,e78f135624ce,-71,5.906649078,12.601476199,1.835157011,0.071455166,0.020368081,-0.985315959,0.372927491,0.001,0.061104244,0.009298155,-0.384786993,-0.019455812
1581252330.2449763,000000000202,e78f135624ce,-70,5.898372239,12.681820198,1.813170348,0.020946369,0.0,-0.994085174,0.122022089,0.001,0.006946369,0.004457413,-0.126022089,0.001457413
1581252330.697132,000000000202,e78f135624ce,-74,5.909047332,12.706920108,1.790920108,0.016127224,-0.009952668,-0.997174555,0.120014771,-0.001,-0.004047332,-0.0,-0.121840216,0.011127224
1581252331.1569915,000000000202,e78f135624ce,-69,5.94723733,12.791456834,1.801181055,-0.019673541,0.001272982,-0.998,0.013261792,-0.002709193,0.00523733,-0.001854596,-0.013261792,0.008982174
1581252332.0649946,000000000202,e78f135624ce,-68,6.109606142,12.811957961,1.84231932,-0.001935003,-0.017,-0.994,-0.185938879,-0.003912045,0.048055456,-0.005,0.186026834,0.003736136
1581252332.52476,000000000202,e78f135624ce,-72,6.248639389,12.655218437,1.918931699,0.050137239,-0.005141538,-0.984967999,-0.235967999,-0.005543385,0.024022767,-0.001141538,0.237967999,-0.017977233
1581252332.975035,000000000202,e78f135624ce,-68,6.404459616,12.705351539,1.840729808,-0.007951423,0.019718885,-0.991389192,-0.689713423,-0.011832423,0.036891923,-0.010221615,0.690491808,0.012718885
1581252333.43417,000000000202,e78f135624ce,-72,6.575293262,12.78242209,1.814598775,-0.031775459,0.021176685,-0.995074847,-0.675195061,-0.010850306,0.039251531,-0.010775459,0.676120214,0.014625766
1581252333.887989,000000000202,e78f135624ce,-86,6.749597096,12.822023997,1.830365329,-0.017467635,-0.001607515,-0.997,-0.341676346,-0.005607515,0.01521503,-0.006303757,0.341676346,0.00713988
1581252334.797038,000000000202,e78f135624ce,-75,7.134754535,12.845227752,1.829829186,-0.023170814,0.003,-0.997,-0.371018142,-0.002829186,-0.001341628,-0.002829186,0.371018142,0.007056938
1581252335.2571387,000000000202,e78f135624ce,-65,7.330351788,12.784544577,1.830180721,-0.000544577,0.001091567,-0.999,-0.219848241,-0.008363856,-0.008819279,-0.008363856,0.219848241,0.008727712
1581252335.7110357,000000000202,e78f135624ce,-74,7.543638316,12.797747951,1.857,-0.009873976,-0.008718494,-0.999,-0.185189814,-0.007718494,0.00259247,-0.007718494,0.18547132,-0.001718494
1581252336.1680267,000000000202,e78f135624ce,-71,7.758365838,12.790572452,1.858625895,-0.007786226,-0.005946556,-0.999,-0.286158117,-0.008893113,0.002679339,-0.008946556,0.286158117,0.000106887
1581252337.0760329,000000000202,e78f135624ce,-69,8.132112607,12.76278922,1.834683831,0.00289461,-0.00578922,-1.0,0.861004812,0.00410539,0.00389461,0.00410539,-0.861004812,0.00489461
1581252337.5350022,000000000202,e78f135624ce,-71,8.341014627,12.752630809,1.82821027,-0.003369191,-0.00121027,-1.0,0.955845954,0.007,-0.002579461,0.007,-0.955845954,0.000420539
1581252337.984996,000000000202,e78f135624ce,-73,8.555952626,12.748134912,1.825567456,-0.012,0.001,-1.0,0.985730175,0.011,-0.012,0.011,-0.985730175,-0.001432544
1581252338.4410357,000000000202,e78f135624ce,-77,8.774349581,12.743762917,1.824,-0.009644375,0.000881458,-1.0,0.995237083,0.012,-0.009644375,0.012,-0.995237083,-0.001
1581252338.8941262,000000000202,e78f135624ce,-62,8.994914063,12.74027558,1.82572442,-0.00327558,0.00172442,-1.0,0.99872442,0.013,-0.00327558,0.013,-0.99872442,-0.00172442
1581252339.3471737,000000000202,e78f135624ce,-71,9.226640226,12.715512104,1.833404842,0.015190317,0.008702421,-0.999702421,0.717767964,0.007404842,-0.003190317,0.007404842,-0.717767964,-0.002809683
1581252340.716049,000000000202,e78f135624ce,-78,9.942235979,12.704945171,1.854270561,0.017215732,0.001486293,-0.999,0.181087081,0.004270561,-0.027486293,0.004270561,-0.180087081,-0.004027414
1581252341.1700072,000000000202,e78f135624ce,-70,10.213979573,12.729278366,1.845240545,0.017481089,0.006879728,-0.999879728,-0.625003777,-0.000879728,-0.020601362,-0.000879728,0.625124049,0.004879728
1581252342.5320272,000000000202,e78f135624ce,-76,10.968037589,12.759504027,1.832249329,0.002498658,0.001498658,-1.0,-0.572324135,-0.002747986,-0.000252014,-0.002747986,0.572074807,0.007750671
1581252342.9860432,000000000202,e78f135624ce,-73,11.185022998,12.77,1.842809155,0.008206104,0.003603052,-0.999603052,-0.192763159,0.002396948,-0.019984741,0.002,0.193160107,0.004793896
1581252343.4399977,000000000202,e78f135624ce,-80,11.389966596,12.765085504,1.849085504,0.001828992,0.008,-0.999,-0.087622586,0.004042752,-0.032128256,0.004042752,0.087622586,0.004957248
1581252343.8950293,000000000202,e78f135624ce,-81,11.536490499,12.75064211,1.829627375,0.003014734,0.000656844,-0.999,-0.029608373,0.005,-0.027656844,0.005,0.029608373,0.013014734
1581252344.3550615,000000000202,e78f135624ce,-72,11.629431747,12.735276357,1.806031078,0.005692565,-0.005307435,-0.999,0.004350708,0.004,-0.019645948,0.004,-0.003689221,0.018645948
1581252344.8080401,000000000202,e78f135624ce,-80,11.678556932,12.744655392,1.808590757,-0.000753851,-0.002753851,-0.999,0.025898527,0.00304923,-0.023852311,0.003,-0.025898527,0.014803081
1581252346.1661804,000000000202,e78f135624ce,-74,11.758543511,12.700456489,1.71606514,-0.007,-0.034,-0.999,0.93980458,0.008,-0.009,0.009,-0.93880458,0.034847837
1581252346.6230547,000000000202,e78f135624ce,-76,11.762883905,12.705348284,1.747883905,0.003651716,-0.015116095,-0.999,0.33707782,0.007116095,-0.011674142,0.007116095,-0.33707782,0.023
1581252347.0741546,000000000202,e78f135624ce,-78,11.758997962,12.735997962,1.789969423,-0.005,0.000989808,-0.999,0.137953115,0.006997962,-0.024002038,0.006997962,-0.137955153,0.009010192
1581252347.526065,000000000202,e78f135624ce,-69,11.765199119,12.642940014,1.83757685,0.032304523,0.015361633,-0.993764277,0.180815449,0.005036604,0.006540246,0.008963396,-0.184087775,-0.006016098
1581252347.9850183,000000000202,e78f135624ce,-79,11.776361274,12.572930462,1.853650433,0.016393116,0.02075439,-0.993916179,0.262766096,0.005,0.019586748,0.008722547,-0.264404823,-0.006838211
1581252348.4411721,000000000202,e78f135624ce,-69,11.778663389,12.403730064,1.840720231,0.058288524,-0.022586881,-0.991903825,0.210338767,0.009096175,-0.00194208,0.012903825,-0.210242592,-0.015884159
1581252348.898037,000000000202,e78f135624ce,-71,11.775669064,12.271618723,1.729640298,0.039640298,-0.042661872,-0.994669064,0.228978425,0.010330936,0.001985617,0.01,-0.227309361,0.035345319
1581252349.3531365,000000000202,e78f135624ce,-72,11.774391221,12.181260687,1.737869084,0.015173855,-0.024782824,-0.996739122,0.290479007,0.010739122,-0.008260878,0.009739122,-0.289957252,0.028782824
1581252349.8080385,000000000202,e78f135624ce,-75,11.756126165,12.009803613,1.665504662,0.030621504,-0.047126165,-0.995,0.239892482,0.010873835,0.016369173,0.008,-0.238766317,0.047252331
1581252350.2665753,000000000202,e78f135624ce,-66,11.758670675,11.870481183,1.685139834,0.025774438,-0.037542864,-0.997445112,0.25839858,0.011,0.013993988,0.009,-0.25739858,0.035652639
1581252350.7210338,000000000202,e78f135624ce,-76,11.757590863,11.619225386,1.734476652,0.055841116,-0.028772589,-0.994795432,-0.018432992,0.005590863,-0.017454822,0.004590863,0.02063756,0.011863958
1581252351.1810715,000000000202,e78f135624ce,-77,11.76166579,11.463342095,1.747663162,0.035891225,-0.008557016,-0.997,-0.060541244,0.006111403,-0.024777194,0.006,0.061541244,0.01333421
1581252351.6420844,000000000202,e78f135624ce,-75,11.765691111,11.319015563,1.747328146,0.016872593,-0.009617779,-0.998563704,0.082266683,0.008563704,-0.018127407,0.008,-0.081266683,0.015745186
1581252352.0970144,000000000202,e78f135624ce,-71,11.762742555,11.181524656,1.780683157,0.001564361,-0.002247518,-0.999,0.019148416,0.007623759,-0.02018812,0.00681188,-0.019148416,0.008564361
1581252353.003041,000000000202,e78f135624ce,-71,11.725761664,10.770124339,1.793549222,0.004647667,0.001647667,-0.999,0.025233283,-0.004098445,-0.007549222,-0.004098445,-0.025233283,0.011098445
1581252353.4600317,000000000202,e78f135624ce,-84,11.765719624,10.608842697,1.789760125,0.009880063,-0.005239875,-1.0,0.695194669,-0.001119937,0.006,-0.001119937,-0.695194669,0.009119937
1581252353.9141636,000000000202,e78f135624ce,-77,11.780243092,10.428372045,1.795738486,0.012,-0.005504605,-1.0,0.902421707,-0.001252303,0.010747697,-0.001504605,-0.90267401,0.007252303
1581252354.3740296,000000000202,e78f135624ce,-68,11.782413247,10.231205159,1.793933763,0.009,-0.008826495,-1.0,0.969132473,0.001413247,0.008586753,0.001413247,-0.969132473,0.009826495
1581252355.2780452,000000000202,e78f135624ce,-72,11.761784415,9.77576986,1.788,-0.004,-0.012356883,-1.0,0.996643117,0.003643117,-0.004,0.003643117,-0.996643117,0.012356883
1581252356.1850536,000000000202,e78f135624ce,-68,11.765217808,9.319754524,1.814435615,0.003921781,-0.002625754,-1.0,0.999921781,0.008687123,0.003921781,0.008687123,-0.999,0.002625754
1581252356.6351845,000000000202,e78f135624ce,-76,11.782383943,9.123627709,1.840461314,0.004461314,0.004,-1.0,1.0,0.013461314,0.004461314,0.013461314,-1.0,-0.004
1581252357.0960717,000000000202,e78f135624ce,-74,11.794,8.900549672,1.822788514,0.016211486,-0.002105743,-1.0,1.0,0.010211486,0.016211486,0.010105743,-1.0,0.002105743
1581252357.5572755,000000000202,e78f135624ce,-73,11.795388063,8.654000124,1.817582095,0.023,-0.002,-1.0,1.0,0.008194032,0.023,0.008194032,-1.0,0.002
1581252358.4631763,000000000202,e78f135624ce,-79,11.799,8.15416715,1.830535324,0.010598507,0.005133831,-1.0,1.0,0.008267662,0.010598507,0.008267662,-1.0,-0.005
1581252358.916058,000000000202,e78f135624ce,-78,11.783516034,7.906609279,1.827645781,-0.00222595,0.009,-1.0,0.66767637,0.007,-0.001709916,0.007,-0.667934387,-0.000967933
1581252359.3720741,000000000202,e78f135624ce,-74,11.762947227,7.619576921,1.833,-0.007657871,0.01,-0.999342129,0.468916365,0.006657871,-0.005947227,0.006657871,-0.468916365,0.000684258
1581252359.8330445,000000000202,e78f135624ce,-74,11.743096609,7.37847231,1.849989266,-0.005989266,0.011021469,-1.0,0.504035618,0.01,-0.000957063,0.01,-0.504035618,-0.002989266
1581252360.28504,000000000202,e78f135624ce,-71,11.740479999,7.111640029,1.875959997,0.003959997,0.01862,-0.999,0.564419948,0.01162,0.006719998,0.01162,-0.564419948,-0.012859999
1581252360.7360935,000000000202,e78f135624ce,-68,11.741295575,6.79945183,1.844704425,0.01234766,0.009973957,-0.999,0.222540339,0.004486979,0.021834639,0.004486979,-0.223540339,0.008026043
1581252361.192182,000000000202,e78f135624ce,-83,11.727306446,6.567989072,1.813042971,-0.004510743,0.002817188,-0.998,0.085419152,0.005,0.021080663,0.005,-0.085419152,0.02328496
1581252361.6450655,000000000202,e78f135624ce,-75,11.715989573,6.312067286,1.745453079,-0.00748436,-0.022010427,-0.997,-0.032776312,0.006,0.026536494,0.005,0.034271098,0.037
1581252362.0970392,000000000202,e78f135624ce,-78,11.698055057,6.054350821,1.647845069,0.009889886,-0.053270164,-0.995,0.335355941,0.008685019,0.033790013,0.007685019,-0.332565929,0.058790013
1581252362.5480566,000000000202,e78f135624ce,-80,11.689440256,5.706553343,1.671160384,0.041358464,-0.012880512,-0.995720128,0.326034495,0.009440256,0.035559744,0.009440256,-0.327034495,0.035279872
1581252363.0040462,000000000202,e78f135624ce,-85,11.694,5.485815273,1.711486975,0.014763174,-0.008473653,-0.998,0.091210777,0.012,0.035907934,0.011381587,-0.091210777,0.022710479
1581252363.4570744,000000000202,e78f135624ce,-83,11.705959469,5.281568133,1.740675751,0.013202656,-0.005777079,-0.998979734,0.318953875,0.014939203,0.031594689,0.013939203,-0.318953875,0.015141859
1581252363.9160619,000000000202,e78f135624ce,-80,11.697081098,4.928733827,1.712761281,0.031243294,0.000761281,-0.997319817,-0.202888136,0.009639634,-0.01164421,0.008959451,0.203888136,0.028959451
1581252364.8300753,000000000202,e78f135624ce,-83,11.739,4.606007244,1.771429228,0.002,0.002865701,-0.999,0.659836724,0.015033575,-0.016235024,0.015033575,-0.659836724,0.004201449
1581252365.7360787,000000000202,e78f135624ce,-78,11.747486751,4.331942107,1.791216878,0.013513249,-0.002756624,-1.0,0.965433756,0.013,0.011756624,0.013,-0.965433756,0.003756624
1581252366.6450787,000000000202,e78f135624ce,-75,11.741079296,4.177936128,1.802460352,0.011,-0.003460352,-1.0,0.996460352,0.010539648,0.011,0.010539648,-0.996460352,0.003460352
1581252367.1021538,000000000202,e78f135624ce,-78,11.737929875,4.152438996,1.804,0.007070125,-0.004,-1.0,0.999,0.007070125,0.007070125,0.007070125,-0.999,0.004
1581252367.5530899,000000000202,e78f135624ce,-77,11.737590716,4.127181431,1.797409284,0.009,-0.006295358,-1.0,0.999704642,0.009295358,0.009,0.009,-0.999704642,0.006295358
1581252368.0101032,000000000202,e78f135624ce,-83,11.729397595,4.116807215,1.80320481,0.009,-0.004,-1.0,1.0,0.009,0.009,0.009,-1.0,0.004
1581252368.4701018,000000000202,e78f135624ce,-72,11.735895587,4.106791174,1.793104413,0.01,-0.007895587,-1.0,1.0,0.009,0.01,0.009,-1.0,0.007895587
