1581252284.7828138,000000000301,e78f135624ce,-81,11.737236448,4.283945792,1.786472896,0.037527104,-0.004527104,-0.999,0.999,0.018,0.036763552,0.018,-0.999763552,0.005527104
1581252285.238862,000000000301,e78f135624ce,-73,11.74,4.288239662,1.792760338,0.036760338,-0.001,-0.999,0.999119831,0.018,0.035880169,0.018,-0.999880169,0.002119831
1581252285.6938121,000000000301,e78f135624ce,-83,11.673802685,4.251461893,1.750336317,0.003802685,0.018331842,-0.999,0.238537967,0.009533632,0.039932737,0.010533632,-0.239537967,0.01779821
1581252286.146903,000000000301,e78f135624ce,-87,11.692320901,4.211197748,1.772962703,0.022320901,0.00383955,-0.999,0.757910632,0.012,0.03383955,0.01283955,-0.758071083,0.007679099
1581252286.6038105,000000000301,e78f135624ce,-79,11.70181246,4.181750161,1.798687218,0.03,0.004,-0.999,0.922936414,0.01318754,0.03418754,0.014,-0.923123954,0.00018754
1581252287.5168786,000000000301,e78f135624ce,-71,11.734110843,4.133778314,1.806933494,0.038044337,-0.003022169,-0.999,0.991044337,0.009,0.038044337,0.009,-0.992044337,0.003044337
1581252287.9688222,000000000301,e78f135624ce,-71,11.736325841,4.127,1.818,0.036,0.000325841,-0.999,0.996674159,0.009,0.036325841,0.009,-0.997674159,-0.000325841
1581252288.887833,000000000301,e78f135624ce,-80,11.737095665,4.113286996,1.814286996,0.037904335,-0.001904335,-0.999,0.999,0.010095665,0.037904335,0.010095665,-1.0,0.001904335
1581252289.791832,000000000301,e78f135624ce,-73,11.715347742,4.125456532,1.811,0.041456532,-0.005,-0.999,0.999,0.007,0.041456532,0.007,-1.0,0.005
1581252290.2428002,000000000301,e78f135624ce,-78,11.647162741,4.12333292,1.81616646,0.04966708,-0.00283354,-0.999,0.999,0.00716646,0.04966708,0.00716646,-1.0,0.00283354
1581252290.6948783,000000000301,e78f135624ce,-73,11.556517601,4.12,1.812394731,0.060394731,-0.00553509,-0.998,0.998,0.00753509,0.060394731,0.00753509,-1.0,0.00553509
1581252291.148831,000000000301,e78f135624ce,-75,11.427572021,4.141442798,1.816110699,0.057335803,-0.005,-0.998110699,0.998,0.006110699,0.057335803,0.005221399,-1.0,0.006
1581252291.5998116,000000000301,e78f135624ce,-73,11.295254238,4.172980009,1.817557149,0.025019991,-0.003865711,-0.999,0.999,0.01171143,0.025019991,0.01171143,-1.0,0.003865711
1581252292.0547953,000000000301,e78f135624ce,-73,11.148866783,4.197008881,1.836345175,0.004663706,0.003336294,-1.0,1.0,0.014336294,0.004663706,0.014,-1.0,-0.003336294
1581252292.506841,000000000301,e78f135624ce,-73,10.989455097,4.217473908,1.849883091,-0.002824636,0.007941545,-1.0,1.0,0.017,-0.002824636,0.017,-1.0,-0.007941545
1581252292.9588106,000000000301,e78f135624ce,-82,10.820540102,4.230427919,1.842567513,-0.002855838,0.002283756,-1.0,1.0,0.019572081,-0.002855838,0.019572081,-1.0,-0.002283756
1581252293.4099476,000000000301,e78f135624ce,-73,10.569049954,4.215411362,1.835803787,-0.009392426,0.007392426,-1.0,-0.264204691,0.003411362,0.007588638,0.003411362,0.264204691,0.007196213
1581252293.8625233,000000000301,e78f135624ce,-69,10.338958324,4.202547916,1.831365277,-0.021086806,0.01,-1.0,-0.764206262,-0.003,0.020904168,-0.002817361,0.764206262,0.009817361
1581252294.3157554,000000000301,e78f135624ce,-74,10.13390809,4.194144744,1.826427628,-0.039710512,0.011572372,-0.999,-0.922835443,-0.004855256,0.038710512,-0.003855256,0.923835443,0.011572372
1581252294.7668066,000000000301,e78f135624ce,-75,10.012230873,4.191881673,1.837019721,-0.000763345,0.010980279,-0.999,0.251003405,0.007039442,0.031078885,0.008019721,-0.251003405,-0.002039442
1581252295.2187872,000000000301,e78f135624ce,-77,9.856802901,4.170053527,1.830702351,0.034244122,0.002351176,-0.999,0.757257129,0.012648824,0.044297649,0.012648824,-0.758257129,0.001
1581252295.6697803,000000000301,e78f135624ce,-69,9.68922313,4.154640759,1.824,0.049087393,-0.001728152,-0.998728152,0.921980662,0.013271848,0.052543697,0.013271848,-0.922980662,0.003
1581252296.570817,000000000301,e78f135624ce,-80,9.332595416,4.134313564,1.819470346,0.044459775,0.000529654,-0.998421609,0.762595978,0.011891955,0.052891955,0.011891955,-0.764174369,0.004686436
1581252297.0288038,000000000301,e78f135624ce,-80,9.092302391,4.141357036,1.797960329,-0.021515719,0.014,-0.998,-0.44102995,0.004960329,0.053158683,0.005960329,0.44106962,0.015
1581252297.4788015,000000000301,e78f135624ce,-78,8.865321506,4.158629947,1.794348021,-0.038889842,0.011629947,-0.998,-0.600387212,0.004022032,0.060325989,0.004348021,0.601387212,0.014325989
1581252297.932852,000000000301,e78f135624ce,-71,8.669709983,4.142541997,1.791691601,-0.023429793,0.009616799,-0.998,-0.502073528,0.005691601,0.058729002,0.006037401,0.502727728,0.0146542
1581252298.3927448,000000000301,e78f135624ce,-80,8.445322148,4.154415241,1.796822039,-0.042355921,0.01011864,-0.998,-0.755974453,-0.00011864,0.062,0.00088136,0.756974453,0.01305932
1581252298.8457394,000000000301,e78f135624ce,-78,8.22740578,4.174240881,1.794351824,-0.056648176,0.013,-0.998,-0.918852581,-0.004351824,0.063351824,-0.003703648,0.920852581,0.014351824
1581252299.302733,000000000301,e78f135624ce,-71,8.021367956,4.195514417,1.791742792,-0.057485583,0.012257208,-0.998,-0.973057667,-0.004257208,0.059228375,-0.004,0.974800459,0.013
1581252299.7547398,000000000301,e78f135624ce,-73,7.83033473,4.200545378,1.792545378,-0.046454622,0.009303081,-0.999,-0.990545378,-0.003303081,0.047303081,-0.003151541,0.991545378,0.009454622
1581252300.213763,000000000301,e78f135624ce,-78,7.624204292,4.214732777,1.790066508,-0.04,0.01,-0.999,-0.996533254,-0.003400238,0.04,-0.002933492,0.997533254,0.01
1581252300.6678188,000000000301,e78f135624ce,-66,7.430108957,4.225179837,1.796179837,-0.035,0.007179837,-0.999,-0.998179837,-0.003179837,0.035,-0.003179837,0.999,0.008
1581252301.121169,000000000301,e78f135624ce,-71,7.231665814,4.209387848,1.788418228,-0.030806076,0.011387848,-0.999,-0.999,-0.003387848,0.030806076,-0.003193924,0.999806076,0.011387848
1581252301.575712,000000000301,e78f135624ce,-71,7.032354882,4.226145467,1.784,-0.038572734,0.013,-0.999,-0.999,-0.003572734,0.038572734,-0.003572734,1.0,0.013
1581252302.0274951,000000000301,e78f135624ce,-72,6.965599746,4.248076377,1.761821786,-0.031076377,-0.004872704,-0.998,-0.069666118,0.007949082,0.009152755,0.008949082,0.069666118,0.018050918
1581252302.9346852,000000000301,e78f135624ce,-78,6.772022211,4.218095789,1.781547895,-0.009309579,-0.003380842,-0.999,0.721385471,0.013619158,-0.001238316,0.014309579,-0.721385471,0.005380842
1581252303.3857102,000000000301,e78f135624ce,-84,6.658036931,4.251326807,1.762800223,-0.012490767,-0.008781757,-0.999,0.910672079,0.015,-0.01041802,0.015,-0.910744826,0.009781757
1581252303.8452833,000000000301,e78f135624ce,-68,6.448867535,4.265457836,1.752843347,-0.023361443,-0.005771082,-0.999,0.462686992,0.010457836,0.00126505,0.010457836,-0.462686992,0.012096393
1581252304.3056781,000000000301,e78f135624ce,-74,6.215161898,4.208149202,1.742793649,-0.01595873,0.016342858,-0.999,-0.140079393,0.001219047,0.010479365,0.001479365,0.140079393,0.019082541
1581252304.7617128,000000000301,e78f135624ce,-82,6.063132861,4.152076921,1.729020981,-0.00648951,0.01648951,-0.999,-0.212391582,-9.7902e-05,0.009902098,0.000804196,0.212391582,0.02048951
1581252305.2217567,000000000301,e78f135624ce,-75,5.923915637,4.484208689,1.759926677,-0.112427337,0.014268331,-0.969452298,-0.370547702,0.000189488,0.077416297,-0.002973719,0.384037322,0.012078843
1581252305.678808,000000000301,e78f135624ce,-75,5.876770091,4.816068793,1.827264369,-0.135689598,0.002528739,-0.958172432,-0.482655394,-0.001793108,0.116540183,-0.007528739,0.513540439,0.003528739
1581252306.137816,000000000301,e78f135624ce,-75,5.831883199,4.457698394,1.825503201,-0.043607199,0.0101104,-0.986724,-0.838743205,-0.0108896,0.037496799,-0.0128896,0.847964005,0.0101104
1581252307.042703,000000000301,e78f135624ce,-80,5.803924883,4.776291101,1.835422541,-0.17214555,0.00252582,-0.950976522,-0.592150234,-0.003924883,0.166694848,-0.011774649,0.639173712,0.00452582
1581252307.499791,000000000301,e78f135624ce,-83,5.796010025,4.56135463,1.794257519,-0.080197366,0.014247494,-0.982762532,-0.475264401,-0.004247494,0.071207392,-0.005742481,0.491254375,0.015742481
1581252307.957713,000000000301,e78f135624ce,-74,5.796163645,5.289630993,1.868192203,-0.264815497,-0.004644152,-0.923394834,-0.49177651,-0.001,0.207979142,-0.011192203,0.549641422,-0.004644152
1581252308.4077969,000000000301,e78f135624ce,-78,5.785190813,4.823272071,1.823427561,-0.08880565,0.01071378,-0.975572439,-0.508890445,-0.002904593,0.07480565,-0.005809187,0.527318006,0.010095407
1581252308.8647099,000000000301,e78f135624ce,-76,5.779351369,4.606810949,1.780702737,-0.045810821,0.019729726,-0.991189179,-0.377729471,0.001729726,0.036810821,0.001459453,0.383270018,0.017729726
1581252310.2216287,000000000301,e78f135624ce,-77,5.81716836,4.58917852,1.751595936,0.004696952,0.022033672,-0.997483164,-0.347104207,-0.002966328,-0.014516836,-0.002449492,0.346587371,0.022101016
1581252310.6726384,000000000301,e78f135624ce,-79,5.866119906,4.779879507,1.762,-0.021580035,0.011440047,-0.998139988,0.032579448,0.003,-0.013020082,0.003,-0.033579448,0.012860012
1581252311.1296654,000000000301,e78f135624ce,-83,5.882445184,4.886967726,1.747922641,0.007109633,0.013554816,-0.998206455,-0.024121951,0.001825819,-0.014935452,0.001825819,0.024121951,0.019141907
1581252311.5845366,000000000301,e78f135624ce,-77,5.879165057,5.003329662,1.727019312,0.025572873,-0.001,-0.996417471,-0.082028968,0.000834943,-0.028,-0.000165057,0.083028968,0.030242758
1581252312.0424378,000000000301,e78f135624ce,-69,5.898,5.226199384,1.78,0.010199944,0.001866704,-0.998,0.359398767,0.010866704,-0.004933352,0.010866704,-0.359398767,0.005866704
1581252312.9536333,000000000301,e78f135624ce,-75,5.871594307,5.621730719,1.680483997,-0.015243179,-0.044217078,-0.99462159,0.693813748,0.01362159,-0.025107949,0.014,-0.692056927,0.046838668
1581252313.4076293,000000000301,e78f135624ce,-77,5.838975467,5.81687039,1.603766394,-0.015711464,-0.062165869,-0.992950933,0.595649591,0.010098133,-0.031588798,0.011049067,-0.591698658,0.066116803
1581252313.864592,000000000301,e78f135624ce,-71,5.835003803,6.10228263,1.707480374,-0.029946761,-0.024950564,-0.989664131,0.666305446,0.008664131,-0.040977183,0.010667934,-0.663969578,0.017939156
1581252314.318657,000000000301,e78f135624ce,-72,5.839855423,6.340385571,1.716,-0.018,-0.018859436,-0.994285141,0.260505972,-0.002710846,-0.042144577,-0.000710846,-0.259505972,0.022570282
1581252314.7705991,000000000301,e78f135624ce,-70,5.842787063,6.641630774,1.741935315,-0.030787063,-0.011064685,-0.996893532,0.044262757,-0.004106468,-0.016212937,-0.004,-0.044262757,0.015319405
1581252315.229637,000000000301,e78f135624ce,-71,5.833578438,6.92822596,1.769676567,-0.032156876,-0.002843124,-0.998,0.019589433,-0.004686249,-0.011470627,-0.004686249,-0.020010995,0.009264687
1581252315.6828077,000000000301,e78f135624ce,-69,5.830218213,7.18296392,1.742054987,-0.019853947,0.013599653,-0.998,-0.243068694,-0.01034536,-0.01165464,-0.010127147,0.242286907,0.02169072
1581252316.136591,000000000301,e78f135624ce,-74,5.839107551,7.334521732,1.77406636,-0.001810068,0.011553775,-0.999,0.04514414,-0.002446225,-0.024107551,-0.002446225,-0.04514414,0.008041191
1581252316.5989544,000000000301,e78f135624ce,-75,5.862486758,7.600673364,1.796017656,-0.034991172,0.006513242,-0.998,0.53391172,0.005,-0.044513242,0.005,-0.53491172,0.001991172
1581252317.0469384,000000000301,e78f135624ce,-69,5.901158988,7.814249195,1.820545103,-0.029909149,0.007158988,-0.999,0.823090207,0.011022713,-0.031886437,0.011022713,-0.824090207,-0.004181701
1581252317.500101,000000000301,e78f135624ce,-80,5.923832935,8.03494773,1.838783055,-0.015900239,0.008366587,-0.999683294,0.943299283,0.012683294,-0.016900239,0.012683294,-0.943982577,-0.007366587
1581252317.9588518,000000000301,e78f135624ce,-70,5.92494328,8.278319363,1.831663873,-0.021165968,0.00494328,-0.999,0.885214306,0.011,-0.024777312,0.011,-0.885602962,-0.003331936
1581252318.4105902,000000000301,e78f135624ce,-68,5.900912139,8.549250842,1.841,-0.048175721,0.005,-0.998,0.962439303,0.01495607,-0.050131791,0.01495607,-0.964395373,-0.00504393
1581252318.8655634,000000000301,e78f135624ce,-71,5.913,8.789786401,1.870638379,-0.051,0.013232883,-0.998,0.986586307,0.01593973,-0.051,0.01593973,-0.98793973,-0.014232883
1581252319.3256204,000000000301,e78f135624ce,-73,5.942283458,9.002440581,1.894133833,-0.052433083,0.016283458,-0.998,0.994566917,0.009,-0.052433083,0.008716542,-0.996283458,-0.017283458
1581252319.7769032,000000000301,e78f135624ce,-68,5.942674495,9.215175861,1.912055707,-0.050404697,0.021730202,-0.998,0.997,0.008,-0.050404697,0.007,-0.998,-0.021730202
1581252320.2277606,000000000301,e78f135624ce,-81,5.955538756,9.471173209,1.910051674,-0.048538756,0.021025837,-0.998,0.998,0.009,-0.048538756,0.008,-0.999,-0.021538756
1581252320.677724,000000000301,e78f135624ce,-70,5.956102184,9.737970374,1.878489079,-0.045306553,0.008897816,-0.998,0.998897816,0.010795631,-0.045306553,0.009897816,-1.0,-0.009897816
1581252321.1381109,000000000301,e78f135624ce,-83,5.923291133,9.91715192,1.851995764,0.000147685,0.019683547,-0.997219409,0.344869068,-0.001,-0.052341773,-0.002,-0.344869068,0.002708867
1581252322.5076041,000000000301,e78f135624ce,-85,5.869866588,10.519631651,1.917116882,0.016966941,0.002283353,-0.997,-0.031818173,-0.001850059,-0.047716647,-0.001566706,0.033101526,-0.013133412
1581252322.964556,000000000301,e78f135624ce,-82,5.836301445,10.869515978,1.892011602,0.01446957,-0.005240586,-0.997614492,-0.413202931,-0.01,-0.040313047,-0.008614492,0.413588439,-0.002771016
1581252323.4215539,000000000301,e78f135624ce,-81,5.843398052,11.06613866,1.915054723,0.00356222,0.005890555,-0.997054723,0.260120731,0.002835832,-0.01834333,0.002835832,-0.259120731,-0.011890555
1581252324.3315597,000000000301,e78f135624ce,-69,5.842762678,11.618991882,1.868360042,-0.010762678,0.002072008,-0.997309331,0.277885398,0.009072008,-0.010834686,0.008072008,-0.278885398,0.007237322
1581252324.782559,000000000301,e78f135624ce,-66,5.821548359,11.828774621,1.78146229,-0.017903283,-0.012725821,-0.998,0.143172138,0.006908607,-0.000268855,0.007817214,-0.143172138,0.027725821
1581252325.2445385,000000000301,e78f135624ce,-77,5.833464571,11.909553274,1.920889719,0.025515717,0.002545285,-0.991616143,0.064627866,0.005616143,0.023232286,0.011383857,-0.066011723,-0.023061002
1581252325.6976535,000000000301,e78f135624ce,-70,5.844788424,12.176848315,1.769598804,-0.005576848,0.030445109,-0.994255489,-0.214085816,-0.000744511,0.018532935,0.002,0.214341305,0.026445109
1581252326.1476705,000000000301,e78f135624ce,-71,5.866021784,12.426108918,1.799580764,-0.005257707,0.009558981,-0.997,0.034598852,0.00227949,0.018161529,0.002419236,-0.034598852,0.00827949
1581252326.6045249,000000000301,e78f135624ce,-72,5.887910634,12.537748878,1.792812781,0.016089366,-0.003821268,-0.998455317,0.02103844,0.002,0.014812781,0.002,-0.02103844,0.009365951
1581252327.05551,000000000301,e78f135624ce,-71,5.913009727,12.597107002,1.780048637,0.013029182,-0.010980545,-0.997009727,0.543044775,0.007980545,0.010980545,0.007980545,-0.545035048,0.012970818
1581252327.5162842,000000000301,e78f135624ce,-73,5.914,12.689094259,1.773723365,-0.000454918,-0.014547129,-0.999,0.632204893,0.007727459,-0.005,0.007727459,-0.632477435,0.014819671
1581252327.9664955,000000000301,e78f135624ce,-74,5.914,12.73809008,1.71916627,-0.003,-0.030115476,-0.999,0.831591271,0.008,-0.005,0.008371825,-0.830963096,0.030743651
1581252328.4165072,000000000301,e78f135624ce,-74,5.9569557,12.604324866,1.729940934,0.051822801,-0.020014767,-0.997014767,0.942626705,0.012,0.050793267,0.011985233,-0.945611938,0.021014767
1581252328.8775828,000000000301,e78f135624ce,-72,5.936350651,12.698587004,1.700696107,0.009031172,-0.030989609,-0.998335065,0.805555832,0.009664935,0.005361042,0.009664935,-0.805890897,0.030989609
1581252329.3324974,000000000301,e78f135624ce,-72,5.906234799,12.810255067,1.72186654,-0.021724665,-0.019704398,-0.998255067,0.532670741,0.004489866,-0.028744933,0.005489866,-0.533670741,0.018959464
1581252329.7925193,000000000301,e78f135624ce,-74,5.90663321,12.602356854,1.834847592,0.071114012,0.020249074,-0.985375463,0.372110307,0.001,0.060747222,0.00926642,-0.383918239,-0.019340771
1581252330.245503,000000000301,e78f135624ce,-74,5.898360085,12.681945787,1.813186553,0.020893702,0.0,-0.994093277,0.122119319,0.001,0.006893702,0.004453362,-0.126119319,0.001453362
1581252330.6976545,000000000301,e78f135624ce,-66,5.909071441,12.706964309,1.790964309,0.016107132,-0.009928559,-0.997178574,0.120107191,-0.001,-0.004071441,-0.0,-0.121928618,0.011107132
1581252331.1574972,000000000301,e78f135624ce,-67,5.947317397,12.791646467,1.801117844,-0.019740966,0.001294052,-0.998,0.012355771,-0.002717621,0.005317397,-0.00185881,-0.012355771,0.009011673
1581252331.6105447,000000000301,e78f135624ce,-71,6.020285864,12.912818325,1.825142932,-0.060467539,0.000597382,-0.996,-0.299038743,-0.004467539,0.048805236,-0.004467539,0.301506282,0.006064921
1581252332.0654826,000000000301,e78f135624ce,-71,6.10977289,12.812140977,1.842380326,-0.002024478,-0.017,-0.994,-0.186398453,-0.003907978,0.048104261,-0.005,0.186490475,0.003723935
1581252332.524237,000000000301,e78f135624ce,-65,6.248474414,12.656244498,1.91866613,0.049787171,-0.005161657,-0.985020308,-0.236020308,-0.005535337,0.02411129,-0.001161657,0.238020308,-0.01788871
1581252332.9744713,000000000301,e78f135624ce,-73,6.404242838,12.705091406,1.840621419,-0.007851706,0.019766576,-0.991384857,-0.689839154,-0.01184543,0.036848568,-0.010230286,0.690608867,0.012766576
1581252333.4334548,000000000301,e78f135624ce,-68,6.575051176,12.782317553,1.814554759,-0.031791965,0.021237206,-0.995069345,-0.675915818,-0.01086131,0.039306551,-0.010791965,0.676846473,0.014653276
1581252333.8884864,000000000301,e78f135624ce,-67,6.7498209,12.821887228,1.830182971,-0.017393033,-0.001599226,-0.997,-0.340930334,-0.005599226,0.015198452,-0.006299613,0.340930334,0.007206193
1581252334.7974656,000000000301,e78f135624ce,-74,7.134941971,12.845214599,1.829839051,-0.023160949,0.003,-0.997,-0.371767883,-0.002839051,-0.001321898,-0.002839051,0.371767883,0.00705365
1581252335.2574334,000000000301,e78f135624ce,-70,7.330474196,12.784553644,1.830192055,-0.000553644,0.001084767,-0.999,-0.219537688,-0.008361589,-0.008807945,-0.008361589,0.219537688,0.008723178
1581252335.7105145,000000000301,e78f135624ce,-66,7.543429843,12.797780024,1.857,-0.009890012,-0.008722503,-0.999,-0.185642842,-0.007722503,0.002612515,-0.007722503,0.185920339,-0.001722503
1581252335.7134392,000000000301,e78f135624ce,-73,7.544599714,12.797600044,1.857,-0.009800022,-0.008700006,-0.999,-0.183100622,-0.007700006,0.002500028,-0.007700006,0.183400616,-0.001700006
1581252336.1684735,000000000301,e78f135624ce,-70,7.758619023,12.790602238,1.858651958,-0.007801119,-0.00595028,-0.999,-0.287122454,-0.008900559,0.002701678,-0.00895028,0.287122454,9.9441e-05
1581252337.0764449,000000000301,e78f135624ce,-66,8.132329837,12.76278173,1.834672595,0.002890865,-0.00578173,-1.0,0.861147135,0.004109135,0.003890865,0.004109135,-0.861147135,0.004890865
1581252337.5354218,000000000301,e78f135624ce,-65,8.341185471,12.752621817,1.828207272,-0.003378183,-0.001207272,-1.0,0.955890913,0.007,-0.002585455,0.007,-0.955890913,0.000414545
1581252337.9854264,000000000301,e78f135624ce,-74,8.55613706,12.748128765,1.825564382,-0.012,0.001,-1.0,0.985742471,0.011,-0.012,0.011,-0.985742471,-0.001435618
1581252338.441418,000000000301,e78f135624ce,-68,8.774518834,12.743757457,1.824,-0.009636185,0.000878728,-1.0,0.995242543,0.012,-0.009636185,0.012,-0.995242543,-0.001
1581252338.894402,000000000301,e78f135624ce,-74,8.995069542,12.740273072,1.825726928,-0.003273072,0.001726928,-1.0,0.998726928,0.013,-0.003273072,0.013,-0.998726928,-0.001726928
1581252339.3474393,000000000301,e78f135624ce,-66,9.226799585,12.715500031,1.833400013,0.015199975,0.008700006,-0.999700006,0.717400955,0.007400013,-0.003199975,0.007400013,-0.717400955,-0.002800025
1581252340.2564127,000000000301,e78f135624ce,-63,9.688540029,12.69566091,1.841090005,0.011785453,0.003768184,-0.999,0.584768184,0.007,-0.015107274,0.006553637,-0.584214547,0.000124542
1581252340.7163975,000000000301,e78f135624ce,-79,9.942437076,12.704966621,1.854262517,0.017229138,0.001491655,-0.999,0.180172762,0.004262517,-0.027491655,0.004262517,-0.179172762,-0.004016689
1581252341.169384,000000000301,e78f135624ce,-60,10.213590057,12.729247205,1.845250932,0.017501864,0.006874534,-0.999874534,-0.624313034,-0.000874534,-0.02062733,-0.000874534,0.6244385,0.004874534
1581252341.6294045,000000000301,e78f135624ce,-60,10.474437385,12.744624115,1.840458628,0.004375885,0.007,-1.0,-0.880572122,-0.004,-0.004834514,-0.004,0.88103075,0.007
1581252342.080408,000000000301,e78f135624ce,-62,10.732447792,12.755266135,1.836,0.001,0.005866933,-1.0,-0.961463742,-0.007,-0.001,-0.007,0.961463742,0.005
1581252342.5324864,000000000301,e78f135624ce,-66,10.968235396,12.759525221,1.832245797,0.002491593,0.001491593,-1.0,-0.571398683,-0.00273739,-0.00026261,-0.00273739,0.571152887,0.007754203
1581252342.9864016,000000000301,e78f135624ce,-65,11.185182874,12.77,1.842800886,0.008200591,0.003600295,-0.999600295,-0.192435137,0.002399705,-0.019998524,0.002,0.192834842,0.004799409
1581252343.8953736,000000000301,e78f135624ce,-74,11.536582306,12.750627765,1.829604423,0.003023341,0.000651106,-0.999,-0.029769036,0.005,-0.027651106,0.005,0.029769036,0.013023341
1581252344.3553874,000000000301,e78f135624ce,-79,11.62948335,12.735246481,1.806047374,0.005706145,-0.005293855,-0.999,0.004185033,0.004,-0.019635084,0.004,-0.003526262,0.018635084
1581252344.8084161,000000000301,e78f135624ce,-78,11.678582962,12.744675637,1.80855605,-0.000768312,-0.002768312,-0.999,0.026080736,0.003046338,-0.023860987,0.003,-0.026080736,0.01481465
1581252345.2594087,000000000301,e78f135624ce,-82,11.715190144,12.732963221,1.795619712,-0.003153365,-0.011613461,-0.999,0.402146393,0.006576683,-0.017269952,0.006576683,-0.402146393,0.018460096
1581252345.7094045,000000000301,e78f135624ce,-84,11.74215221,12.713039825,1.74607965,-0.006192035,-0.028576105,-0.999,0.80936989,0.008,-0.010807965,0.008,-0.80936989,0.031192035
1581252346.1663802,000000000301,e78f135624ce,-70,11.758548506,12.700451494,1.716053485,-0.007,-0.034,-0.999,0.939839544,0.008,-0.009,0.009,-0.938839544,0.034849502
1581252346.623354,000000000301,e78f135624ce,-71,11.762889345,12.705331964,1.747889345,0.003668036,-0.015110655,-0.999,0.336628996,0.007110655,-0.011665982,0.007110655,-0.336628996,0.023
1581252347.0743575,000000000301,e78f135624ce,-75,11.758999411,12.735999411,1.789991161,-0.005,0.000997054,-0.999,0.137986448,0.006999411,-0.024000589,0.006999411,-0.137987037,0.009002946
1581252347.5263946,000000000301,e78f135624ce,-66,11.765225007,12.642565803,1.837722769,0.032438675,0.015420471,-0.993745449,0.18142972,0.005029543,0.006693225,0.008970457,-0.184713814,-0.00607729
1581252347.9853892,000000000301,e78f135624ce,-72,11.776363924,12.572702575,1.853838572,0.016462012,0.020825936,-0.993908229,0.263028431,0.005,0.019642395,0.008727847,-0.264664508,-0.006917706
1581252348.442317,000000000301,e78f135624ce,-66,11.778606145,12.403173977,1.839992411,0.05833759,-0.022856746,-0.99188747,0.212096983,0.00911253,-0.001762169,0.01288747,-0.211984453,-0.015524338
1581252348.8983862,000000000301,e78f135624ce,-69,11.775672239,12.271555217,1.729605369,0.039605369,-0.042655522,-0.994672239,0.228949848,0.010327761,0.001966565,0.01,-0.227277608,0.035361196
1581252349.3539166,000000000301,e78f135624ce,-69,11.774320303,12.181104666,1.737457755,0.015124212,-0.024967213,-0.99673203,0.291117276,0.01073203,-0.00826797,0.00973203,-0.290581337,0.028967213
1581252349.8084831,000000000301,e78f135624ce,-73,11.756122745,12.009646275,1.66549098,0.030631765,-0.047122745,-0.995,0.239841177,0.010877255,0.016386274,0.008,-0.238718432,0.04724549
1581252350.2663467,000000000301,e78f135624ce,-80,11.758681227,11.870577917,1.685215462,0.025765644,-0.037509447,-0.997446871,0.257985264,0.011,0.013978159,0.009,-0.256985264,0.035615704
1581252350.721464,000000000301,e78f135624ce,-75,11.757584246,11.618954088,1.734387322,0.055870893,-0.028752738,-0.994792123,-0.018601726,0.005584246,-0.017494524,0.004584246,0.020809603,0.011910278
1581252351.1813357,000000000301,e78f135624ce,-77,11.761672395,11.463276053,1.747689579,0.035873614,-0.008546009,-0.997,-0.060649113,0.006109202,-0.024781596,0.006,0.061649113,0.013327605
1581252351.643317,000000000301,e78f135624ce,-83,11.765721926,11.31861496,1.74746168,0.016852049,-0.009556148,-0.998573975,0.081342214,0.008573975,-0.018147951,0.008,-0.080342214,0.015704098
1581252352.0973282,000000000301,e78f135624ce,-70,11.762711179,11.181365162,1.780664855,0.001572205,-0.00223706,-0.999,0.018983692,0.00761853,-0.020190735,0.006809265,-0.018983692,0.008572205
1581252353.0033112,000000000301,e78f135624ce,-71,11.725792833,10.770055768,1.793547144,0.004641433,0.001641433,-0.999,0.025856656,-0.004094289,-0.007547144,-0.004094289,-0.025856656,0.011094289
1581252353.4597244,000000000301,e78f135624ce,-80,11.76570544,10.608944349,1.789764853,0.009882427,-0.005235147,-1.0,0.694993728,-0.001117573,0.006,-0.001117573,-0.694993728,0.009117573
1581252353.9154718,000000000301,e78f135624ce,-66,11.780275797,10.427794255,1.795792995,0.012,-0.005482802,-1.0,0.902792365,-0.001241401,0.010758599,-0.001482802,-0.903033766,0.007241401
1581252354.3743558,000000000301,e78f135624ce,-90,11.782415965,10.231042081,1.793920173,0.009,-0.008831931,-1.0,0.969159653,0.001415965,0.008584035,0.001415965,-0.969159653,0.009831931
1581252354.828305,000000000301,e78f135624ce,-77,11.771967792,10.011874246,1.794903375,0.000903375,-0.009064417,-1.0,0.990096625,0.003,0.000903375,0.003,-0.990096625,0.009064417
1581252355.2783191,000000000301,e78f135624ce,-68,11.761773879,9.775641318,1.788,-0.004,-0.012354776,-1.0,0.996645224,0.003645224,-0.004,0.003645224,-0.996645224,0.012354776
1581252355.7293215,000000000301,e78f135624ce,-73,11.763,9.536900818,1.795073279,0.003,-0.008463361,-1.0,0.999,0.006,0.003,0.006,-0.999,0.00873168
1581252356.1853068,000000000301,e78f135624ce,-80,11.765238908,9.319653244,1.814477815,0.003923891,-0.002608874,-1.0,0.999923891,0.008695563,0.003923891,0.008695563,-0.999,0.002608874
1581252356.6362884,000000000301,e78f135624ce,-71,11.782414049,9.123075769,1.84047135,0.00447135,0.004,-1.0,1.0,0.01347135,0.00447135,0.01347135,-1.0,-0.004
1581252357.0962844,000000000301,e78f135624ce,-77,11.794,8.900431737,1.822784647,0.016215353,-0.002107676,-1.0,1.0,0.010215353,0.016215353,0.010107676,-1.0,0.002107676
1581252357.557356,000000000301,e78f135624ce,-77,11.795386912,8.653961558,1.817580368,0.023,-0.002,-1.0,1.0,0.008193456,0.023,0.008193456,-1.0,0.002
1581252358.4642718,000000000301,e78f135624ce,-84,11.799,8.153650685,1.830566625,0.010575031,0.005141656,-1.0,1.0,0.008283313,0.010575031,0.008283313,-1.0,-0.005
1581252358.9162502,000000000301,e78f135624ce,-71,11.78351254,7.90647651,1.827668492,-0.00223119,0.009,-1.0,0.667637937,0.007,-0.001718651,0.007,-0.667894207,-0.000974921
1581252359.3722503,000000000301,e78f135624ce,-73,11.762937617,7.619439172,1.833,-0.007656269,0.01,-0.999343731,0.468597618,0.006656269,-0.005937617,0.006656269,-0.468597618,0.000687461
1581252359.8332658,000000000301,e78f135624ce,-85,11.743081291,7.378397425,1.849990968,-0.005990968,0.011018065,-1.0,0.504347073,0.01,-0.00096387,0.01,-0.504347073,-0.002990968
1581252360.2852378,000000000301,e78f135624ce,-77,11.740486087,7.111521296,1.875972175,0.003972175,0.018621522,-0.999,0.56463458,0.011621522,0.006729131,0.011621522,-0.56463458,-0.012864566
1581252360.7372031,000000000301,e78f135624ce,-71,11.741235827,6.799187234,1.844764173,0.012219629,0.010008099,-0.999,0.223470695,0.004504049,0.021723679,0.004504049,-0.224470695,0.007991901
1581252361.1922753,000000000301,e78f135624ce,-78,11.727304115,6.56792071,1.813027434,-0.004506859,0.002810974,-0.998,0.085339914,0.005,0.021087655,0.005,-0.085339914,0.023290398
1581252361.6452608,000000000301,e78f135624ce,-81,11.715986319,6.311932227,1.745438434,-0.007479478,-0.022013681,-0.997,-0.032862554,0.006,0.026547884,0.005,0.034355713,0.037
1581252362.0982764,000000000301,e78f135624ce,-71,11.69796227,6.05301057,1.647731664,0.01007546,-0.053002114,-0.995,0.333819807,0.00865409,0.033769393,0.00765409,-0.331050414,0.058769393
1581252362.5482678,000000000301,e78f135624ce,-78,11.689443506,5.706468848,1.671165259,0.041338965,-0.012887012,-0.995721753,0.325964624,0.009443506,0.035556494,0.009443506,-0.326964624,0.035278247
1581252363.9169064,000000000301,e78f135624ce,-83,11.697123322,4.927727489,1.712810542,0.031369966,0.000810542,-0.99731278,-0.204738953,0.009625559,-0.011806068,0.008938339,0.205738953,0.028938339
1581252364.3732047,000000000301,e78f135624ce,-76,11.712615198,4.662893129,1.747553436,0.028384802,0.009353921,-0.998,-0.078950367,0.008969119,-0.029123525,0.008646079,0.079627328,0.012707842
1581252364.8315804,000000000301,e78f135624ce,-71,11.739,4.605659905,1.771626054,0.002,0.002912013,-0.999,0.661272391,0.015021997,-0.016153978,0.015021997,-0.661272391,0.004131981
1581252365.2841125,000000000301,e78f135624ce,-79,11.741064327,4.467098249,1.785225731,0.011225731,-0.000612865,-1.0,0.891063155,0.013,0.005451462,0.013,-0.891063155,0.003
1581252366.6452174,000000000301,e78f135624ce,-77,11.741076773,4.177922252,1.802461613,0.011,-0.003461613,-1.0,0.996461613,0.010538387,0.011,0.010538387,-0.996461613,0.003461613
1581252367.1022604,000000000301,e78f135624ce,-72,11.737928906,4.152431245,1.804,0.007071094,-0.004,-1.0,0.999,0.007071094,0.007071094,0.007071094,-0.999,0.004
1581252367.554237,000000000301,e78f135624ce,-73,11.737574329,4.127148659,1.797425671,0.009,-0.006287165,-1.0,0.999712835,0.009287165,0.009,0.009,-0.999712835,0.006287165
1581252368.0092506,000000000301,e78f135624ce,-73,11.729391505,4.116825485,1.80321699,0.009,-0.004,-1.0,1.0,0.009,0.009,0.009,-1.0,0.004
1581252368.4712958,000000000301,e78f135624ce,-81,11.735887627,4.106775254,1.793112373,0.01,-0.007887627,-1.0,1.0,0.009,0.01,0.009,-1.0,0.007887627
