1581252284.7835438,000000000402,e78f135624ce,-87,11.737242532,4.283970126,1.786485063,0.037514937,-0.004514937,-0.999,0.999,0.018,0.036757468,0.018,-0.999757468,0.005514937
1581252285.2396052,000000000402,e78f135624ce,-74,11.74,4.288228229,1.792771771,0.036771771,-0.001,-0.999,0.999114114,0.018,0.035885886,0.018,-0.999885886,0.002114114
1581252285.6944802,000000000402,e78f135624ce,-65,11.673848934,4.251379672,1.750387705,0.003848934,0.018306148,-0.999,0.239766148,0.00953877,0.039922459,0.01053877,-0.240766148,0.017767377
1581252286.1475637,000000000402,e78f135624ce,-66,11.692330339,4.211174153,1.772991017,0.022330339,0.003834831,-0.999,0.758231523,0.012,0.033834831,0.012834831,-0.758396692,0.007669661
1581252286.6044884,000000000402,e78f135624ce,-71,11.701818622,4.181725513,1.798730353,0.03,0.004,-0.999,0.923102789,0.013181378,0.034181378,0.014,-0.923284167,0.000181378
1581252287.5175312,000000000402,e78f135624ce,-67,11.734140505,4.133718991,1.806915697,0.038056202,-0.003028101,-0.999,0.991056202,0.009,0.038056202,0.009,-0.992056202,0.003056202
1581252287.969625,000000000402,e78f135624ce,-67,11.736320107,4.127,1.818,0.036,0.000320107,-0.999,0.996679893,0.009,0.036320107,0.009,-0.997679893,-0.000320107
1581252288.4286218,000000000402,e78f135624ce,-68,11.738387013,4.123903899,1.819838962,0.036161038,-0.000387013,-0.999,0.998387013,0.010161038,0.036161038,0.010161038,-0.999,0.000387013
1581252288.8884802,000000000402,e78f135624ce,-69,11.737100287,4.113300862,1.814300862,0.037899713,-0.001899713,-0.999,0.999,0.010100287,0.037899713,0.010100287,-1.0,0.001899713
1581252289.7924747,000000000402,e78f135624ce,-68,11.715262038,4.125467245,1.811,0.041467245,-0.005,-0.999,0.999,0.007,0.041467245,0.007,-1.0,0.005
1581252290.2435322,000000000402,e78f135624ce,-68,11.647055764,4.123321659,1.81616083,0.049678341,-0.00283917,-0.999,0.999,0.00716083,0.049678341,0.00716083,-1.0,0.00283917
1581252290.6954799,000000000402,e78f135624ce,-68,11.556383413,4.12,1.812408612,0.060408612,-0.005530463,-0.998,0.998,0.007530463,0.060408612,0.007530463,-1.0,0.005530463
1581252291.1504946,000000000402,e78f135624ce,-67,11.427060118,4.141493988,1.816123497,0.057259018,-0.005,-0.998123497,0.998,0.006123497,0.057259018,0.005246994,-1.0,0.006
1581252291.6004794,000000000402,e78f135624ce,-67,11.295037199,4.173018964,1.817584974,0.024981036,-0.003849015,-0.999,0.999,0.011716995,0.024981036,0.011716995,-1.0,0.003849015
1581252292.0564814,000000000402,e78f135624ce,-67,11.148234497,4.197051034,1.836401378,0.004649655,0.003350345,-1.0,1.0,0.014350345,0.004649655,0.014,-1.0,-0.003350345
1581252292.507463,000000000402,e78f135624ce,-64,10.989254132,4.217516972,1.84989266,-0.002838991,0.00794633,-1.0,1.0,0.017,-0.002838991,0.017,-1.0,-0.00794633
1581252292.959515,000000000402,e78f135624ce,-62,10.820279969,4.230422499,1.842534996,-0.002844999,0.002267498,-1.0,1.0,0.019577501,-0.002844999,0.019577501,-1.0,-0.002267498
1581252293.4114568,000000000402,e78f135624ce,-72,10.568283751,4.215376534,1.835792178,-0.009415644,0.007415644,-1.0,-0.266642611,0.003376534,0.007623466,0.003376534,0.266642611,0.007207822
1581252293.8614664,000000000402,e78f135624ce,-69,10.33948678,4.202574339,1.831382893,-0.021042768,0.01,-1.0,-0.763492847,-0.003,0.020851322,-0.002808554,0.763492847,0.009808554
1581252294.317469,000000000402,e78f135624ce,-65,10.133137007,4.194116185,1.826441907,-0.039767629,0.011558093,-0.999,-0.923163867,-0.004883815,0.038767629,-0.003883815,0.924163867,0.011558093
1581252294.7675881,000000000402,e78f135624ce,-64,10.011976873,4.191842596,1.837026234,-0.000685192,0.010973766,-0.999,0.252325505,0.007052468,0.031104936,0.008026234,-0.252325505,-0.002052468
1581252295.2196872,000000000402,e78f135624ce,-67,9.856491353,4.170032757,1.830688505,0.034278739,0.002344252,-0.999,0.75780407,0.012655748,0.044311495,0.012655748,-0.75880407,0.001
1581252295.6704674,000000000402,e78f135624ce,-63,9.688974709,4.154614331,1.824,0.049108535,-0.001722866,-0.998722866,0.922096945,0.013277134,0.052554268,0.013277134,-0.923096945,0.003
1581252296.120602,000000000402,e78f135624ce,-65,9.517650544,4.142461269,1.821230634,0.055884683,-0.001884683,-0.998,0.973962145,0.015,0.056884683,0.014115317,-0.975077462,0.003
1581252297.0294807,000000000402,e78f135624ce,-66,9.091883962,4.141412417,1.797954176,-0.021595713,0.014,-0.998,-0.441965262,0.004954176,0.053183296,0.005954176,0.442011086,0.015
1581252297.4794593,000000000402,e78f135624ce,-70,8.865100674,4.158606455,1.794357418,-0.038819364,0.011606455,-0.998,-0.599142097,0.004036127,0.060321291,0.004357418,0.600142097,0.014321291
1581252297.934458,000000000402,e78f135624ce,-66,8.669136416,4.142427283,1.791714543,-0.023211838,0.009570913,-0.998,-0.499687491,0.005714543,0.058786358,0.006071815,0.50033022,0.014642728
1581252298.392543,000000000402,e78f135624ce,-69,8.445411473,4.154405156,1.796826362,-0.042347277,0.010115759,-0.998,-0.755877925,-0.000115759,0.062,0.000884241,0.756877925,0.013057879
1581252298.846461,000000000402,e78f135624ce,-74,8.227025251,4.174273685,1.794345263,-0.056654737,0.013,-0.998,-0.919023163,-0.004345263,0.063345263,-0.003690526,0.921023163,0.014345263
1581252299.3044302,000000000402,e78f135624ce,-66,8.020550164,4.195545277,1.791727362,-0.057454723,0.012272638,-0.998,-0.973181107,-0.004272638,0.059182085,-0.004,0.974908469,0.013
1581252299.7564132,000000000402,e78f135624ce,-66,7.829626729,4.200583997,1.792583997,-0.046416003,0.009277336,-0.999,-0.990583997,-0.003277336,0.047277336,-0.003138668,0.991583997,0.009416003
1581252300.2144136,000000000402,e78f135624ce,-68,7.623934024,4.214767812,1.790076518,-0.04,0.01,-0.999,-0.996538259,-0.003385224,0.04,-0.002923482,0.997538259,0.01
1581252300.6694076,000000000402,e78f135624ce,-75,7.429436764,4.225192059,1.796192059,-0.035,0.007192059,-0.999,-0.998192059,-0.003192059,0.035,-0.003192059,0.999,0.008
1581252301.1214228,000000000402,e78f135624ce,-70,7.231549545,4.20938362,1.78842457,-0.03080819,0.01138362,-0.999,-0.999,-0.00338362,0.03080819,-0.00319181,0.99980819,0.01138362
1581252301.5764189,000000000402,e78f135624ce,-70,7.032042663,4.226133685,1.784,-0.038566843,0.013,-0.999,-0.999,-0.003566843,0.038566843,-0.003566843,1.0,0.013
1581252302.0275402,000000000402,e78f135624ce,-73,6.965579093,4.248077504,1.761819157,-0.031077504,-0.004870827,-0.998,-0.069720192,0.007948331,0.009155008,0.008948331,0.069720192,0.018051669
1581252302.4813998,000000000402,e78f135624ce,-68,6.859925599,4.194614811,1.780689212,-0.002317551,0.004006764,-0.999,0.399148802,0.011331079,0.018331079,0.012331079,-0.399148802,0.006324315
1581252302.9354866,000000000402,e78f135624ce,-72,6.771843454,4.218157429,1.781578715,-0.009315743,-0.003368514,-0.999,0.721890922,0.013631486,-0.001262972,0.014315743,-0.721890922,0.005368514
1581252303.3865268,000000000402,e78f135624ce,-67,6.657846395,4.251483319,1.762725369,-0.012538401,-0.008802172,-0.999,0.910889835,0.015,-0.010472459,0.015,-0.910955777,0.009802172
1581252303.8454378,000000000402,e78f135624ce,-68,6.448751663,4.265450111,1.752890983,-0.023366593,-0.005774945,-0.999,0.462247967,0.010450111,0.001283075,0.010450111,-0.462247967,0.012083518
1581252304.3044064,000000000402,e78f135624ce,-69,6.215765968,4.208509525,1.743005603,-0.016001121,0.016247479,-0.999,-0.137429964,0.00125084,0.01050056,0.00150056,0.137429964,0.018997759
1581252305.2234268,000000000402,e78f135624ce,-70,5.923633001,4.490542301,1.760594725,-0.114315858,0.014101319,-0.968835638,-0.371164362,0.000215182,0.078354134,-0.003037954,0.38492377,0.011886137
1581252305.6794627,000000000402,e78f135624ce,-70,5.876689513,4.815479566,1.827269405,-0.135493189,0.002538811,-0.958232865,-0.483410813,-0.001808216,0.116379027,-0.007538811,0.51425557,0.003538811
1581252306.1384053,000000000402,e78f135624ce,-68,5.831804616,4.457369329,1.825547404,-0.043553173,0.010100577,-0.986748558,-0.839032979,-0.010899423,0.037452596,-0.012899423,0.848234133,0.010100577
1581252307.0434074,000000000402,e78f135624ce,-73,5.803918478,4.775804336,1.83528804,-0.171902168,0.002570653,-0.951059785,-0.592163044,-0.003918478,0.166413037,-0.011755434,0.639103259,0.004570653
1581252307.5004282,000000000402,e78f135624ce,-74,5.796028234,4.561090609,1.794271175,-0.080101772,0.014242942,-0.982785292,-0.474836505,-0.004242942,0.071130006,-0.005728825,0.490808271,0.015728825
1581252307.9584215,000000000402,e78f135624ce,-71,5.796199074,5.288932536,1.868171958,-0.264466268,-0.004628968,-0.923511244,-0.491326056,-0.001,0.207665342,-0.011171958,0.549099865,-0.004628968
1581252308.4084122,000000000402,e78f135624ce,-68,5.785199604,4.822916043,1.823401188,-0.088704555,0.010700594,-0.975598812,-0.508516835,-0.002900198,0.074704555,-0.005800396,0.526918023,0.010099802
1581252308.8653922,000000000402,e78f135624ce,-69,5.779320353,4.60656282,1.780640705,-0.045792212,0.019735929,-0.991207788,-0.378194712,0.001735929,0.036792212,0.001471859,0.383722853,0.017735929
1581252309.3203783,000000000402,e78f135624ce,-70,5.795286983,4.5254459,1.753573965,-0.025059594,0.021673288,-0.996326712,-0.315891799,0.004346576,0.026059594,0.004346576,0.317565087,0.021039729
1581252309.7714617,000000000402,e78f135624ce,-65,5.806600668,4.538003338,1.78089516,-0.008,0.018401001,-0.997,-0.177301168,0.004099833,0.011499166,0.004099833,0.178301168,0.011901836
1581252310.674367,000000000402,e78f135624ce,-69,5.866226277,4.780437956,1.762,-0.021540146,0.011386861,-0.998153285,0.03320438,0.003,-0.012927007,0.003,-0.03420438,0.012846715
1581252311.130398,000000000402,e78f135624ce,-69,5.882402445,4.886998254,1.747806636,0.00719511,0.013597555,-0.998200349,-0.025330842,0.001801397,-0.014996507,0.001801397,0.025330842,0.019196856
1581252311.5835147,000000000402,e78f135624ce,-91,5.879182088,5.002486625,1.726814939,0.025683575,-0.001,-0.996408956,-0.081722409,0.000817912,-0.028,-0.000182088,0.082722409,0.030319398
1581252312.0413723,000000000402,e78f135624ce,-69,5.898,5.225906373,1.78,0.010173307,0.001884462,-0.998,0.358812746,0.010884462,-0.004942231,0.010884462,-0.358812746,0.005884462
1581252312.501539,000000000402,e78f135624ce,-83,5.892518509,5.453759254,1.815697559,-0.01082095,0.005481491,-0.994746915,0.606759254,0.01550617,-0.020567865,0.013,-0.608759254,-0.003734576
1581252312.9553766,000000000402,e78f135624ce,-77,5.871473616,5.622146433,1.679438008,-0.015216359,-0.044579151,-0.99460818,0.695047478,0.01360818,-0.025040898,0.014,-0.693263837,0.047187331
1581252313.8653624,000000000402,e78f135624ce,-75,5.835023061,6.102025853,1.708225028,-0.029677145,-0.024700206,-0.989651293,0.666164219,0.008651293,-0.040861634,0.010674354,-0.663815512,0.017631023
1581252314.319466,000000000402,e78f135624ce,-86,5.839875653,6.340891317,1.716,-0.018,-0.018832463,-0.994291884,0.25959563,-0.002751305,-0.042124347,-0.000751305,-0.25859563,0.022583768
1581252314.7713444,000000000402,e78f135624ce,-78,5.842798529,6.642135282,1.741992646,-0.030798529,-0.011007354,-0.996899265,0.043763982,-0.004100735,-0.016201471,-0.004,-0.043763982,0.015302206
1581252315.2303774,000000000402,e78f135624ce,-77,5.833584134,6.928641795,1.769762013,-0.032168268,-0.002831732,-0.998,0.020648956,-0.004663463,-0.011504805,-0.004663463,-0.021064822,0.009247597
1581252315.6804817,000000000402,e78f135624ce,-81,5.830200321,7.182802889,1.741804493,-0.020193902,0.01379647,-0.998,-0.245358919,-0.010399037,-0.011600963,-0.010198716,0.24455924,0.021798074
1581252316.1373782,000000000402,e78f135624ce,-75,5.839146914,7.33489568,1.774151646,-0.001862552,0.011573457,-0.999,0.046416875,-0.002426543,-0.024146914,-0.002426543,-0.046416875,0.007995267
1581252316.5973568,000000000402,e78f135624ce,-71,5.862443186,7.599598585,1.796075752,-0.034962124,0.006556814,-0.998,0.533621239,0.005,-0.044556814,0.005,-0.534621239,0.001962124
1581252317.0474033,000000000402,e78f135624ce,-72,5.901188574,7.814481654,1.82064654,-0.029892243,0.007188574,-0.999,0.82329308,0.011026939,-0.031865304,0.011026939,-0.82429308,-0.004215513
1581252317.4983711,000000000402,e78f135624ce,-77,5.923709366,8.034243388,1.838696556,-0.01597438,0.008341873,-0.999670937,0.943076859,0.012670937,-0.01697438,0.012670937,-0.943747796,-0.007341873
1581252317.9593735,000000000402,e78f135624ce,-75,5.924961911,8.278542931,1.831708586,-0.021177147,0.004961911,-0.999,0.885340995,0.011,-0.024784764,0.011,-0.885733377,-0.003354293
1581252318.8663754,000000000402,e78f135624ce,-88,5.913,8.790354839,1.870771261,-0.051,0.013269795,-0.998,0.986615836,0.015961877,-0.051,0.015961877,-0.987961877,-0.014269795
1581252319.3243575,000000000402,e78f135624ce,-74,5.942271977,9.001774686,1.894087909,-0.052456045,0.016271977,-0.998,0.994543955,0.009,-0.052456045,0.008728023,-0.996271977,-0.017271977
1581252319.775379,000000000402,e78f135624ce,-84,5.942733118,9.21449583,1.911973635,-0.050439871,0.021706753,-0.998,0.997,0.008,-0.050439871,0.007,-0.998,-0.021706753
1581252320.2263684,000000000402,e78f135624ce,-86,5.955570882,9.470487855,1.910094509,-0.048570882,0.021047255,-0.998,0.998,0.009,-0.048570882,0.008,-0.999,-0.021570882
1581252320.6764977,000000000402,e78f135624ce,-75,5.956092752,9.737234662,1.87853624,-0.045278256,0.008907248,-0.998,0.998907248,0.010814496,-0.045278256,0.009907248,-1.0,-0.009907248
1581252321.137335,000000000402,e78f135624ce,-73,5.92338811,9.916802804,1.852260834,6.3638e-05,0.019644756,-0.997225874,0.346957303,-0.001,-0.052322378,-0.002,-0.346957303,0.00261189
1581252322.0483549,000000000402,e78f135624ce,-71,5.877032624,10.225936128,1.915934753,0.031739011,0.005065247,-0.996032624,0.086455356,-0.000934753,-0.066869505,-0.000934753,-0.08348798,-0.013
1581252322.508409,000000000402,e78f135624ce,-76,5.869891355,10.520164124,1.917048775,0.016880259,0.002277161,-0.997,-0.031341424,-0.001831484,-0.047722839,-0.001554323,0.032618586,-0.013108645
1581252322.9653485,000000000402,e78f135624ce,-74,5.836258772,10.869887844,1.892090852,0.014524436,-0.005307644,-0.997608396,-0.41353822,-0.01,-0.040349624,-0.008608396,0.413929824,-0.002783208
1581252323.8743608,000000000402,e78f135624ce,-73,5.843328056,11.430944591,1.950343887,-0.014333993,0.016669965,-0.994666007,0.186417106,0.007333993,-0.008335972,0.005,-0.187417106,-0.019671944
1581252324.3313468,000000000402,e78f135624ce,-75,5.842769775,11.618917364,1.868386656,-0.010769775,0.002077331,-0.997307556,0.277926205,0.009077331,-0.010847106,0.008077331,-0.278926205,0.007230225
1581252324.3343081,000000000402,e78f135624ce,-76,5.842671062,11.619953854,1.868016481,-0.010671062,0.002003296,-0.997332235,0.277358604,0.009003296,-0.010674358,0.008003296,-0.278358604,0.007328938
1581252324.7833443,000000000402,e78f135624ce,-75,5.821512112,11.829318325,1.781365631,-0.017975777,-0.012743944,-0.998,0.143292961,0.006914648,-0.000317184,0.007829296,-0.143292961,0.027743944
1581252325.2453325,000000000402,e78f135624ce,-84,5.833489,11.910292242,1.920621003,0.025332502,0.002600249,-0.99162225,0.064108755,0.00562225,0.0232445,0.01137775,-0.065486506,-0.022932751
1581252325.6983297,000000000402,e78f135624ce,-77,5.844824832,12.177415244,1.769692426,-0.005649664,0.030393097,-0.99426069,-0.213456472,-0.00073931,0.018564142,0.002,0.213717162,0.026393097
1581252326.1487641,000000000402,e78f135624ce,-80,5.866085578,12.426427892,1.799608105,-0.005175685,0.009522527,-0.997,0.033842427,0.002261263,0.01821621,0.002391895,-0.033842427,0.008261263
1581252326.605332,000000000402,e78f135624ce,-84,5.887925308,12.537954308,1.792761423,0.016074692,-0.003850615,-0.998462654,0.020539537,0.002,0.014761423,0.002,-0.020539537,0.009387962
1581252327.0563264,000000000402,e78f135624ce,-83,5.913017149,12.597188637,1.780085744,0.013051446,-0.010965702,-0.997017149,0.541553088,0.007965702,0.010965702,0.007965702,-0.543535939,0.012948554
1581252327.5164351,000000000402,e78f135624ce,-80,5.914,12.689113663,1.773700727,-0.000457074,-0.014556831,-0.999,0.632338564,0.007728537,-0.005,0.007728537,-0.632610028,0.014828294
1581252327.9673398,000000000402,e78f135624ce,-80,5.914,12.738156413,1.719087876,-0.003,-0.030133567,-0.999,0.831892785,0.008,-0.005,0.008377856,-0.831270641,0.030755711
1581252328.4174442,000000000402,e78f135624ce,-80,5.956935622,12.604472106,1.729914163,0.051742488,-0.020021459,-0.997021459,0.94200428,0.012,0.050699569,0.011978541,-0.94498282,0.021021459
1581252328.8784242,000000000402,e78f135624ce,-82,5.936274162,12.698938854,1.700566076,0.008893492,-0.031035503,-0.998327416,0.806045362,0.009672584,0.005238659,0.009672584,-0.806372779,0.031035503
1581252329.793344,000000000402,e78f135624ce,-81,5.906658585,12.600948538,1.835342405,0.071659575,0.020439387,-0.985280307,0.373417122,0.001,0.06131816,0.00931717,-0.385307523,-0.01952474
1581252330.2463317,000000000402,e78f135624ce,-80,5.89834096,12.68214341,1.813212053,0.020810828,0.0,-0.994106026,0.122272318,0.001,0.006810828,0.004446987,-0.126272318,0.001446987
1581252330.6983433,000000000402,e78f135624ce,-89,5.909103231,12.707022591,1.791022591,0.01608064,-0.009896769,-0.997183872,0.120229054,-0.001,-0.004103231,-0.0,-0.122045182,0.01108064
1581252331.1583297,000000000402,e78f135624ce,-79,5.947449219,12.791958676,1.801013775,-0.019851974,0.001328742,-0.998,0.010864103,-0.002731497,0.005449219,-0.001865748,-0.010864103,0.009060238
1581252331.611314,000000000402,e78f135624ce,-74,6.020426917,12.912952966,1.825213458,-0.060473951,0.000578148,-0.996,-0.298833576,-0.004473951,0.048843705,-0.004473951,0.301307526,0.006052098
1581252332.066321,000000000402,e78f135624ce,-81,6.110059303,12.812455332,1.842485111,-0.002178162,-0.017,-0.994,-0.187187834,-0.003900993,0.048188089,-0.005,0.187286842,0.003702978
1581252332.524335,000000000402,e78f135624ce,-81,6.248505319,12.656052287,1.918715879,0.049852749,-0.005157888,-0.985010509,-0.236010509,-0.005536845,0.024094707,-0.001157888,0.238010509,-0.017905293
1581252332.975318,000000000402,e78f135624ce,-81,6.404568463,12.705482155,1.840784231,-0.008001493,0.019694938,-0.991391369,-0.689650292,-0.011825892,0.036913693,-0.010217261,0.69043303,0.012694938
1581252333.4342952,000000000402,e78f135624ce,-77,6.575335627,12.782440384,1.814606478,-0.031772571,0.021166093,-0.99507581,-0.675068929,-0.010848381,0.039241903,-0.010772571,0.675993119,0.014620951
1581252335.258313,000000000402,e78f135624ce,-86,7.330839537,12.784580706,1.830225883,-0.000580706,0.00106447,-0.999,-0.218610804,-0.008354823,-0.008774117,-0.008354823,0.218610804,0.008709647
1581252335.7123272,000000000402,e78f135624ce,-76,7.544154921,12.797668474,1.857,-0.009834237,-0.008708559,-0.999,-0.184067192,-0.007708559,0.002542796,-0.007708559,0.184358633,-0.001708559
1581252336.1693118,000000000402,e78f135624ce,-82,7.759094048,12.790658123,1.858700858,-0.007829062,-0.005957265,-0.999,-0.288931743,-0.008914531,0.002743592,-0.008957265,0.288931743,8.5469e-05
1581252336.620294,000000000402,e78f135624ce,-76,7.933419303,12.774476705,1.844476705,-0.001476705,-0.007,-1.0,0.564056022,-0.00098447,0.002507765,-0.00098447,-0.564056022,0.005507765
1581252337.077345,000000000402,e78f135624ce,-81,8.132804399,12.762765366,1.834648048,0.002882683,-0.005765366,-1.0,0.861458055,0.004117317,0.003882683,0.004117317,-0.861458055,0.004882683
1581252337.5362794,000000000402,e78f135624ce,-73,8.341534633,12.75260344,1.828201147,-0.00339656,-0.001201147,-1.0,0.955982798,0.007,-0.002597706,0.007,-0.955982798,0.000402294
1581252337.9862752,000000000402,e78f135624ce,-78,8.556500818,12.748116639,1.82555832,-0.012,0.001,-1.0,0.985766721,0.011,-0.012,0.011,-0.985766721,-0.00144168
1581252338.4422836,000000000402,e78f135624ce,-74,8.774902214,12.74374509,1.824,-0.009617635,0.000872545,-1.0,0.99525491,0.012,-0.009617635,0.012,-0.99525491,-0.001
1581252338.8952756,000000000402,e78f135624ce,-72,8.995561916,12.74026513,1.82573487,-0.00326513,0.00173487,-1.0,0.99873487,0.013,-0.00326513,0.013,-0.99873487,-0.00173487
1581252339.3484569,000000000402,e78f135624ce,-78,9.227410128,12.715453778,1.833381511,0.015236977,0.008690756,-0.999690756,0.715994857,0.007381511,-0.003236977,0.007381511,-0.715994857,-0.002763023
1581252339.801309,000000000402,e78f135624ce,-72,9.451737575,12.697404027,1.838797986,0.011202014,0.006101007,-1.0,0.843343616,0.008,0.000898993,0.008,-0.843343616,-0.003
1581252340.2572935,000000000402,e78f135624ce,-74,9.688987162,12.695681235,1.841164527,0.011758354,0.003802058,-0.999,0.584802058,0.007,-0.015120823,0.006560412,-0.584241646,7.7119e-05
1581252340.7172873,000000000402,e78f135624ce,-85,9.942950409,12.705021377,1.854241984,0.017263361,0.001505344,-0.999,0.177838807,0.004241984,-0.027505344,0.004241984,-0.176838807,-0.003989312
1581252341.170251,000000000402,e78f135624ce,-76,10.214131863,12.729290549,1.845236484,0.017472967,0.006881758,-0.999881758,-0.625273838,-0.000881758,-0.020591209,-0.000881758,0.62539208,0.004881758
1581252341.630969,000000000402,e78f135624ce,-75,10.47536305,12.744663227,1.840445591,0.004336773,0.007,-1.0,-0.881067548,-0.004,-0.004782363,-0.004,0.881513139,0.007
1581252342.080278,000000000402,e78f135624ce,-76,10.732370771,12.755263965,1.836,0.001,0.005868017,-1.0,-0.96145181,-0.007,-0.001,-0.007,0.96145181,0.005
1581252342.53326,000000000402,e78f135624ce,-77,10.968568668,12.759560929,1.832239845,0.00247969,0.00147969,-1.0,-0.569839445,-0.002719536,-0.000280464,-0.002719536,0.5695996,0.007760155
1581252342.9872622,000000000402,e78f135624ce,-82,11.185566875,12.77,1.842781024,0.008187349,0.003593675,-0.999593675,-0.191647275,0.002406325,-0.020031627,0.002,0.1920536,0.004812651
1581252343.4402719,000000000402,e78f135624ce,-84,11.390063614,12.765089722,1.849089722,0.001820555,0.008,-0.999,-0.087455968,0.004044861,-0.032134584,0.004044861,0.087455968,0.004955139
1581252343.896299,000000000402,e78f135624ce,-89,11.536829054,12.75058921,1.829542737,0.003046474,0.000635684,-0.999,-0.030200844,0.005,-0.027635684,0.005,0.030200844,0.013046474
1581252344.356239,000000000402,e78f135624ce,-80,11.629618192,12.735168415,1.806089955,0.00574163,-0.00525837,-0.999,0.00375212,0.004,-0.019606696,0.004,-0.003100446,0.018606696
1581252344.8092434,000000000402,e78f135624ce,-79,11.678640238,12.744720185,1.808479683,-0.000800132,-0.002800132,-0.999,0.026481664,0.003039974,-0.023880079,0.003,-0.026481664,0.014840106
1581252345.2602723,000000000402,e78f135624ce,-78,11.715249928,12.732916722,1.795500143,-0.003166651,-0.011666603,-0.999,0.403415149,0.006583325,-0.017250024,0.006583325,-0.403415149,0.018499952
1581252345.7104106,000000000402,e78f135624ce,-80,11.742198647,12.713001128,1.746002256,-0.006199774,-0.028599323,-0.999,0.809787819,0.008,-0.010800226,0.008,-0.809787819,0.031199774
1581252346.167274,000000000402,e78f135624ce,-82,11.758570852,12.700429148,1.716001345,-0.007,-0.034,-0.999,0.939995965,0.008,-0.009,0.009,-0.938995965,0.034856951
1581252346.6242597,000000000402,e78f135624ce,-82,11.762905814,12.705282559,1.747905814,0.003717441,-0.015094186,-0.999,0.335270367,0.007094186,-0.011641279,0.007094186,-0.335270367,0.023
1581252347.0752542,000000000402,e78f135624ce,-86,11.758992598,12.736059215,1.790029607,-0.005,0.001,-0.999,0.137326434,0.006992598,-0.024037009,0.006992598,-0.137326434,0.009007402
1581252347.527291,000000000402,e78f135624ce,-74,11.765295443,12.641547688,1.838119769,0.032803659,0.015580552,-0.993694223,0.183100965,0.005010334,0.007109436,0.008989666,-0.186417076,-0.006243774
1581252347.9862735,000000000402,e78f135624ce,-74,11.77637024,12.572159366,1.854287035,0.016626238,0.020996478,-0.99388928,0.263653753,0.005,0.019775039,0.00874048,-0.265283514,-0.007107198
1581252349.3542457,000000000402,e78f135624ce,-78,11.774290392,12.181038862,1.737284273,0.015103274,-0.025044981,-0.996729039,0.291386473,0.010729039,-0.008270961,0.009729039,-0.290844551,0.029044981
1581252349.8092527,000000000402,e78f135624ce,-75,11.756116825,12.00937395,1.6654673,0.030649525,-0.047116825,-0.995,0.239752375,0.010883175,0.016415875,0.008,-0.23863555,0.04723365
1581252350.2675223,000000000402,e78f135624ce,-78,11.758626967,11.87008053,1.684826596,0.025810861,-0.037681271,-0.997437828,0.260110461,0.011,0.01405955,0.009,-0.259110461,0.035805616
1581252351.1823015,000000000402,e78f135624ce,-71,11.761696541,11.463034595,1.747786162,0.035809225,-0.008505766,-0.997,-0.061043496,0.006101153,-0.024797694,0.006,0.062043496,0.013303459
1581252351.6442173,000000000402,e78f135624ce,-75,11.765744433,11.318322372,1.747559209,0.016837045,-0.009511134,-0.998581478,0.080667012,0.008581478,-0.018162955,0.008,-0.079667012,0.015674089
1581252352.0982616,000000000402,e78f135624ce,-78,11.762617838,11.180890679,1.780610406,0.00159554,-0.002205946,-0.999,0.018493652,0.007602973,-0.020198513,0.006801487,-0.018493652,0.00859554
1581252353.0042176,000000000402,e78f135624ce,-77,11.725897425,10.769825665,1.793540172,0.004620515,0.001620515,-0.999,0.027948502,-0.004080343,-0.007540172,-0.004080343,-0.027948502,0.011080343
1581252353.4602432,000000000402,e78f135624ce,-70,11.765729384,10.608772747,1.789756872,0.009878436,-0.005243128,-1.0,0.695332942,-0.001121564,0.006,-0.001121564,-0.695332942,0.009121564
1581252353.9153588,000000000402,e78f135624ce,-83,11.780272972,10.427844167,1.795788286,0.012,-0.005484686,-1.0,0.902760345,-0.001242343,0.010757657,-0.001484686,-0.903002688,0.007242343
1581252354.3752055,000000000402,e78f135624ce,-69,11.782423046,10.230617219,1.793884768,0.009,-0.008846093,-1.0,0.969230464,0.001423046,0.008576954,0.001423046,-0.969230464,0.009846093
1581252354.829251,000000000402,e78f135624ce,-72,11.771959908,10.011353921,1.794879724,0.000879724,-0.009080184,-1.0,0.990120276,0.003,0.000879724,0.003,-0.990120276,0.009080184
1581252355.2792401,000000000402,e78f135624ce,-74,11.761738455,9.775209152,1.788,-0.004,-0.012347691,-1.0,0.996652309,0.003652309,-0.004,0.003652309,-0.996652309,0.012347691
1581252355.7302291,000000000402,e78f135624ce,-74,11.763,9.536481899,1.795101207,0.003,-0.008449397,-1.0,0.999,0.006,0.003,0.006,-0.999,0.008724698
1581252356.1863768,000000000402,e78f135624ce,-73,11.765328076,9.319225234,1.814656152,0.003932808,-0.002537539,-1.0,0.999932808,0.00873123,0.003932808,0.00873123,-0.999,0.002537539
1581252356.636224,000000000402,e78f135624ce,-73,11.782412293,9.123107956,1.840470764,0.004470764,0.004,-1.0,1.0,0.013470764,0.004470764,0.013470764,-1.0,-0.004
1581252357.0972273,000000000402,e78f135624ce,-74,11.794,8.899908831,1.822767503,0.016232497,-0.002116249,-1.0,1.0,0.010232497,0.016232497,0.010116249,-1.0,0.002116249
1581252357.5582309,000000000402,e78f135624ce,-86,11.795374416,8.653542925,1.817561623,0.023,-0.002,-1.0,1.0,0.008187208,0.023,0.008187208,-1.0,0.002
1581252358.0122263,000000000402,e78f135624ce,-70,11.796031623,8.405075175,1.819031623,0.017547434,-0.001,-1.0,1.0,0.009515811,0.017547434,0.009515811,-1.0,0.001
1581252358.4642317,000000000402,e78f135624ce,-86,11.799,8.153669567,1.830565481,0.010575889,0.00514137,-1.0,1.0,0.00828274,0.010575889,0.00828274,-1.0,-0.005
1581252358.9172173,000000000402,e78f135624ce,-75,11.783494957,7.905808383,1.827782777,-0.002257564,0.009,-1.0,0.667444532,0.007,-0.001762606,0.007,-0.667692011,-0.001010085
1581252359.8342168,000000000402,e78f135624ce,-69,11.74301545,7.378075531,1.849998283,-0.005998283,0.011003433,-1.0,0.50568586,0.01,-0.000993134,0.01,-0.50568586,-0.002998283
1581252360.2863488,000000000402,e78f135624ce,-75,11.740520273,7.110854679,1.876040546,0.004040546,0.018630068,-0.999,0.56583962,0.011630068,0.006780409,0.011630068,-0.56583962,-0.012890205
1581252360.7372048,000000000402,e78f135624ce,-69,11.741235737,6.799186836,1.844764263,0.012219437,0.01000815,-0.999,0.223472094,0.004504075,0.021723512,0.004504075,-0.224472094,0.00799185
1581252361.1932366,000000000402,e78f135624ce,-63,11.727280082,6.567215753,1.812867217,-0.004466804,0.002746887,-0.998,0.084522805,0.005,0.021159753,0.005,-0.084522805,0.023346474
1581252361.6463444,000000000402,e78f135624ce,-63,11.715968259,6.311182728,1.745357163,-0.007452388,-0.022031741,-0.997,-0.033341149,0.006,0.026611095,0.005,0.034825279,0.037
1581252362.0992196,000000000402,e78f135624ce,-60,11.697891531,6.051988786,1.647645205,0.010216937,-0.052797757,-0.995,0.332648686,0.00863051,0.033753674,0.00763051,-0.329895012,0.058753674
1581252362.549329,000000000402,e78f135624ce,-67,11.689459832,5.706044368,1.671189748,0.041241008,-0.012919664,-0.995729916,0.325613612,0.009459832,0.035540168,0.009459832,-0.326613612,0.035270084
1581252363.005201,000000000402,e78f135624ce,-67,11.694,5.48522894,1.711638,0.014780941,-0.008438118,-0.998,0.091495059,0.012,0.035952353,0.011390471,-0.091495059,0.022657176
1581252363.458203,000000000402,e78f135624ce,-65,11.705942105,5.280526281,1.740536837,0.013289477,-0.005681576,-0.998971052,0.316792033,0.014913157,0.031421047,0.013913157,-0.316792033,0.015202634
1581252363.9172478,000000000402,e78f135624ce,-65,11.697140393,4.927320636,1.712830458,0.031421179,0.000830458,-0.997309935,-0.205487223,0.009619869,-0.011871506,0.008929804,0.206487223,0.028929804
1581252364.3741853,000000000402,e78f135624ce,-71,11.712656057,4.662713349,1.747643325,0.028343943,0.009337577,-0.998,-0.076343562,0.008993634,-0.029025463,0.008662423,0.07701235,0.012675154
1581252364.8302011,000000000402,e78f135624ce,-63,11.739,4.605978194,1.77144569,0.002,0.002869574,-0.999,0.659956799,0.015032606,-0.016228245,0.015032606,-0.659956799,0.004195639
1581252365.2841964,000000000402,e78f135624ce,-71,11.741067555,4.467073072,1.785227022,0.011227022,-0.000613511,-1.0,0.891086395,0.013,0.005454044,0.013,-0.891086395,0.003
1581252365.7372868,000000000402,e78f135624ce,-74,11.747505337,4.331672615,1.791263342,0.013494663,-0.002747332,-1.0,0.965526685,0.013,0.011747332,0.013,-0.965526685,0.003747332
1581252366.646199,000000000402,e78f135624ce,-68,11.741058926,4.177824095,1.802470537,0.011,-0.003470537,-1.0,0.996470537,0.010529463,0.011,0.010529463,-0.996470537,0.003470537
1581252367.1031857,000000000402,e78f135624ce,-69,11.737920494,4.152363951,1.804,0.007079506,-0.004,-1.0,0.999,0.007079506,0.007079506,0.007079506,-0.999,0.004
1581252367.5551755,000000000402,e78f135624ce,-69,11.73756092,4.12712184,1.79743908,0.009,-0.00628046,-1.0,0.99971954,0.00928046,0.009,0.009,-0.99971954,0.00628046
1581252368.0101826,000000000402,e78f135624ce,-68,11.729398162,4.116805514,1.803203676,0.009,-0.004,-1.0,1.0,0.009,0.009,0.009,-1.0,0.004
1581252368.470109,000000000402,e78f135624ce,-74,11.735895539,4.106791079,1.793104461,0.01,-0.007895539,-1.0,1.0,0.009,0.01,0.009,-1.0,0.007895539
