1581252285.2388415,000000000302,e78f135624ce,-83,11.74,4.288239977,1.792760023,0.036760023,-0.001,-0.999,0.999119989,0.018,0.035880011,0.018,-0.999880011,0.002119989
1581252285.6928544,000000000302,e78f135624ce,-83,11.673736381,4.251579767,1.750262645,0.003736381,0.018368677,-0.999,0.236777224,0.009526265,0.039947471,0.010526265,-0.237777224,0.017842413
1581252286.1458466,000000000302,e78f135624ce,-82,11.692305809,4.211235477,1.772917427,0.022305809,0.003847095,-0.999,0.757397508,0.012,0.033847095,0.012847095,-0.757550413,0.007694191
1581252286.602953,000000000302,e78f135624ce,-81,11.701804663,4.181781346,1.798632644,0.03,0.004,-0.999,0.922725914,0.013195337,0.034195337,0.014,-0.92292125,0.000195337
1581252287.0618787,000000000302,e78f135624ce,-85,11.719725042,4.160274958,1.803725042,0.032,-0.001,-0.999,0.974450085,0.012137479,0.033568739,0.012137479,-0.975450085,0.002568739
1581252288.4278035,000000000302,e78f135624ce,-83,11.738381168,4.123950656,1.819856496,0.036143504,-0.000381168,-0.999,0.998381168,0.010143504,0.036143504,0.010143504,-0.999,0.000381168
1581252288.8879294,000000000302,e78f135624ce,-87,11.737096353,4.11328906,1.81428906,0.037903647,-0.001903647,-0.999,0.999,0.010096353,0.037903647,0.010096353,-1.0,0.001903647
1581252289.7949824,000000000302,e78f135624ce,-80,11.71492768,4.12550904,1.811,0.04150904,-0.005,-0.999,0.999,0.007,0.04150904,0.007,-1.0,0.005
1581252290.2449265,000000000302,e78f135624ce,-74,11.646851986,4.123300209,1.816150105,0.049699791,-0.002849895,-0.999,0.999,0.007150105,0.049699791,0.007150105,-1.0,0.002849895
1581252290.6968522,000000000302,e78f135624ce,-84,11.556077277,4.12,1.812440282,0.060440282,-0.005519906,-0.998,0.998,0.007519906,0.060440282,0.007519906,-1.0,0.005519906
1581252291.1488316,000000000302,e78f135624ce,-80,11.427571801,4.14144282,1.816110705,0.05733577,-0.005,-0.998110705,0.998,0.006110705,0.05733577,0.00522141,-1.0,0.006
1581252291.5998113,000000000302,e78f135624ce,-71,11.295254315,4.172979995,1.817557139,0.025020005,-0.003865717,-0.999,0.999,0.011711428,0.025020005,0.011711428,-1.0,0.003865717
1581252292.0537992,000000000302,e78f135624ce,-74,11.149240326,4.196983978,1.836311971,0.004672007,0.003327993,-1.0,1.0,0.014327993,0.004672007,0.014,-1.0,-0.003327993
1581252292.505778,000000000302,e78f135624ce,-77,10.989798485,4.217400325,1.849866739,-0.002800108,0.007933369,-1.0,1.0,0.017,-0.002800108,0.017,-1.0,-0.007933369
1581252292.9588103,000000000302,e78f135624ce,-77,10.82054019,4.230427921,1.842567524,-0.002855841,0.002283762,-1.0,1.0,0.019572079,-0.002855841,0.019572079,-1.0,-0.002283762
1581252293.4098318,000000000302,e78f135624ce,-77,10.569108781,4.215414036,1.835804679,-0.009390643,0.007390643,-1.0,-0.264017515,0.003414036,0.007585964,0.003414036,0.264017515,0.007195321
1581252293.8608143,000000000302,e78f135624ce,-74,10.339812817,4.202590641,1.831393761,-0.021015599,0.01,-1.0,-0.763052697,-0.003,0.020818718,-0.00280312,0.763052697,0.00980312
1581252294.3148117,000000000302,e78f135624ce,-87,10.134332737,4.194160472,1.826419764,-0.039679056,0.011580236,-0.999,-0.922654575,-0.004839528,0.038679056,-0.003839528,0.923654575,0.011580236
1581252295.218816,000000000302,e78f135624ce,-69,9.856792915,4.170052861,1.830701907,0.034245232,0.002350954,-0.999,0.75727466,0.012649046,0.044298093,0.012649046,-0.75827466,0.001
1581252295.6697946,000000000302,e78f135624ce,-78,9.689217958,4.154640208,1.824,0.049087833,-0.001728042,-0.998728042,0.921983083,0.013271958,0.052543917,0.013271958,-0.922983083,0.003
1581252296.1197674,000000000302,e78f135624ce,-78,9.517991284,4.142489084,1.821244542,0.055877729,-0.001877729,-0.998,0.97389956,0.015,0.056877729,0.014122271,-0.975021831,0.003
1581252296.5740643,000000000302,e78f135624ce,-81,9.330676578,4.134195482,1.819293223,0.043721761,0.000706777,-0.99845113,0.746743425,0.011744352,0.052744352,0.011744352,-0.748292295,0.004804518
1581252297.0314507,000000000302,e78f135624ce,-71,9.09066611,4.141573603,1.797936266,-0.021828538,0.014,-0.998,-0.44468752,0.004936266,0.053254935,0.005936266,0.444751253,0.015
1581252297.4814336,000000000302,e78f135624ce,-73,8.864437859,4.158535942,1.794385623,-0.038607827,0.011535942,-0.998,-0.595404949,0.004078435,0.060307188,0.004385623,0.596404949,0.014307188
1581252297.9317386,000000000302,e78f135624ce,-78,8.670107631,4.142621526,1.791675695,-0.0235809,0.00964861,-0.998,-0.503727743,0.005675695,0.058689237,0.006013542,0.504389896,0.014662153
1581252298.3910158,000000000302,e78f135624ce,-80,8.446087852,4.154328791,1.79685909,-0.042281821,0.01009394,-0.998,-0.755146999,-9.394e-05,0.062,0.00090606,0.756146999,0.01304697
1581252298.8447492,000000000302,e78f135624ce,-79,8.227927861,4.174195874,1.794360825,-0.056639175,0.013,-0.998,-0.918618545,-0.004360825,0.063360825,-0.00372165,0.920618545,0.014360825
1581252299.3057425,000000000302,e78f135624ce,-73,8.019917895,4.195569136,1.791715432,-0.057430864,0.012284568,-0.998,-0.973276544,-0.004284568,0.059146296,-0.004,0.974991976,0.013
1581252300.212788,000000000302,e78f135624ce,-78,7.624609247,4.214680283,1.790051509,-0.04,0.01,-0.999,-0.996525755,-0.003422736,0.04,-0.002948491,0.997525755,0.01
1581252300.6677516,000000000302,e78f135624ce,-76,7.430137402,4.22517932,1.79617932,-0.035,0.00717932,-0.999,-0.99817932,-0.00317932,0.035,-0.00317932,0.999,0.008
1581252301.1196673,000000000302,e78f135624ce,-79,7.232354139,4.209412878,1.788380683,-0.030793561,0.011412878,-0.999,-0.999,-0.003412878,0.030793561,-0.003206439,0.999793561,0.011412878
1581252302.0257113,000000000302,e78f135624ce,-76,6.966417344,4.248031781,1.761925844,-0.031031781,-0.004947031,-0.998,-0.067525499,0.007978813,0.009063562,0.008978813,0.067525499,0.018021187
1581252302.4807181,000000000302,e78f135624ce,-79,6.86009863,4.194735409,1.780636779,-0.002354255,0.003991034,-0.999,0.39880274,0.011336322,0.018336322,0.012336322,-0.39880274,0.006345288
1581252303.8437424,000000000302,e78f135624ce,-77,6.45002321,4.265534881,1.752368236,-0.02331008,-0.00573256,-0.999,0.467065718,0.010534881,0.001085278,0.010534881,-0.467065718,0.012224801
1581252304.302836,000000000302,e78f135624ce,-77,6.216511939,4.20895449,1.743267347,-0.016053469,0.016129694,-0.999,-0.134158163,0.001290102,0.010526735,0.001526735,0.134158163,0.018893061
1581252304.7637055,000000000302,e78f135624ce,-77,6.06264235,4.151908308,1.729174265,-0.006412867,0.016412867,-0.999,-0.210138297,-8.2573e-05,0.009917427,0.000834853,0.210138297,0.020412867
1581252305.2206943,000000000302,e78f135624ce,-75,5.924095426,4.480179771,1.75950172,-0.111226017,0.01437457,-0.969844566,-0.370155434,0.000173143,0.076819723,-0.002932858,0.383473437,0.012201427
1581252305.6787355,000000000302,e78f135624ce,-75,5.876779012,4.816134024,1.827263812,-0.135711341,0.002527624,-0.958165741,-0.482571764,-0.001791435,0.116558024,-0.007527624,0.51346127,0.003527624
1581252306.135688,000000000302,e78f135624ce,-75,5.832166917,4.458886465,1.825343609,-0.043802255,0.010145865,-0.986635338,-0.837696994,-0.010854135,0.037656391,-0.012854135,0.846988723,0.010145865
1581252306.5926836,000000000302,e78f135624ce,-78,5.818939747,4.30441026,1.815351286,-0.022117948,0.015176922,-0.995529487,-0.670066647,-0.009529487,0.017176922,-0.01,0.673007673,0.013706409
1581252307.0446954,000000000302,e78f135624ce,-76,5.80390677,4.774914488,1.835042161,-0.171457244,0.002652613,-0.951211996,-0.592186461,-0.00390677,0.165897861,-0.011720309,0.638974465,0.004652613
1581252307.4986825,000000000302,e78f135624ce,-75,5.795978357,4.561813828,1.794233768,-0.080363627,0.014255411,-0.982722946,-0.476008617,-0.004255411,0.071341984,-0.005766232,0.49203026,0.015766232
1581252307.9566534,000000000302,e78f135624ce,-73,5.796110669,5.290675388,1.868222475,-0.265337694,-0.004666856,-0.923220769,-0.492450069,-0.001,0.208448363,-0.011222475,0.550451207,-0.004666856
1581252307.960007,000000000302,e78f135624ce,-75,5.796278348,5.287369703,1.868126658,-0.263684852,-0.004594994,-0.923771716,-0.490318142,-0.001,0.2069632,-0.011126658,0.547888103,-0.004594994
1581252308.4077303,000000000302,e78f135624ce,-81,5.785189863,4.823310557,1.823430412,-0.088816578,0.010715206,-0.975569588,-0.508930831,-0.002905069,0.074816578,-0.005810137,0.527361243,0.010094931
1581252308.863903,000000000302,e78f135624ce,-83,5.779388042,4.607104334,1.780776084,-0.045832825,0.019722392,-0.991167175,-0.377179373,0.001722392,0.036832825,0.001444783,0.38273459,0.017722392
1581252309.319657,000000000302,e78f135624ce,-77,5.795241087,4.52555736,1.753482174,-0.025118603,0.021679845,-0.996320155,-0.316114721,0.004359689,0.026118603,0.004359689,0.317794565,0.021079068
1581252309.77065,000000000302,e78f135624ce,-77,5.806575689,4.537878443,1.781076257,-0.008,0.018363533,-0.997,-0.177257455,0.004106078,0.011530389,0.004106078,0.178257455,0.011833144
1581252310.2236853,000000000302,e78f135624ce,-75,5.81732656,4.590285919,1.751216256,0.004412192,0.022065312,-0.997467344,-0.344383171,-0.002934688,-0.014532656,-0.002402032,0.343850515,0.022195936
1581252311.1296444,000000000302,e78f135624ce,-85,5.882446407,4.886966852,1.747925963,0.007107185,0.013553593,-0.99820663,-0.024087333,0.001826519,-0.014933704,0.001826519,0.024087333,0.019140333
1581252311.5817704,000000000302,e78f135624ce,-85,5.87921116,5.0010476,1.726466085,0.025872537,-0.001,-0.99639442,-0.081199127,0.00078884,-0.028,-0.00021116,0.082199127,0.030450218
1581252312.0406854,000000000302,e78f135624ce,-86,5.898,5.22571748,1.78,0.010156135,0.00189591,-0.998,0.358434959,0.01089591,-0.004947955,0.01089591,-0.358434959,0.00589591
1581252312.5006096,000000000302,e78f135624ce,-70,5.892561402,5.453780701,1.815576028,-0.010985374,0.005438598,-0.994739766,0.606780701,0.015520467,-0.02072514,0.013,-0.608780701,-0.003698832
1581252312.9566255,000000000302,e78f135624ce,-70,5.871387158,5.622444232,1.678688706,-0.015197146,-0.044838525,-0.994598573,0.695931269,0.013598573,-0.024992866,0.014,-0.694128416,0.047437098
1581252313.8636687,000000000302,e78f135624ce,-77,5.834980718,6.102590428,1.706587758,-0.03026995,-0.025250668,-0.989679521,0.666474736,0.008679521,-0.041115693,0.010660239,-0.664154257,0.018308514
1581252314.318681,000000000302,e78f135624ce,-71,5.839856025,6.340400621,1.716,-0.018,-0.018858634,-0.994285342,0.260478882,-0.00271205,-0.042143975,-0.00071205,-0.259478882,0.022570683
1581252315.2297468,000000000302,e78f135624ce,-77,5.833579283,6.928287679,1.769689249,-0.032158567,-0.002841433,-0.998,0.01974669,-0.004682867,-0.0114757,-0.004682867,-0.020167406,0.00926215
1581252315.6796634,000000000302,e78f135624ce,-77,5.830194027,7.18274624,1.741716374,-0.020313493,0.013865706,-0.998,-0.246164582,-0.01041792,-0.01158208,-0.010223893,0.245358609,0.02183584
1581252316.5957358,000000000302,e78f135624ce,-72,5.862398977,7.598508088,1.796134698,-0.034932651,0.006601023,-0.998,0.53332651,0.005,-0.044601023,0.005,-0.53432651,0.001932651
1581252317.045588,000000000302,e78f135624ce,-74,5.901073054,7.813573993,1.82025047,-0.029958255,0.007073054,-0.999,0.82250094,0.011010436,-0.031947819,0.011010436,-0.82350094,-0.00408349
1581252317.4965973,000000000302,e78f135624ce,-71,5.923582664,8.033521184,1.838607865,-0.016050402,0.008316533,-0.999658266,0.942848795,0.012658266,-0.017050402,0.012658266,-0.943507061,-0.007316533
1581252317.9576046,000000000302,e78f135624ce,-67,5.924898739,8.277784863,1.831556973,-0.021139243,0.004898739,-0.999,0.884911422,0.011,-0.024759495,0.011,-0.88529117,-0.003278486
1581252318.41362,000000000302,e78f135624ce,-72,5.900868856,8.550852319,1.841,-0.048262287,0.005,-0.998,0.962655719,0.014934428,-0.050196716,0.014934428,-0.964590147,-0.005065572
1581252319.322614,000000000302,e78f135624ce,-78,5.942256127,9.000855356,1.894024507,-0.052487746,0.016256127,-0.998,0.994512254,0.009,-0.052487746,0.008743873,-0.996256127,-0.017256127
1581252319.773611,000000000302,e78f135624ce,-72,5.942801113,9.213707087,1.911878441,-0.050480668,0.021679555,-0.998,0.997,0.008,-0.050480668,0.007,-0.998,-0.021679555
1581252320.2245827,000000000302,e78f135624ce,-74,5.955612091,9.469608715,1.910149455,-0.048612091,0.021074728,-0.998,0.998,0.009,-0.048612091,0.008,-0.999,-0.021612091
1581252320.6746078,000000000302,e78f135624ce,-73,5.956078214,9.736100697,1.87860893,-0.045234642,0.008921786,-0.998,0.998921786,0.010843572,-0.045234642,0.009921786,-1.0,-0.009921786
1581252321.134589,000000000302,e78f135624ce,-74,5.923731374,9.915567055,1.853199088,-0.000233857,0.019507451,-0.997248758,0.35434891,-0.001,-0.052253725,-0.002,-0.35434891,0.002268626
1581252321.5925798,000000000302,e78f135624ce,-69,5.889401165,10.018220978,1.897831468,0.053627971,0.013186014,-0.995598835,-0.112710015,-0.008802331,-0.068023309,-0.008802331,0.116111181,-0.010005827
1581252322.5076327,000000000302,e78f135624ce,-81,5.869867469,10.519650578,1.917114461,0.016963859,0.002283133,-0.997,-0.031801227,-0.001849398,-0.047716867,-0.001566266,0.03308436,-0.013132531
1581252322.9635587,000000000302,e78f135624ce,-78,5.836355146,10.869048012,1.891911871,0.014400526,-0.005156199,-0.997622164,-0.412780994,-0.01,-0.040267018,-0.008622164,0.413158831,-0.002755673
1581252323.4236634,000000000302,e78f135624ce,-84,5.843219554,11.06884859,1.91507095,0.003432403,0.005858101,-0.99707095,0.254522375,0.002787151,-0.018148604,0.002787151,-0.253522375,-0.011858101
1581252323.8765404,000000000302,e78f135624ce,-79,5.843473365,11.432470329,1.950053271,-0.014315829,0.016579147,-0.994684171,0.184110336,0.007315829,-0.008263318,0.005,-0.185110336,-0.019526635
1581252324.3305423,000000000302,e78f135624ce,-75,5.842796589,11.618635815,1.868487209,-0.010796589,0.002097442,-0.997300853,0.278080387,0.009097442,-0.010894031,0.008097442,-0.279080387,0.007203411
1581252325.2435548,000000000302,e78f135624ce,-79,5.833434303,11.908637663,1.921222668,0.025742728,0.002477182,-0.991608576,0.065271063,0.005608576,0.023217151,0.011391424,-0.066662488,-0.02321991
1581252325.6955452,000000000302,e78f135624ce,-83,5.844674898,12.175080558,1.769306881,-0.005349796,0.030607288,-0.994239271,-0.216048188,-0.000760729,0.018435627,0.002,0.216287459,0.026607288
1581252326.146525,000000000302,e78f135624ce,-88,5.865954957,12.425774784,1.799552124,-0.005343627,0.009597168,-0.997,0.035391227,0.002298584,0.018104249,0.002447876,-0.035391227,0.008298584
1581252326.6066475,000000000302,e78f135624ce,-90,5.887949228,12.538289187,1.792677703,0.016050772,-0.003898455,-0.998474614,0.019726261,0.002,0.014677703,0.002,-0.019726261,0.009423841
1581252327.514636,000000000302,e78f135624ce,-82,5.914,12.688882349,1.773970593,-0.000431372,-0.014441175,-0.999,0.630745071,0.007715686,-0.005,0.007715686,-0.631029385,0.014725488
1581252327.965537,000000000302,e78f135624ce,-81,5.914,12.738014773,1.719255268,-0.003,-0.030094938,-0.999,0.83124897,0.008,-0.005,0.008364979,-0.83061395,0.030729959
1581252328.4155307,000000000302,e78f135624ce,-85,5.956976626,12.604171406,1.729968835,0.051906506,-0.020007791,-0.997007791,0.943275421,0.012,0.050890924,0.011992209,-0.94626763,0.021007791
1581252328.876509,000000000302,e78f135624ce,-83,5.936448273,12.698137945,1.700862064,0.009206891,-0.030931036,-0.998344827,0.804931054,0.009655173,0.005517237,0.009655173,-0.805275881,0.030931036
1581252329.335581,000000000302,e78f135624ce,-93,5.906150698,12.810283101,1.722511315,-0.021584497,-0.019452094,-0.998283101,0.52669956,0.004433799,-0.028716899,0.005433799,-0.52769956,0.018735195
1581252330.2445183,000000000302,e78f135624ce,-84,5.898382808,12.681710982,1.813156256,0.020992169,0.0,-0.994078128,0.121937534,0.001,0.006992169,0.004460936,-0.125937534,0.001460936
1581252330.696503,000000000302,e78f135624ce,-82,5.909018292,12.706866869,1.790866869,0.016151423,-0.009981708,-0.997169715,0.119903453,-0.001,-0.004018292,-0.0,-0.121733738,0.011151423
1581252331.1555967,000000000302,e78f135624ce,-80,5.947016495,12.790933803,1.801355399,-0.019487574,0.001214867,-0.998,0.015760719,-0.002685947,0.005016495,-0.001842973,-0.015760719,0.008900814
1581252331.6095526,000000000302,e78f135624ce,-74,6.020103986,12.912644714,1.825051993,-0.060459272,0.000622184,-0.996,-0.299303293,-0.004459272,0.048755633,-0.004459272,0.301762565,0.006081456
1581252332.5224965,000000000302,e78f135624ce,-83,6.247925502,12.659658466,1.917782515,0.048622406,-0.005228597,-0.985194353,-0.236194353,-0.005508561,0.024405828,-0.001228597,0.238194353,-0.017594172
1581252333.4324784,000000000302,e78f135624ce,-81,6.574720728,12.78217486,1.814494678,-0.031814496,0.021319818,-0.995061835,-0.676899652,-0.010876331,0.039381653,-0.010814496,0.677837817,0.014690826
1581252333.8885033,000000000302,e78f135624ce,-72,6.749828517,12.821882573,1.830176764,-0.017390494,-0.001598944,-0.997,-0.340904942,-0.005598944,0.015197888,-0.006299472,0.340904942,0.00720845
1581252334.3414533,000000000302,e78f135624ce,-69,6.944720887,12.790899552,1.844905779,-0.00671111,0.008457778,-0.995691556,0.210854217,0.003616889,0.003055112,0.003616889,-0.209471106,0.004159111
1581252335.2564535,000000000302,e78f135624ce,-73,7.330067161,12.784523493,1.830154367,-0.000523493,0.00110738,-0.999,-0.220570352,-0.008369127,-0.008845633,-0.008369127,0.220570352,0.008738253
1581252335.7094407,000000000302,e78f135624ce,-71,7.543000308,12.797846106,1.857,-0.009923053,-0.008730763,-0.999,-0.186576254,-0.007730763,0.002653817,-0.007730763,0.18684549,-0.001730763
1581252336.168433,000000000302,e78f135624ce,-67,7.758596055,12.790599536,1.858649594,-0.007799768,-0.005949942,-0.999,-0.287034974,-0.008899884,0.002699652,-0.008949942,0.287034974,0.000100116
1581252336.6194308,000000000302,e78f135624ce,-72,7.932995494,12.77450025,1.84450025,-0.00150025,-0.007,-1.0,0.562988651,-0.001000167,0.002499917,-0.001000167,-0.562988651,0.005499917
1581252337.5344412,000000000302,e78f135624ce,-74,8.34078622,12.752642831,1.828214277,-0.003357169,-0.001214277,-1.0,0.955785847,0.007,-0.002571446,0.007,-0.955785847,0.000428554
1581252337.9844358,000000000302,e78f135624ce,-73,8.555712505,12.748142917,1.825571458,-0.012,0.001,-1.0,0.985714167,0.011,-0.012,0.011,-0.985714167,-0.001428542
1581252338.440451,000000000302,e78f135624ce,-68,8.77409058,12.743771272,1.824,-0.009656907,0.000885636,-1.0,0.995228728,0.012,-0.009656907,0.012,-0.995228728,-0.001
1581252338.8934195,000000000302,e78f135624ce,-80,8.994515756,12.740282004,1.825717996,-0.003282004,0.001717996,-1.0,0.998717996,0.013,-0.003282004,0.013,-0.998717996,-0.001717996
1581252339.3475664,000000000302,e78f135624ce,-71,9.226875831,12.715494255,1.833397702,0.015204596,0.008698851,-0.999698851,0.717225358,0.007397702,-0.003204596,0.007397702,-0.717225358,-0.002795404
1581252339.8004277,000000000302,e78f135624ce,-64,9.451317199,12.697431148,1.838784426,0.011215574,0.006107787,-1.0,0.842963922,0.008,0.000892213,0.008,-0.842963922,-0.003
1581252340.715429,000000000302,e78f135624ce,-70,9.941878352,12.704907024,1.854284866,0.01719189,0.001476756,-0.999,0.182713095,0.004284866,-0.027476756,0.004284866,-0.181713095,-0.004046488
1581252341.1684022,000000000302,e78f135624ce,-74,10.212976426,12.729198114,1.845267295,0.017534591,0.006866352,-0.999866352,-0.623224863,-0.000866352,-0.020668238,-0.000866352,0.62335851,0.004866352
1581252341.6294062,000000000302,e78f135624ce,-70,10.474438373,12.744624157,1.840458614,0.004375843,0.007,-1.0,-0.88057265,-0.004,-0.004834458,-0.004,0.881031265,0.007
1581252342.079402,000000000302,e78f135624ce,-66,10.7318525,12.755249366,1.836,0.001,0.005875317,-1.0,-0.961371514,-0.007,-0.001,-0.007,0.961371514,0.005
1581252342.5358903,000000000302,e78f135624ce,-67,10.969701691,12.759682324,1.832219613,0.002439225,0.001439225,-1.0,-0.564538517,-0.002658838,-0.000341162,-0.002658838,0.564318905,0.007780387
1581252343.4393752,000000000302,e78f135624ce,-70,11.389746323,12.765075927,1.849075927,0.001848146,0.008,-0.999,-0.08800088,0.004037964,-0.032113891,0.004037964,0.08800088,0.004962036
1581252343.8943748,000000000302,e78f135624ce,-70,11.536315976,12.750669379,1.829671006,0.002998373,0.000667751,-0.999,-0.029302959,0.005,-0.027667751,0.005,0.029302959,0.012998373
1581252344.3543832,000000000302,e78f135624ce,-65,11.629324349,12.735338535,1.805997163,0.005664302,-0.005335698,-0.999,0.004695511,0.004,-0.019668558,0.004,-0.004028372,0.018668558
1581252344.8087654,000000000302,e78f135624ce,-72,11.678607143,12.744694445,1.808523809,-0.000781746,-0.002781746,-0.999,0.026250004,0.003043651,-0.023869048,0.003,-0.026250004,0.014825397
1581252345.2594032,000000000302,e78f135624ce,-73,11.715189765,12.732963516,1.795620471,-0.003153281,-0.011613124,-0.999,0.402138336,0.006576641,-0.017270078,0.006576641,-0.402138336,0.018459843
1581252345.709393,000000000302,e78f135624ce,-72,11.742151682,12.713040265,1.74608053,-0.006191947,-0.028575841,-0.999,0.809365136,0.008,-0.010808053,0.008,-0.809365136,0.031191947
1581252346.6223845,000000000302,e78f135624ce,-73,11.76287172,12.70538484,1.74787172,0.00361516,-0.01512828,-0.999,0.338083113,0.00712828,-0.01169242,0.00712828,-0.338083113,0.023
1581252347.0733767,000000000302,e78f135624ce,-68,11.758992405,12.735992405,1.78988607,-0.005,0.000962023,-0.999,0.137825307,0.006992405,-0.024007595,0.006992405,-0.137832903,0.009037977
1581252347.5253808,000000000302,e78f135624ce,-68,11.765145355,12.643717139,1.83727382,0.032025931,0.015239444,-0.993803378,0.179539791,0.005051267,0.006222553,0.008948733,-0.18278768,-0.005889021
1581252347.9844055,000000000302,e78f135624ce,-66,11.776356897,12.573306856,1.853339688,0.016279322,0.02063622,-0.993929309,0.262332805,0.005,0.019494837,0.008713794,-0.263975908,-0.006706911
1581252348.4433641,000000000302,e78f135624ce,-75,11.778553788,12.40266537,1.839326734,0.058382467,-0.023103571,-0.991872511,0.213705082,0.009127489,-0.00159762,0.012872511,-0.213577592,-0.015195239
1581252348.8983712,000000000302,e78f135624ce,-85,11.775672103,12.271557948,1.729606871,0.039606871,-0.042655795,-0.994672103,0.228951076,0.010327897,0.001967384,0.01,-0.227278974,0.035360513
1581252349.3523731,000000000302,e78f135624ce,-82,11.774460623,12.181413371,1.738271613,0.015222436,-0.02460238,-0.996746062,0.289854393,0.010746062,-0.008253938,0.009746062,-0.289346518,0.02860238
1581252349.8083637,000000000302,e78f135624ce,-84,11.756123664,12.009688541,1.665494656,0.030629008,-0.047123664,-0.995,0.239854959,0.010876336,0.01638168,0.008,-0.238731295,0.047247328
1581252350.2653828,000000000302,e78f135624ce,-76,11.758725716,11.870985732,1.685534299,0.02572857,-0.037368565,-0.997454286,0.256242783,0.011,0.013911426,0.009,-0.255242783,0.035459993
1581252350.7233927,000000000302,e78f135624ce,-67,11.757554572,11.617737457,1.733986724,0.056004425,-0.028663716,-0.994777286,-0.019358411,0.005554572,-0.017672567,0.004554572,0.021581125,0.012117995
1581252351.1803572,000000000302,e78f135624ce,-63,11.761647933,11.463520671,1.747591732,0.035938846,-0.008586778,-0.997,-0.060249571,0.006117356,-0.024765289,0.006,0.061249571,0.013352067
1581252351.642341,000000000302,e78f135624ce,-62,11.765697524,11.318932188,1.747355937,0.016868317,-0.009604952,-0.998565841,0.082074279,0.008565841,-0.018131683,0.008,-0.081074279,0.015736635
1581252352.096338,000000000302,e78f135624ce,-74,11.762810195,11.18186849,1.780722614,0.001547451,-0.002270065,-0.999,0.019503523,0.007635032,-0.020182484,0.006817516,-0.019503523,0.008547451
1581252352.5513275,000000000302,e78f135624ce,-66,11.718666829,10.996911835,1.805288846,-0.004533366,-0.002711154,-0.999,-0.302687776,-0.000933269,-0.012066731,-0.000933269,0.302687776,0.004822211
1581252353.0054386,000000000302,e78f135624ce,-74,11.726038303,10.769515734,1.79353078,0.004592339,0.001592339,-0.999,0.030766057,-0.00406156,-0.00753078,-0.00406156,-0.030766057,0.01106156
1581252353.459351,000000000302,e78f135624ce,-70,11.765688207,10.609067847,1.789770598,0.009885299,-0.005229402,-1.0,0.694749606,-0.001114701,0.006,-0.001114701,-0.694749606,0.009114701
1581252353.913385,000000000302,e78f135624ce,-73,11.780223625,10.42871596,1.795706042,0.012,-0.005517583,-1.0,0.902201082,-0.001258792,0.010741208,-0.001517583,-0.902459874,0.007258792
1581252354.3723185,000000000302,e78f135624ce,-68,11.782398988,10.232060725,1.79400506,0.009,-0.008797976,-1.0,0.968989879,0.001398988,0.008601012,0.001398988,-0.968989879,0.009797976
1581252354.8282883,000000000302,e78f135624ce,-62,11.771967931,10.011883425,1.794903792,0.000903792,-0.009064139,-1.0,0.990096208,0.003,0.000903792,0.003,-0.990096208,0.009064139
1581252355.2773008,000000000302,e78f135624ce,-77,11.761813043,9.776119128,1.788,-0.004,-0.012362609,-1.0,0.996637391,0.003637391,-0.004,0.003637391,-0.996637391,0.012362609
1581252355.2807736,000000000302,e78f135624ce,-70,11.761679474,9.774489583,1.788,-0.004,-0.012335895,-1.0,0.996664105,0.003664105,-0.004,0.003664105,-0.996664105,0.012335895
1581252355.7297604,000000000302,e78f135624ce,-70,11.763,9.536698236,1.795086784,0.003,-0.008456608,-1.0,0.999,0.006,0.003,0.006,-0.999,0.008728304
1581252357.0953074,000000000302,e78f135624ce,-70,11.794,8.900973551,1.822802411,0.016197589,-0.002098794,-1.0,1.0,0.010197589,0.016197589,0.010098794,-1.0,0.002098794
1581252357.5552778,000000000302,e78f135624ce,-76,11.795416602,8.65495617,1.817624903,0.023,-0.002,-1.0,1.0,0.008208301,0.023,0.008208301,-1.0,0.002
1581252358.0113049,000000000302,e78f135624ce,-69,11.796044787,8.405522754,1.819044787,0.01756718,-0.001,-1.0,1.0,0.009522393,0.01756718,0.009522393,-1.0,0.001
1581252358.466281,000000000302,e78f135624ce,-73,11.799,8.152703513,1.83062403,0.010531978,0.005156007,-1.0,1.0,0.008312015,0.010531978,0.008312015,-1.0,-0.005
1581252359.3712838,000000000302,e78f135624ce,-70,11.762990338,7.620194838,1.833,-0.007665056,0.01,-0.999334944,0.470346195,0.006665056,-0.005990338,0.006665056,-0.470346195,0.000669887
1581252359.831258,000000000302,e78f135624ce,-78,11.743220288,7.379076961,1.849975524,-0.005975524,0.011048953,-1.0,0.501520819,0.01,-0.000902094,0.01,-0.501520819,-0.002975524
1581252360.2843127,000000000302,e78f135624ce,-82,11.740457624,7.112076334,1.875915248,0.003915248,0.018614406,-0.999,0.563631242,0.011614406,0.006686436,0.011614406,-0.563631242,-0.012843218
1581252360.7342772,000000000302,e78f135624ce,-71,11.741393374,6.799884941,1.844606626,0.01255723,0.009918072,-0.999,0.221017465,0.004459036,0.022016266,0.004459036,-0.222017465,0.008081928
1581252361.194295,000000000302,e78f135624ce,-75,11.727253624,6.566439636,1.812690826,-0.004422707,0.002676331,-0.998,0.083623215,0.005,0.021239128,0.005,-0.083623215,0.023408211
1581252362.0982919,000000000302,e78f135624ce,-70,11.697961108,6.052993781,1.647730243,0.010077784,-0.052998756,-0.995,0.333800565,0.008653703,0.033769135,0.007653703,-0.33103143,0.058769135
1581252362.5486207,000000000302,e78f135624ce,-79,11.689448934,5.706327704,1.671173402,0.041306393,-0.012897869,-0.995724467,0.325847909,0.009448934,0.035551066,0.009448934,-0.326847909,0.035275533
1581252363.0032382,000000000302,e78f135624ce,-84,11.694,5.486225489,1.711381314,0.014750743,-0.008498514,-0.998,0.091011884,0.012,0.035876857,0.011375371,-0.091011884,0.022747772
1581252363.4562275,000000000302,e78f135624ce,-80,11.705972498,5.282349851,1.74077998,0.013137512,-0.005848736,-0.998986249,0.320575942,0.014958746,0.031724975,0.013958746,-0.320575942,0.015096259
1581252363.9143226,000000000302,e78f135624ce,-84,11.696994135,4.930806452,1.712659824,0.030982405,0.000659824,-0.997334311,-0.199076246,0.009668622,-0.01131085,0.009002933,0.200076246,0.029002933
1581252364.3751886,000000000302,e78f135624ce,-81,11.71269786,4.662529417,1.747735292,0.02830214,0.009320856,-0.998,-0.073676545,0.009018716,-0.028925136,0.008679144,0.074336973,0.012641712
1581252364.8292778,000000000302,e78f135624ce,-77,11.739,4.606191285,1.771324939,0.002,0.002841162,-0.999,0.659076022,0.015039709,-0.016277966,0.015039709,-0.659076022,0.004238257
1581252365.2822342,000000000302,e78f135624ce,-74,11.740992086,4.467661727,1.785196835,0.011196835,-0.000598417,-1.0,0.890543022,0.013,0.005393669,0.013,-0.890543022,0.003
1581252365.7353237,000000000302,e78f135624ce,-79,11.747475135,4.332110545,1.791187837,0.013524865,-0.002762433,-1.0,0.965375674,0.013,0.011762433,0.013,-0.965375674,0.003762433
1581252366.644395,000000000302,e78f135624ce,-72,11.741091724,4.178004482,1.802454138,0.011,-0.003454138,-1.0,0.996454138,0.010545862,0.011,0.010545862,-0.996454138,0.003454138
1581252367.1071365,000000000302,e78f135624ce,-82,11.737884577,4.152076617,1.804,0.007115423,-0.004,-1.0,0.999,0.007115423,0.007115423,0.007115423,-0.999,0.004
1581252367.5561957,000000000302,e78f135624ce,-82,11.737546346,4.127092692,1.797453654,0.009,-0.006273173,-1.0,0.999726827,0.009273173,0.009,0.009,-0.999726827,0.006273173
1581252368.0092502,000000000302,e78f135624ce,-80,11.729391502,4.116825495,1.803216997,0.009,-0.004,-1.0,1.0,0.009,0.009,0.009,-1.0,0.004
1581252368.469271,000000000302,e78f135624ce,-72,11.735901126,4.106802253,1.793098874,0.01,-0.007901126,-1.0,1.0,0.009,0.01,0.009,-1.0,0.007901126
