1581251155.3922625,b827ebfd7811,e78f135624ce,-77,17.96,4.45,1.64,0.014,-0.01,-0.997,1.002,0.002,0.014,0.001,-0.997,0.015
1581251155.8466141,b827ebfd7811,e78f135624ce,-77,17.955912631,4.401213683,1.67761158,0.014,-0.001912631,-0.999,1.001,0.008087369,0.014,0.008087369,-0.999,0.003912631
1581251156.3006403,b827ebfd7811,e78f135624ce,-78,17.953160569,4.340788618,1.729605691,0.014321138,0.002839431,-1.0,1.0,0.012,0.014321138,0.012,-1.0,-0.002
1581251157.205929,b827ebfd7811,e78f135624ce,-72,17.937441227,4.250051534,1.80016908,0.017,0.003610307,-1.0,1.0,0.009,0.017,0.009,-1.0,-0.003610307
1581251157.6644573,b827ebfd7811,e78f135624ce,-72,17.923093467,4.233532666,1.809560801,0.016093467,0.001093467,-1.0,1.0,0.008906533,0.016093467,0.008906533,-1.0,-0.001093467
1581251158.5704792,b827ebfd7811,e78f135624ce,-71,17.92852922,4.189147729,1.83347078,0.02252922,0.00573539,-1.0,1.0,0.01326461,0.02252922,0.01326461,-1.0,-0.00547078
1581251159.0214615,b827ebfd7811,e78f135624ce,-70,17.924426655,4.178,1.835142218,0.031431127,0.005142218,-0.999142218,0.999,0.014,0.031431127,0.014,-1.0,-0.005142218
1581251159.482943,b827ebfd7811,e78f135624ce,-71,17.894677595,4.182243853,1.838330601,0.041921448,0.005,-0.999,0.999,0.01141735,0.041921448,0.01141735,-1.0,-0.00458265
1581251160.8380096,b827ebfd7811,e78f135624ce,-72,17.623340605,4.194056768,1.850611354,-0.004165939,0.004611354,-1.0,1.0,0.012,-0.004165939,0.012,-1.0,-0.004611354
1581251161.292287,b827ebfd7811,e78f135624ce,-70,17.497717859,4.185,1.845007625,-0.016015251,0.003,-1.0,1.0,0.013992375,-0.016015251,0.013992375,-1.0,-0.003
1581251161.7462335,b827ebfd7811,e78f135624ce,-71,17.357888787,4.171388879,1.843041659,-0.013694439,0.00134722,-1.0,1.0,0.014,-0.013694439,0.014,-1.0,-0.001694439
1581251162.1964712,b827ebfd7811,e78f135624ce,-72,17.206120258,4.159190018,1.842730006,-0.000380035,0.003269994,-1.0,1.0,0.014539988,-0.000380035,0.014539988,-1.0,-0.003269994
1581251162.6574051,b827ebfd7811,e78f135624ce,-75,17.040454498,4.146165284,1.835165284,0.021801659,0.005033057,-1.0,0.999033057,0.016966943,0.021834716,0.017,-1.0,-0.004033057
1581251163.5695224,b827ebfd7811,e78f135624ce,-67,16.709739861,4.151,1.839530828,0.021530828,0.008765414,-1.0,1.0,0.012469172,0.022296241,0.013234586,-1.0,-0.008765414
1581251164.0198321,b827ebfd7811,e78f135624ce,-70,16.545621813,4.149668617,1.838,0.016165692,0.006165692,-1.0,1.0,0.014834308,0.016165692,0.014834308,-1.0,-0.006165692
1581251164.470091,b827ebfd7811,e78f135624ce,-70,16.386029212,4.147,1.838355056,0.021451685,0.004451685,-1.0,1.0,0.015548315,0.021451685,0.016,-1.0,-0.004451685
1581251164.9210944,b827ebfd7811,e78f135624ce,-74,16.225784108,4.142,1.838,0.022775635,0.003,-1.0,1.0,0.016,0.022775635,0.016,-1.0,-0.002925212
1581251165.3802102,b827ebfd7811,e78f135624ce,-71,16.08112759,4.155701591,1.838740318,-0.002922546,0.002,-1.0,1.0,0.017740318,-0.002922546,0.017740318,-1.0,-0.001740318
1581251165.835342,b827ebfd7811,e78f135624ce,-71,15.917579956,4.159068673,1.827435088,-0.013801504,0.00783208,-1.0,0.314632124,0.014267168,-0.013900752,0.014267168,-0.315265708,0.007198496
1581251166.2873826,b827ebfd7811,e78f135624ce,-71,15.724657158,4.138092064,1.811122752,-0.014846559,0.017969312,-1.0,-0.581304719,0.011,0.005754495,0.011,0.581274031,0.017938624
1581251166.7392235,b827ebfd7811,e78f135624ce,-71,15.555650273,4.128203428,1.805796572,-0.004209141,0.01460457,-1.0,-0.088801044,0.013197715,0.016197715,0.013598857,0.088399901,0.01360457
1581251167.648033,b827ebfd7811,e78f135624ce,-71,15.230093094,4.101848849,1.806606321,0.000485057,0.016636208,-1.0,-0.214288569,0.011121264,0.019363792,0.011242528,0.214288569,0.013393679
1581251168.1064482,b827ebfd7811,e78f135624ce,-66,15.061468838,4.094998615,1.788497923,-0.018502077,0.024500692,-0.999,-0.746554707,0.007499308,0.025,0.007998615,0.746554707,0.023500692
1581251168.5675762,b827ebfd7811,e78f135624ce,-70,14.895076415,4.08714731,1.784410759,-0.010883862,0.021294621,-0.999,-0.609204134,0.008,0.02914731,0.009,0.609204134,0.020294621
1581251169.0178542,b827ebfd7811,e78f135624ce,-78,14.71521006,4.104042348,1.767239413,-0.034042348,0.027239413,-0.999,-0.873705243,0.006239413,0.039760587,0.008,0.873705243,0.027239413
1581251169.4676673,b827ebfd7811,e78f135624ce,-65,14.580090298,4.10659789,1.764989452,-0.022010548,0.02440211,-0.99840211,-0.524903791,0.01,0.04,0.011,0.524903791,0.022804219
1581251169.9202883,b827ebfd7811,e78f135624ce,-65,14.394688205,4.111191065,1.757745247,-0.038191065,0.025,-0.999,-0.850611223,0.007063688,0.043127377,0.008063688,0.850611223,0.024
1581251170.8315923,b827ebfd7811,e78f135624ce,-71,14.026163716,4.138244493,1.736992657,-0.049244493,0.028503672,-0.998,-0.983007343,0.005251836,0.050244493,0.006251836,0.984007343,0.028251836
1581251171.282688,b827ebfd7811,e78f135624ce,-59,13.839186205,4.151137655,1.733425104,-0.051,0.026431172,-0.998,-0.993712552,0.003287448,0.051,0.004431172,0.994712552,0.026431172
1581251173.561696,b827ebfd7811,e78f135624ce,-55,13.057698329,4.376784362,1.812344134,-0.044451398,0.013,-0.9882581,0.376784362,0.016827933,-0.031623465,0.013913967,-0.387526262,-0.001
1581251174.0203936,b827ebfd7811,e78f135624ce,-58,12.900625456,4.253714886,1.835902159,-0.001,0.016761705,-0.995761705,0.545302494,0.017761705,0.001238295,0.016761705,-0.54854079,-0.006808523
1581251174.4781911,b827ebfd7811,e78f135624ce,-55,12.706775777,4.1841991,1.77056293,-0.000688789,0.025125859,-0.998,-0.203645175,0.013251718,-0.000311211,0.013251718,0.202082245,0.02056293
1581251174.9300117,b827ebfd7811,e78f135624ce,-57,12.522806819,4.14560124,1.75446522,0.002,0.01860124,-0.999,-0.211868808,0.01113292,-0.00580062,0.01113292,0.211802348,0.0206677
1581251175.8365505,b827ebfd7811,e78f135624ce,-61,12.251273848,4.152,1.772879461,-0.012293154,-0.004,-1.0,0.874553537,0.016,-0.013293154,0.016,-0.874846691,0.008413692
1581251176.288137,b827ebfd7811,e78f135624ce,-57,12.109072332,4.166083725,1.78738915,-0.016898192,-0.002101808,-1.0,0.959574684,0.012203617,-0.016898192,0.012203617,-0.959574684,0.003203617
1581251176.7409701,b827ebfd7811,e78f135624ce,-56,11.996757224,4.171717038,1.802787778,-0.006323149,0.000858519,-1.0,0.987141481,0.01253537,-0.006323149,0.01253537,-0.987141481,-0.000393889
1581251177.1989584,b827ebfd7811,e78f135624ce,-60,11.918862034,4.165394092,1.80198523,0.004394092,-0.001605908,-1.0,0.996197046,0.014802954,0.004394092,0.014,-0.996197046,0.001605908
1581251177.656458,b827ebfd7811,e78f135624ce,-58,11.854440481,4.156271165,1.803271165,0.012864418,-0.001864418,-1.0,0.998864418,0.014,0.012864418,0.014,-0.998864418,0.001864418
1581251178.5689702,b827ebfd7811,e78f135624ce,-54,11.808654629,4.147792777,1.797930926,0.013,-0.004,-1.0,1.0,0.013069074,0.013,0.013,-1.0,0.004
1581251179.0205905,b827ebfd7811,e78f135624ce,-55,11.78333037,4.172795742,1.802126111,0.004873889,-0.001582592,-1.0,1.0,0.012,0.004873889,0.012,-1.0,0.002291296
1581251179.4797945,b827ebfd7811,e78f135624ce,-58,11.780748089,4.211748089,1.824417304,-0.005748089,0.006582696,-1.0,1.0,0.014582696,-0.005748089,0.014582696,-1.0,-0.006582696
1581251179.9300752,b827ebfd7811,e78f135624ce,-58,11.778,4.202372995,1.829372995,-0.000124332,0.006124332,-1.0,1.0,0.015062166,-0.000124332,0.015062166,-1.0,-0.006186498
1581251180.3914742,b827ebfd7811,e78f135624ce,-58,11.775664962,4.201994886,1.825327367,0.001002557,0.003997443,-1.0,1.0,0.017,0.001335038,0.017,-1.0,-0.003997443
1581251180.8469963,b827ebfd7811,e78f135624ce,-54,11.768406262,4.197109393,1.832218785,0.003593738,0.007812523,-1.0,1.0,0.018703131,0.003593738,0.018703131,-1.0,-0.007812523
1581251181.3027709,b827ebfd7811,e78f135624ce,-54,11.767198489,4.204735348,1.833867674,6.6163e-05,0.007,-1.0,1.0,0.016,6.6163e-05,0.016,-1.0,-0.007
1581251181.756819,b827ebfd7811,e78f135624ce,-58,11.759098192,4.203839277,1.826098192,0.002160723,0.003419638,-1.0,1.0,0.015160723,0.002160723,0.015160723,-1.0,-0.003419638
1581251182.207389,b827ebfd7811,e78f135624ce,-55,11.762599736,4.20599868,1.826200132,0.00100066,0.003,-1.0,1.0,0.014,0.001800528,0.014,-1.0,-0.003
1581251182.6622927,b827ebfd7811,e78f135624ce,-56,11.756158994,4.193112955,1.816635974,0.006364026,0.0,-1.0,1.0,0.014682013,0.006364026,0.014682013,-1.0,0.0
1581251183.121415,b827ebfd7811,e78f135624ce,-58,11.754500358,4.188501788,1.814002861,0.004999285,1.431e-06,-1.0,1.0,0.013500358,0.004999285,0.013500358,-1.0,-1.431e-06
1581251183.5745575,b827ebfd7811,e78f135624ce,-59,11.75,4.203867948,1.815780241,-0.002659276,0.001,-1.0,1.0,0.015,-0.002659276,0.015,-1.0,-0.001
1581251184.027753,b827ebfd7811,e78f135624ce,-58,11.737517214,4.26186229,1.830741393,-0.003034428,0.008,-1.0,1.0,0.018741393,-0.002775821,0.018741393,-1.0,-0.008
1581251184.4866443,b827ebfd7811,e78f135624ce,-56,11.746700686,4.387156516,1.817125857,-0.002425171,0.002850343,-1.0,1.0,0.022,-0.002425171,0.022,-1.0,-0.002850343
1581251184.9477081,b827ebfd7811,e78f135624ce,-62,11.705246022,4.570502652,1.766,-0.02774337,0.026125663,-0.996125663,0.439506325,0.016623011,0.038869033,0.018623011,-0.437631988,0.017874337
1581251185.398862,b827ebfd7811,e78f135624ce,-54,11.694645414,4.582872482,1.787832662,0.007374496,0.019812752,-0.998,0.124653236,0.011729083,0.016645414,0.013,-0.123653236,0.007812752
1581251185.8533032,b827ebfd7811,e78f135624ce,-55,11.704,4.723627638,1.806747133,0.00295172,0.013,-0.999,0.078997592,0.009650573,0.031747133,0.010650573,-0.078997592,0.005650573
1581251186.3051636,b827ebfd7811,e78f135624ce,-56,11.711,4.881280747,1.810095514,-0.003238785,0.008095514,-0.999,0.05042112,0.009952243,0.037904486,0.009952243,-0.05042112,0.008952243
1581251186.7660902,b827ebfd7811,e78f135624ce,-56,11.716651678,5.013291952,1.800303356,0.012471815,0.003,-0.999,0.299234285,0.012955034,0.039955034,0.012955034,-0.299234285,0.009044966
1581251187.2204852,b827ebfd7811,e78f135624ce,-63,11.70727938,5.242102031,1.886412392,-0.026323718,0.017368055,-0.991558761,0.29345673,0.013441239,-0.010529914,0.00872062,-0.297897969,-0.023485577
1581251187.6727378,b827ebfd7811,e78f135624ce,-67,11.707470951,5.324334361,1.848156984,0.01740977,0.005,-0.995078492,0.367339344,0.010921508,0.034959213,0.009843016,-0.370260852,-0.001921508
1581251188.1327353,b827ebfd7811,e78f135624ce,-69,11.698557848,5.523545311,1.722884304,0.008557848,-0.030652912,-0.995557848,0.322839386,0.009326456,0.02378924,0.008326456,-0.322397234,0.044884304
1581251188.5828924,b827ebfd7811,e78f135624ce,-74,11.699,5.712131813,1.771418924,0.004476346,0.004104731,-0.996104731,0.119053824,0.004685807,0.028104731,0.004581076,-0.117158555,0.012209462
1581251189.0383217,b827ebfd7811,e78f135624ce,-72,11.700472147,5.891196331,1.754249321,0.006055706,-0.00687534,-0.997236073,0.004183083,0.002527853,0.036527853,0.001763927,-0.003419157,0.024347486
1581251189.4930432,b827ebfd7811,e78f135624ce,-74,11.701118983,6.103919166,1.808440509,0.002118983,0.007237965,-0.997440509,0.039767488,0.005762035,0.029594914,0.005762035,-0.038767488,0.000118983
1581251189.9509826,b827ebfd7811,e78f135624ce,-69,11.696859924,6.309964859,1.815058406,0.000400759,-0.005120607,-0.998,0.102299132,0.006420228,0.046579772,0.006280152,-0.102299132,0.006980531
1581251190.8656383,b827ebfd7811,e78f135624ce,-78,11.696368886,6.694550934,1.818844428,-0.003844428,0.009106657,-0.998,0.047702469,0.004631114,0.048106657,0.005,-0.047333584,0.005631114
1581251191.3190193,b827ebfd7811,e78f135624ce,-76,11.703981902,6.883095111,1.819108587,0.003728533,0.011036196,-0.997018098,0.148995767,0.002963804,0.064909511,0.003963804,-0.148995767,0.006
1581251191.7752397,b827ebfd7811,e78f135624ce,-88,11.697806226,7.134805451,1.847419455,-0.019710503,0.008354864,-0.996,-0.060782852,0.004580545,0.082354864,0.004935409,0.062137716,0.000354864
1581251192.2320216,b827ebfd7811,e78f135624ce,-78,11.732501515,7.284009089,1.848185796,0.035312689,0.009061932,-0.997312689,0.664956247,0.012,0.067185796,0.013,-0.665643557,-0.005374621
1581251192.6860456,b827ebfd7811,e78f135624ce,-75,11.750822457,7.462470019,1.834177543,0.028266314,0.004088771,-0.998955614,0.89426896,0.013955614,0.038399471,0.014,-0.894313346,-0.003044386
1581251193.596139,b827ebfd7811,e78f135624ce,-75,11.766587218,7.840732343,1.823587218,0.009380826,0.002,-1.0,0.988619174,0.014793609,0.010380826,0.014793609,-0.988825565,-0.002
1581251194.0518792,b827ebfd7811,e78f135624ce,-74,11.761149945,8.018952586,1.824550165,-0.00070011,0.00370011,-1.0,0.99670011,0.013149945,-0.000550165,0.013149945,-0.99670011,-0.00370011
1581251194.9561064,b827ebfd7811,e78f135624ce,-75,11.765773315,8.339060241,1.819226685,-0.006886658,0.003,-1.0,1.0,0.011113342,-0.006886658,0.011113342,-1.0,-0.003
1581251195.4079328,b827ebfd7811,e78f135624ce,-73,11.764,8.433148142,1.81867196,-0.008,0.00255732,-1.0,1.0,0.01127866,-0.008,0.01127866,-1.0,-0.00255732
1581251195.8651671,b827ebfd7811,e78f135624ce,-74,11.770729919,8.488204313,1.818905121,-0.006729919,0.00263504,-1.0,1.0,0.01363504,-0.006729919,0.013,-1.0,-0.00263504
1581251197.2289557,b827ebfd7811,e78f135624ce,-87,11.767,8.537731544,1.815,0.015536911,0.003,-1.0,1.0,0.008268456,0.015536911,0.009,-1.0,-0.003
1581251197.6811638,b827ebfd7811,e78f135624ce,-82,11.759721596,8.557628795,1.820464006,0.010907199,0.003185603,-1.0,1.0,0.013,0.010907199,0.013,-1.0,-0.003185603
1581251198.1316924,b827ebfd7811,e78f135624ce,-85,11.764,8.552627625,1.819,0.015457458,0.003,-1.0,1.0,0.011,0.015457458,0.011,-1.0,-0.003
1581251198.5889742,b827ebfd7811,e78f135624ce,-76,11.764069111,8.549345556,1.818723556,0.016861778,0.003861778,-1.0,1.0,0.01,0.016861778,0.01,-1.0,-0.002930889
1581251199.0489323,b827ebfd7811,e78f135624ce,-71,11.763231712,8.564695136,1.813231712,0.012536576,0.001768288,-1.0,1.0,0.010231712,0.012536576,0.010231712,-1.0,-0.001
1581251199.5011625,b827ebfd7811,e78f135624ce,-72,11.765,8.553718774,1.814281226,0.017427075,0.002427075,-1.0,1.0,0.009427075,0.017427075,0.009427075,-1.0,-0.002427075
1581251200.8561094,b827ebfd7811,e78f135624ce,-77,11.672434089,8.572236869,1.811,0.02358771,-0.00141229,-1.0,1.0,0.012,0.02358771,0.012,-1.0,0.002206145
1581251201.311596,b827ebfd7811,e78f135624ce,-72,11.573107341,8.576152124,1.808608495,0.028391505,-0.006543629,-0.999152124,0.999152124,0.012152124,0.028391505,0.012,-1.0,0.006695752
1581251201.7630785,b827ebfd7811,e78f135624ce,-73,11.450962719,8.557152008,1.817949331,0.046423996,-0.005,-0.999,0.999,0.013525335,0.046423996,0.013525335,-1.0,0.005525335
1581251202.2202375,b827ebfd7811,e78f135624ce,-73,11.31490497,8.556839042,1.81914512,0.050580479,-0.006,-0.99885488,0.99885488,0.01214512,0.050580479,0.01129024,-1.0,0.00614512
1581251202.6749282,b827ebfd7811,e78f135624ce,-70,11.16269604,8.542661094,1.822,0.056,-0.003,-0.998,0.998,0.011220365,0.056,0.011,-1.0,0.003220365
1581251203.1324549,b827ebfd7811,e78f135624ce,-92,10.999418222,8.541851382,1.819,0.052574309,-0.004425691,-0.999,0.998425691,0.010425691,0.052574309,0.010425691,-1.0,0.004425691
1581251203.5891328,b827ebfd7811,e78f135624ce,-81,10.823248961,8.546288596,1.821,0.049129346,-0.006,-0.999,0.999,0.010064673,0.049129346,0.01,-1.0,0.006064673
1581251204.0401132,b827ebfd7811,e78f135624ce,-84,10.650090386,8.58536525,1.819,-0.011078003,0.002,-0.996682625,0.304003705,0.002047874,0.072491127,0.00236525,-0.301686329,0.007952126
1581251204.4989846,b827ebfd7811,e78f135624ce,-78,10.432024942,8.588098753,1.816534996,0.018098753,0.002633749,-0.998366251,0.710497583,0.007366251,0.048168745,0.007366251,-0.709863834,0.001
1581251204.9547408,b827ebfd7811,e78f135624ce,-77,10.199341488,8.586077743,1.822155485,-0.000233228,0.006025914,-0.999,-0.032815446,0.004,0.034974086,0.004974086,0.032815446,0.005025914
1581251205.4118376,b827ebfd7811,e78f135624ce,-75,9.961414449,8.575988359,1.834341094,-0.011,0.010341094,-1.0,-0.689395787,0.002,0.022317812,0.002,0.690066334,0.010341094
1581251205.8691163,b827ebfd7811,e78f135624ce,-73,9.70270052,8.569370928,1.817,0.00142732,0.010258144,-0.999,-0.349390911,-0.004685464,-0.02085464,-0.004685464,0.349390911,0.010258144
1581251206.3216026,b827ebfd7811,e78f135624ce,-96,9.502133221,8.56,1.826699402,-0.009699402,0.014,-0.999,-0.79236379,-0.002075149,0.003549103,-0.002,0.792438939,0.014075149
1581251206.7779496,b827ebfd7811,e78f135624ce,-75,9.303190845,8.555821883,1.833589058,-0.017589058,0.011410942,-1.0,-0.933959285,-0.003410942,0.015178117,-0.003410942,0.933959285,0.011410942
1581251207.2291787,b827ebfd7811,e78f135624ce,-72,9.109671783,8.55380138,1.835602761,-0.02119862,0.00919862,-1.0,-0.978191717,-0.003602761,0.02019862,-0.00280138,0.979191717,0.00919862
1581251208.5934362,b827ebfd7811,e78f135624ce,-75,8.522892822,8.554831108,1.836037531,-0.024943703,0.010981234,-1.0,-0.999,-0.003,0.024924937,-0.002018766,0.999,0.010981234
1581251209.5100698,b827ebfd7811,e78f135624ce,-81,8.082585947,8.559580729,1.832419271,-0.018161459,0.010580729,-1.0,-1.0,-0.003419271,0.018161459,-0.003419271,1.0,0.011161459
1581251209.967672,b827ebfd7811,e78f135624ce,-74,7.854130635,8.56076714,1.837,-0.015,0.00788357,-1.0,-1.0,-0.005,0.015,-0.005,1.0,0.00788357
1581251211.3305993,b827ebfd7811,e78f135624ce,-76,7.21680628,8.540585666,1.839917133,-8.2867e-05,0.005,-1.0,-1.0,-0.009165734,8.2867e-05,-0.009165734,1.0,0.005
1581251211.7883458,b827ebfd7811,e78f135624ce,-80,7.023210461,8.534407893,1.822815787,0.007592107,0.008592107,-1.0,-1.0,-0.009815787,-0.007592107,-0.009815787,1.0,0.008592107
1581251212.2411773,b827ebfd7811,e78f135624ce,-73,6.843765659,8.547375634,1.82006345,0.006770728,0.005,-1.0,-0.925814718,-0.008312183,-0.006770728,-0.008541455,0.925814718,0.007541455
1581251212.6959934,b827ebfd7811,e78f135624ce,-78,6.726563082,8.59518061,1.829897079,-0.00435923,0.007128154,-1.0,-0.186626835,-0.000256308,-0.011128154,-0.000256308,0.186626835,0.002871846
1581251213.6050162,b827ebfd7811,e78f135624ce,-78,6.49204375,8.624682212,1.822227404,-0.008886298,0.011886298,-0.999,0.305702644,0.004,-0.014090385,0.004,-0.305702644,0.001
1581251214.0643752,b827ebfd7811,e78f135624ce,-87,6.398814701,8.636415336,1.821830672,-0.001246007,0.005623004,-1.0,0.698402538,0.011792332,-0.000246007,0.011792332,-0.698402538,-0.001
1581251214.9762776,b827ebfd7811,e78f135624ce,-85,6.155674887,8.639343977,1.866343977,0.013343977,0.014114659,-1.0,0.969917272,0.018,0.014229318,0.018,-0.969917272,-0.013114659
1581251216.3400395,b827ebfd7811,e78f135624ce,-87,5.971112752,8.701876998,1.86298975,0.006041001,0.012,-1.0,0.99898975,0.01998975,0.00703075,0.01998975,-0.99898975,-0.01198975
1581251216.8000863,b827ebfd7811,e78f135624ce,-81,5.95554066,8.718141758,1.863682418,0.004952747,0.012,-1.0,0.999,0.020682418,0.004952747,0.021,-0.999,-0.012
1581251217.2601378,b827ebfd7811,e78f135624ce,-83,5.932955017,8.729,1.857865052,0.003348328,0.008955017,-1.0,1.0,0.021,0.003348328,0.021,-1.0,-0.008955017
1581251217.7108123,b827ebfd7811,e78f135624ce,-83,5.911,8.743005087,1.852969478,-0.002994913,0.007,-1.0,0.892549395,0.019,0.001979652,0.019,-0.892549395,-0.007994913
1581251218.1661491,b827ebfd7811,e78f135624ce,-89,5.926111164,8.715299953,1.849644466,0.008055582,0.009411116,-1.0,0.964066603,0.018411116,0.010055582,0.018411116,-0.96447772,-0.009411116
1581251218.618871,b827ebfd7811,e78f135624ce,-92,5.910409183,8.724431735,1.856522755,0.003522755,0.012840918,-1.0,0.988477245,0.017840918,0.004363673,0.017840918,-0.988477245,-0.012840918
1581251219.0762494,b827ebfd7811,e78f135624ce,-83,5.887076684,8.747461658,1.845641105,-0.005,0.009820553,-1.0,0.912437133,0.015,0.000358895,0.015,-0.912437133,-0.008820553
1581251219.5275314,b827ebfd7811,e78f135624ce,-93,5.911219461,8.712615944,1.851527433,0.004746893,0.011054865,-1.0,0.971780539,0.017945135,0.006274326,0.017945135,-0.971780539,-0.010527433
1581251220.4410431,b827ebfd7811,e78f135624ce,-82,5.90925274,8.829681504,1.85974726,-0.02049452,0.012,-0.99925274,0.978483561,0.02074726,-0.02049452,0.02074726,-0.979230821,-0.01274726
1581251221.3452737,b827ebfd7811,e78f135624ce,-73,5.906577812,9.024108715,1.863093819,-0.033906181,0.01204691,-0.999,0.99695309,0.018140729,-0.03295309,0.018140729,-0.99795309,-0.01204691
1581251221.8001087,b827ebfd7811,e78f135624ce,-84,5.940085005,9.14646635,1.870365998,-0.044028335,0.014182999,-0.999,0.998,0.018605667,-0.044028335,0.018,-0.999,-0.014788666
1581251222.252859,b827ebfd7811,e78f135624ce,-78,5.964211046,9.289899415,1.876757791,-0.047757791,0.017,-0.999,0.998,0.017242209,-0.047757791,0.017,-0.999,-0.018
1581251222.7132237,b827ebfd7811,e78f135624ce,-80,5.975728393,9.459537015,1.891,-0.040203705,0.021067902,-0.999,0.999,0.016864197,-0.040203705,0.015932098,-0.999,-0.022
1581251223.166674,b827ebfd7811,e78f135624ce,-71,5.971,9.603488234,1.876176732,-0.017823268,0.016544183,-0.999,0.999,0.017544183,-0.017367451,0.017,-1.0,-0.017088366
1581251223.6186767,b827ebfd7811,e78f135624ce,-79,5.981605141,9.779132152,1.895115887,-0.025749346,0.021846355,-0.998855794,0.998855794,0.016144206,-0.025605141,0.016144206,-0.999144206,-0.022846355
1581251224.5256252,b827ebfd7811,e78f135624ce,-75,5.935236007,10.101094661,1.864992004,-0.008574671,0.016834666,-0.999,-0.043443907,-0.003834666,-0.028834666,-0.003834666,0.043443907,0.002921331
1581251224.9756296,b827ebfd7811,e78f135624ce,-76,5.890606984,10.424589524,1.888377724,-0.048475978,0.008032751,-0.985098254,-0.366526189,-0.000967249,-0.008967249,-0.003934497,0.369493438,-0.000803492
1581251225.4272816,b827ebfd7811,e78f135624ce,-78,5.827204516,10.539837096,1.887469677,-0.009818063,0.003897742,-0.994632581,-0.610705171,0.001,-0.010753872,-0.000632581,0.611705171,0.002265161
1581251225.8817537,b827ebfd7811,e78f135624ce,-81,5.865304075,10.549988568,1.823253181,0.031202286,0.007746819,-0.994506362,-0.402324357,0.006519085,-0.047468191,0.005519085,0.405071176,0.019480915
1581251226.3368719,b827ebfd7811,e78f135624ce,-84,5.884446158,10.790965305,1.810557697,0.007003855,-0.002442303,-0.997888461,-0.230388332,0.001557697,-0.019665382,0.001446158,0.231276793,0.012888461
1581251226.7964783,b827ebfd7811,e78f135624ce,-82,5.892888704,10.942,1.827399336,0.017088373,0.000155482,-0.998422259,-0.018402656,0.002155482,-0.027510632,0.002155482,0.019558137,0.002533555
1581251227.2470148,b827ebfd7811,e78f135624ce,-80,5.853901021,11.0283653,1.934267347,0.047123981,-0.00254949,-0.993633674,-0.045608672,0.004366326,-0.024747448,0.007183163,0.047059182,-0.022534694
1581251227.697671,b827ebfd7811,e78f135624ce,-85,5.838447415,11.398011366,1.901629902,-0.006077317,-0.003508244,-0.994784537,-0.005563952,0.011215463,-0.030939171,0.012215463,0.004348488,-0.004138146
1581251228.1518161,b827ebfd7811,e78f135624ce,-82,5.826690931,11.580456509,1.838381862,-0.002,-0.011161628,-0.998,0.180717454,0.013632326,-0.006058606,0.014264651,-0.180085129,0.015470697
1581251228.6046038,b827ebfd7811,e78f135624ce,-82,5.837419867,11.722211256,1.783773511,0.010613244,-0.016806622,-0.999,0.427944357,0.010903311,0.016709933,0.010903311,-0.427944357,0.023951656
1581251229.0564034,b827ebfd7811,e78f135624ce,-85,5.822963163,11.870086253,1.758607367,0.003926325,-0.008785265,-0.999,0.18642947,0.007607367,0.003926325,0.007,-0.18642947,0.025177898
1581251229.5167146,b827ebfd7811,e78f135624ce,-81,5.830562637,12.02796203,1.673489308,0.008283718,-0.02,-0.996676124,0.020054555,0.005704496,-0.001522479,0.004704496,-0.018730679,0.045874726
1581251229.970092,b827ebfd7811,e78f135624ce,-80,5.858953461,12.124976134,1.730709725,0.039221062,0.012685859,-0.987988365,-0.318079656,-0.003953461,0.00697673,-0.000930191,0.316102925,0.023732399
1581251230.87673,b827ebfd7811,e78f135624ce,-79,5.906976134,12.599702859,1.770080252,0.002360084,0.001767899,-0.997127983,0.039091004,-0.000255966,0.01938395,-0.000127983,-0.039091004,0.011895883
1581251231.3309598,b827ebfd7811,e78f135624ce,-82,5.90723394,12.94564724,1.805362422,-0.045596361,-0.004298181,-0.997,-0.311123651,-0.00453212,0.04576606,-0.00476606,0.312889711,0.00623394
1581251231.7833726,b827ebfd7811,e78f135624ce,-86,5.885199989,12.851400418,1.888600022,0.022599939,-0.011599994,-0.989200017,-0.425799626,-0.008199989,-0.004599939,-0.005599994,0.434599609,-0.009599994
1581251232.238698,b827ebfd7811,e78f135624ce,-83,5.874281774,13.087437641,1.878436452,-0.006394483,-0.002,-0.996056355,-0.377095947,-0.00788729,0.002056355,-0.00688729,0.380983237,-0.001774581
1581251232.6978834,b827ebfd7811,e78f135624ce,-85,5.867162786,13.225697647,1.869488359,-0.007395356,0.003,-0.998,-0.449441981,-0.005837214,0.008883715,-0.005558142,0.450441981,0.000837214
1581251233.5999296,b827ebfd7811,e78f135624ce,-86,5.860176037,13.351271425,1.82853548,-0.013559907,0.00361613,-0.999,-0.467775109,-0.006176037,0.008823963,-0.007088019,0.466863128,0.00161613
1581251234.0510628,b827ebfd7811,e78f135624ce,-86,5.862783498,13.434566996,1.861133991,-0.02371133,0.002360837,-0.999,-0.605927833,-0.006,0.013639163,-0.006463916,0.605927833,-0.000175247
1581251234.5093188,b827ebfd7811,e78f135624ce,-88,5.854280189,13.438485497,1.834410615,-0.014280189,0.015504834,-0.999,-0.524236782,-0.003429953,-0.001859905,-0.003429953,0.524236782,0.010719811
1581251234.9620726,b827ebfd7811,e78f135624ce,-87,5.872874208,13.45930097,1.839035036,-0.018035036,0.007482482,-0.999,-0.46760194,-0.006678345,0.017713381,-0.006678345,0.46760194,0.006321655
1581251235.8710265,b827ebfd7811,e78f135624ce,-84,5.892069094,13.510379551,1.80255182,-0.027034547,0.006643635,-0.999,-0.293688613,-0.011160909,0.019195456,-0.011241363,0.294688613,0.014402272
1581251236.3229108,b827ebfd7811,e78f135624ce,-87,5.847254407,13.426183421,1.765946642,-0.010520724,0.021745593,-0.999,-0.533846591,-0.013112434,0.013816579,-0.01240829,0.533142446,0.022449738
1581251236.7788463,b827ebfd7811,e78f135624ce,-81,5.825825936,13.425426629,1.78501706,-0.013505131,0.013269625,-0.997634813,-0.363368789,-0.008443689,0.050556311,-0.007808876,0.363638415,0.011174064
1581251237.234384,b827ebfd7811,e78f135624ce,-84,5.799505142,13.388892422,1.823064547,0.04680636,0.010935453,-0.996978484,0.566848444,0.005956969,0.068172124,0.006956969,-0.568826929,-0.002
1581251238.1454668,b827ebfd7811,e78f135624ce,-80,5.585238239,13.357342868,1.856533308,0.03480956,0.010219044,-0.996,0.310019572,0.004780956,0.086685736,0.005780956,-0.311800528,-0.010219044
1581251238.595725,b827ebfd7811,e78f135624ce,-89,5.436877264,13.362,1.868,0.019183192,0.010183192,-0.997816808,0.17535127,0.003183192,0.064915961,0.004183192,-0.175534463,-0.011
1581251239.0472014,b827ebfd7811,e78f135624ce,-85,5.273072423,13.364708527,1.863291473,0.016053157,0.006880842,-0.99852979,0.199141987,0.003410631,0.051880842,0.003880842,-0.199612197,-0.006410631
1581251239.5067601,b827ebfd7811,e78f135624ce,-78,5.077844711,13.348818656,1.858637311,-0.008544033,0.004818656,-0.999,-0.508206877,-0.007362689,0.037093278,-0.006362689,0.508206877,-0.001818656
1581251239.9676178,b827ebfd7811,e78f135624ce,-80,4.872002109,13.341250075,1.852250075,-0.005375113,0.003,-1.0,-0.846247966,-0.011874962,0.014750226,-0.011874962,0.846247966,0.001749925
1581251240.4182472,b827ebfd7811,e78f135624ce,-78,4.665562358,13.337,1.848609373,0.002,0.003,-1.0,-0.94885941,-0.013,0.001,-0.013,0.94885941,0.002390627
1581251241.3266084,b827ebfd7811,e78f135624ce,-86,4.23728275,13.33168867,1.844,0.00131133,0.003344335,-1.0,-0.994655665,-0.013,-0.00131133,-0.013,0.994655665,0.003344335
1581251241.7822156,b827ebfd7811,e78f135624ce,-81,4.037662524,13.325685818,1.845,0.008628364,0.002,-1.0,-0.998314182,-0.011314182,-0.008314182,-0.011314182,0.998314182,0.002
1581251242.2428803,b827ebfd7811,e78f135624ce,-76,3.866443025,13.345011604,1.840930378,0.001,0.006034811,-1.0,-0.397891393,-0.007069622,-0.003,-0.007069622,0.397891393,0.002046415
1581251242.7033231,b827ebfd7811,e78f135624ce,-83,3.695536585,13.352317073,1.820536585,-0.001317073,0.014365854,-1.0,-0.544121951,-0.014731707,-0.002,-0.014731707,0.544121951,0.01104878
1581251243.611416,b827ebfd7811,e78f135624ce,-87,3.351522848,13.345,1.797770249,0.000923416,0.016229751,-1.0,-0.481734948,-0.015229751,0.004770249,-0.015229751,0.481734948,0.015306335
1581251244.06673,b827ebfd7811,e78f135624ce,-89,3.188073864,13.352159355,1.803739033,-0.003,0.015,-1.0,-0.320392574,-0.011420322,0.015159355,-0.010420322,0.320392574,0.009840645
1581251244.525457,b827ebfd7811,e78f135624ce,-86,3.011530651,13.341018345,1.793378077,-0.002689038,0.020048769,-0.999,-0.528920352,-0.015786577,0.017378077,-0.015048769,0.528658159,0.015310962
1581251244.9772584,b827ebfd7811,e78f135624ce,-85,2.825351048,13.331940896,1.792470448,-0.008470448,0.016764776,-0.999882388,-0.849648952,-0.020882388,0.01258806,-0.020764776,0.849648952,0.015764776
1581251245.4349205,b827ebfd7811,e78f135624ce,-82,2.641343975,13.323352141,1.796707003,-0.008940856,0.015411284,-1.0,-0.951943578,-0.017411284,0.009940856,-0.016940856,0.951943578,0.014411284
1581251246.336344,b827ebfd7811,e78f135624ce,-86,2.276663951,13.299652771,1.823,-0.011191663,0.004,-1.0,-0.994730554,-0.011461108,0.011922217,-0.011461108,0.994730554,0.004
1581251246.7928395,b827ebfd7811,e78f135624ce,-86,2.103392479,13.315187714,1.817040953,-0.021395905,0.004583619,-0.999604095,-0.998,-0.015791809,0.021395905,-0.015791809,0.998,0.005583619
1581251247.2476385,b827ebfd7811,e78f135624ce,-79,1.933493364,13.319462864,1.802507625,-0.018820955,0.007134284,-0.999,-0.999,-0.019044761,0.018820955,-0.019044761,0.999,0.008134284
1581251247.6995049,b827ebfd7811,e78f135624ce,-91,1.750985604,13.303574513,1.793806096,-0.009,0.008477562,-0.999,-0.999,-0.02061939,0.00861939,-0.02061939,0.999,0.008477562
1581251248.1532676,b827ebfd7811,e78f135624ce,-95,1.590857857,13.320625609,1.794,-0.011606639,0.007,-1.0,-0.999,-0.019,0.011606639,-0.019,1.0,0.007
1581251248.6057231,b827ebfd7811,e78f135624ce,-83,1.40516029,13.314099235,1.78448091,-0.020816794,0.013717559,-0.999,-0.999,-0.020450383,0.02,-0.020450383,0.999183206,0.013717559
1581251249.0601795,b827ebfd7811,e78f135624ce,-94,1.2293407,13.343321133,1.766457413,-0.033948895,0.01803407,-0.998508517,-0.999,-0.020508517,0.033440378,-0.02,0.999,0.018525552
1581251249.5175984,b827ebfd7811,e78f135624ce,-84,1.055008057,13.369374664,1.775561996,-0.025876007,0.013438004,-0.999,-0.999,-0.022187332,0.025063339,-0.022187332,0.999,0.013438004
1581251249.9696138,b827ebfd7811,e78f135624ce,-88,0.858109837,13.084285764,1.834758217,0.065549421,-0.004384606,-0.982813195,-0.983010995,-0.026197801,-0.065549421,-0.021,0.999,-0.006384606
1581251250.4270158,b827ebfd7811,e78f135624ce,-83,0.700405018,13.194693155,1.762380365,0.013435615,0.010239269,-0.993380365,-0.993760731,-0.024239269,-0.013435615,-0.023239269,0.999,0.010239269
1581251250.8791819,b827ebfd7811,e78f135624ce,-75,0.553741268,13.272848377,1.794303246,-0.007,0.000915765,-0.995966306,-0.996983153,-0.025966306,0.007,-0.025983153,0.997983153,0.000915765
1581251251.3322294,b827ebfd7811,e78f135624ce,-80,0.424230688,13.314890098,1.78631882,-0.016134059,0.005024157,-0.995756039,-0.99737802,-0.026,0.016134059,-0.02762198,0.99737802,0.005402177
1581251251.782882,b827ebfd7811,e78f135624ce,-87,0.319545688,13.275392108,1.761637065,-0.004635779,0.009727156,-0.995242385,-0.996,-0.026242385,0.004635779,-0.027242385,0.998,0.009727156
