1581251155.3946576,000000000301,e78f135624ce,-80,17.96,4.45,1.64,0.014,-0.01,-0.997,1.002,0.002,0.014,0.001,-0.997,0.015
1581251155.8486922,000000000301,e78f135624ce,-86,17.955877997,4.400901974,1.67785402,0.014,-0.001877997,-0.999,1.001,0.008122003,0.014,0.008122003,-0.999,0.003877997
1581251156.7536612,000000000301,e78f135624ce,-75,17.947639482,4.28319741,1.772442072,0.017573679,0.004786839,-1.0,1.0,0.011,0.017573679,0.011,-1.0,-0.004
1581251157.2076764,000000000301,e78f135624ce,-76,17.937391302,4.249989128,1.800206523,0.017,0.003597826,-1.0,1.0,0.009,0.017,0.009,-1.0,-0.003597826
1581251157.6667402,000000000301,e78f135624ce,-79,17.923109773,4.233451135,1.809658638,0.016109773,0.001109773,-1.0,1.0,0.008890227,0.016109773,0.008890227,-1.0,-0.001109773
1581251158.5736895,000000000301,e78f135624ce,-93,17.92858759,4.188943436,1.83341241,0.02258759,0.005706205,-1.0,1.0,0.013293795,0.02258759,0.013293795,-1.0,-0.00541241
1581251159.0246696,000000000301,e78f135624ce,-84,17.924357909,4.178,1.835119303,0.031522789,0.005119303,-0.999119303,0.999,0.014,0.031522789,0.014,-1.0,-0.005119303
1581251159.4817145,000000000301,e78f135624ce,-82,17.894818003,4.182164873,1.838295499,0.041982876,0.005,-0.999,0.999,0.011426125,0.041982876,0.011426125,-1.0,-0.004573875
1581251159.9336739,000000000301,e78f135624ce,-77,17.825154718,4.187461455,1.839,0.024615634,0.003769272,-1.0,0.999230728,0.012,0.024615634,0.012769272,-1.0,-0.003
1581251160.8406293,000000000301,e78f135624ce,-86,17.622685669,4.193947611,1.850589522,-0.004231433,0.004589522,-1.0,1.0,0.012,-0.004231433,0.012,-1.0,-0.004589522
1581251161.2968988,000000000301,e78f135624ce,-81,17.496295908,4.185,1.845046057,-0.016092113,0.003,-1.0,1.0,0.013953943,-0.016092113,0.013953943,-1.0,-0.003
1581251161.7482142,000000000301,e78f135624ce,-83,17.357279316,4.171327932,1.842995949,-0.013663966,0.001331983,-1.0,1.0,0.014,-0.013663966,0.014,-1.0,-0.001663966
1581251162.1987417,000000000301,e78f135624ce,-81,17.205351795,4.159137622,1.842712541,-0.000275245,0.003287459,-1.0,1.0,0.014574918,-0.000275245,0.014574918,-1.0,-0.003287459
1581251163.112735,000000000301,e78f135624ce,-77,16.87423886,4.150215924,1.835215924,0.026594692,0.007405308,-1.0,0.999,0.015,0.027189384,0.015,-1.0,-0.007
1581251163.5726128,000000000301,e78f135624ce,-72,16.708503707,4.151,1.839479321,0.021479321,0.008739661,-1.0,1.0,0.012520679,0.022218982,0.013260339,-1.0,-0.008739661
1581251164.0226288,000000000301,e78f135624ce,-80,16.54463223,4.149711642,1.838,0.016144179,0.006144179,-1.0,1.0,0.014855821,0.016144179,0.014855821,-1.0,-0.006144179
1581251164.473604,000000000301,e78f135624ce,-73,16.384894289,4.147,1.838436122,0.021478707,0.004478707,-1.0,1.0,0.015521293,0.021478707,0.016,-1.0,-0.004478707
1581251164.9236155,000000000301,e78f135624ce,-76,16.224950227,4.142,1.838,0.022717458,0.003,-1.0,1.0,0.016,0.022717458,0.016,-1.0,-0.002905819
1581251165.383604,000000000301,e78f135624ce,-69,16.080024575,4.155843003,1.838768601,-0.003148805,0.002,-1.0,1.0,0.017768601,-0.003148805,0.017768601,-1.0,-0.001768601
1581251165.836619,000000000301,e78f135624ce,-81,15.91701596,4.158983541,1.827360599,-0.013737656,0.007885287,-1.0,0.310439402,0.014245885,-0.013868828,0.014245885,-0.311062345,0.007262344
1581251166.2895672,000000000301,e78f135624ce,-74,15.723749697,4.13804165,1.811055533,-0.014930584,0.017986117,-1.0,-0.583875857,0.011,0.005888934,0.011,0.583861974,0.017972233
1581251167.1955943,000000000301,e78f135624ce,-67,15.393755517,4.120755555,1.816977781,0.015733336,0.007,-1.0,0.655444528,0.016755555,0.022244445,0.016755555,-0.655444528,0.001511109
1581251167.650964,000000000301,e78f135624ce,-70,15.228973939,4.101662323,1.806473088,0.00037847,0.016716147,-1.0,-0.221696311,0.011094618,0.019283853,0.011189235,0.221696311,0.013526912
1581251168.1086113,000000000301,e78f135624ce,-74,15.060583903,4.094959285,1.788438927,-0.018561073,0.024520358,-0.999,-0.748108259,0.007479642,0.025,0.007959285,0.748108259,0.023520358
1581251168.571669,000000000301,e78f135624ce,-73,14.893327616,4.087184519,1.784261925,-0.011107113,0.021369038,-0.999,-0.61329707,0.008,0.029184519,0.009,0.61329707,0.020369038
1581251170.375561,000000000301,e78f135624ce,-84,14.206469667,4.135854725,1.747145275,-0.052,0.026,-0.998,-0.949891869,0.006381758,0.054381758,0.008,0.950891869,0.025618242
1581251170.8345673,000000000301,e78f135624ce,-76,14.024998512,4.138170118,1.73689349,-0.049170118,0.028553255,-0.998,-0.98310651,0.005276627,0.050170118,0.006276627,0.98410651,0.028276627
1581251171.2855709,000000000301,e78f135624ce,-72,13.838077376,4.151270715,1.73351381,-0.051,0.026364643,-0.998,-0.993756905,0.003243095,0.051,0.004364643,0.994756905,0.026364643
1581251171.746565,000000000301,e78f135624ce,-85,13.654501168,4.157048859,1.745627268,-0.044843183,0.019686366,-0.999,-0.997578408,0.002,0.044843183,0.002421592,0.998,0.019264775
1581251172.2025552,000000000301,e78f135624ce,-74,13.482803873,4.126922195,1.743719613,-0.025401937,0.021040516,-0.999,-0.895375777,0.004719613,0.029520258,0.005719613,0.895375777,0.021520258
1581251172.6545336,000000000301,e78f135624ce,-81,13.335191818,4.103280639,1.752193612,-0.006280639,0.021,-0.999,-0.317538131,0.01,0.022420958,0.010859681,0.317538131,0.016262875
1581251173.105539,000000000301,e78f135624ce,-81,13.221555444,4.536944305,1.802263798,-0.130555444,0.022486076,-0.964513924,0.167035185,0.018451392,-0.119909621,0.011354177,-0.200521261,-3.4684e-05
1581251173.5652251,000000000301,e78f135624ce,-81,13.056227881,4.375343323,1.81246177,-0.043922037,0.013,-0.988346327,0.375343323,0.016769115,-0.031152922,0.013884558,-0.385996996,-0.001
1581251174.023528,000000000301,e78f135624ce,-75,12.89985389,4.253642552,1.836215607,-0.001,0.016785816,-0.995785816,0.549015655,0.017785816,0.001214184,0.016785816,-0.552229839,-0.00692908
1581251175.3835263,000000000301,e78f135624ce,-76,12.391561357,4.146423098,1.766369239,-0.004738478,-5.3859e-05,-0.99968462,0.609000548,0.01368462,-0.007369239,0.01368462,-0.609000548,0.012630761
1581251175.8385487,000000000301,e78f135624ce,-76,12.250607785,4.152,1.772929416,-0.012309805,-0.004,-1.0,0.875152993,0.016,-0.013309805,0.016,-0.875462799,0.008380389
1581251176.2915218,000000000301,e78f135624ce,-92,12.108030848,4.166318059,1.787545373,-0.016924229,-0.002075771,-1.0,0.959939203,0.012151542,-0.016924229,0.012151542,-0.959939203,0.003151542
1581251176.7435129,000000000301,e78f135624ce,-84,11.996346475,4.171560562,1.802670421,-0.006225351,0.000780281,-1.0,0.987219719,0.01255493,-0.006225351,0.01255493,-0.987219719,-0.000335211
1581251177.2025228,000000000301,e78f135624ce,-74,11.918327381,4.165445011,1.802112528,0.004445011,-0.001554989,-1.0,0.996222506,0.014777494,0.004445011,0.014,-0.996222506,0.001554989
1581251177.658512,000000000301,e78f135624ce,-78,11.854104336,4.156233815,1.803233815,0.012883092,-0.001883092,-1.0,0.998883092,0.014,0.012883092,0.014,-0.998883092,0.001883092
1581251178.1155198,000000000301,e78f135624ce,-70,11.820077475,4.151953515,1.802445767,0.012523243,-0.001523243,-1.0,0.999,0.014984505,0.012523243,0.014984505,-0.999,0.00203099
1581251178.5724878,000000000301,e78f135624ce,-78,11.808494736,4.147696842,1.797898947,0.013,-0.004,-1.0,1.0,0.013101053,0.013,0.013,-1.0,0.004
1581251179.0235183,000000000301,e78f135624ce,-80,11.783163068,4.173025782,1.80218885,0.00481115,-0.001540767,-1.0,1.0,0.012,0.00481115,0.012,-1.0,0.002270383
1581251179.4834862,000000000301,e78f135624ce,-76,11.780668982,4.211668982,1.824443673,-0.005668982,0.006556327,-1.0,1.0,0.014556327,-0.005668982,0.014556327,-1.0,-0.006556327
1581251179.932463,000000000301,e78f135624ce,-77,11.778,4.202475328,1.829475328,-0.000158443,0.006158443,-1.0,1.0,0.015079221,-0.000158443,0.015079221,-1.0,-0.006237664
1581251180.3904912,000000000301,e78f135624ce,-70,11.775681345,4.202044036,1.825384709,0.000977982,0.004022018,-1.0,1.0,0.017,0.001318655,0.017,-1.0,-0.004022018
1581251180.8487582,000000000301,e78f135624ce,-70,11.768376896,4.197065345,1.832130689,0.003623104,0.007753793,-1.0,1.0,0.018688448,0.003623104,0.018688448,-1.0,-0.007753793
1581251180.8514407,000000000301,e78f135624ce,-81,11.768332189,4.196998283,1.831996567,0.003667811,0.007664378,-1.0,1.0,0.018666094,0.003667811,0.018666094,-1.0,-0.007664378
1581251181.3054783,000000000301,e78f135624ce,-80,11.767136009,4.204818655,1.833909328,4.5336e-05,0.007,-1.0,1.0,0.016,4.5336e-05,0.016,-1.0,-0.007
1581251181.7587836,000000000301,e78f135624ce,-80,11.759022631,4.203809053,1.826022631,0.002190947,0.003404526,-1.0,1.0,0.015190947,0.002190947,0.015190947,-1.0,-0.003404526
1581251182.2095454,000000000301,e78f135624ce,-79,11.762566563,4.205832814,1.826216719,0.001083593,0.003,-1.0,1.0,0.014,0.001866875,0.014,-1.0,-0.003
1581251182.212442,000000000301,e78f135624ce,-75,11.762522001,4.205610003,1.826239,0.001194999,0.003,-1.0,1.0,0.014,0.001955999,0.014,-1.0,-0.003
1581251182.6654394,000000000301,e78f135624ce,-75,11.756132771,4.1929294,1.816531086,0.006468914,0.0,-1.0,1.0,0.014734457,0.006468914,0.014734457,-1.0,0.0
1581251183.120451,000000000301,e78f135624ce,-74,11.754492325,4.188461625,1.813938599,0.00501535,-3.07e-05,-1.0,1.0,0.013492325,0.00501535,0.013492325,-1.0,3.07e-05
1581251183.5764716,000000000301,e78f135624ce,-77,11.75,4.204139101,1.815748341,-0.002754977,0.001,-1.0,1.0,0.015,-0.002754977,0.015,-1.0,-0.001
1581251184.031699,000000000301,e78f135624ce,-82,11.737456509,4.262347929,1.830771746,-0.002913018,0.008,-1.0,1.0,0.018771746,-0.002684763,0.018771746,-1.0,-0.008
1581251184.4884787,000000000301,e78f135624ce,-82,11.746757129,4.387692723,1.817196411,-0.002439282,0.002878564,-1.0,1.0,0.022,-0.002439282,0.022,-1.0,-0.002878564
1581251185.8504484,000000000301,e78f135624ce,-81,11.704,4.722699819,1.806628182,0.003023091,0.013,-0.999,0.08097218,0.009674364,0.031628182,0.010674364,-0.08097218,0.005674364
1581251186.3068488,000000000301,e78f135624ce,-78,11.711,4.881747401,1.810069589,-0.003173972,0.008069589,-0.999,0.051121102,0.009965206,0.037930411,0.009965206,-0.051121102,0.008965206
1581251187.223438,000000000301,e78f135624ce,-72,11.707300472,5.242713685,1.885990562,-0.026197169,0.017093865,-0.991600944,0.292887259,0.013399056,-0.01019245,0.008699528,-0.297286315,-0.023295753
1581251187.675461,000000000301,e78f135624ce,-74,11.707322412,5.323913499,1.848107471,0.018226736,0.005,-0.995053735,0.372909566,0.010946265,0.035602883,0.009892529,-0.37585583,-0.001946265
1581251188.1314242,000000000301,e78f135624ce,-70,11.698545929,5.523020885,1.722908142,0.008545929,-0.030724425,-0.995545929,0.324829821,0.009362212,0.023729646,0.008362212,-0.32437575,0.044908142
1581251189.0413918,000000000301,e78f135624ce,-69,11.700428288,5.8922928,1.753854592,0.006143424,-0.007072704,-0.997214144,0.005652352,0.002571712,0.036571712,0.001785856,-0.004866496,0.024500992
1581251189.4964178,000000000301,e78f135624ce,-74,11.701070775,6.105775182,1.808464613,0.002070775,0.007141549,-0.997464613,0.043913393,0.005858451,0.029353873,0.005858451,-0.042913393,7.0775e-05
1581251189.953411,000000000301,e78f135624ce,-79,11.696842577,6.311075044,1.814694126,0.000574226,-0.00525938,-0.998,0.106670485,0.006472268,0.046527732,0.006314845,-0.106670485,0.007101958
1581251190.410439,000000000301,e78f135624ce,-75,11.698515549,6.492564631,1.800742226,0.00331997,-0.000773323,-0.998,0.106808542,0.005515549,0.054515549,0.005515549,-0.107550767,0.012
1581251190.8674443,000000000301,e78f135624ce,-72,11.696383936,6.695348594,1.818919679,-0.003919679,0.009151807,-0.998,0.046588755,0.004616064,0.048151807,0.005,-0.04620482,0.005616064
1581251191.7774003,000000000301,e78f135624ce,-73,11.697955803,7.135470234,1.847352977,-0.019162057,0.008338244,-0.996,-0.055032473,0.004647023,0.082338244,0.004985268,0.056370717,0.000338244
1581251192.234385,000000000301,e78f135624ce,-74,11.732646957,7.284881744,1.848022173,0.03533087,0.009007391,-0.99733087,0.666756098,0.012,0.067022173,0.013,-0.667425228,-0.005338261
1581251192.6873991,000000000301,e78f135624ce,-75,11.750867574,7.463112933,1.834132426,0.028198639,0.004066213,-0.998966894,0.894708849,0.013966894,0.038297958,0.014,-0.894741955,-0.003033106
1581251193.1443782,000000000301,e78f135624ce,-78,11.764825156,7.6498528,1.826174844,0.020174844,0.002391615,-0.999608385,0.965692237,0.013391615,0.023566459,0.013391615,-0.966083852,-0.002
1581251193.5973837,000000000301,e78f135624ce,-73,11.766566471,7.84127175,1.823566471,0.009349707,0.002,-1.0,0.988650293,0.014783236,0.010349707,0.014783236,-0.988867058,-0.002
1581251194.0553799,000000000301,e78f135624ce,-76,11.761123017,8.020218222,1.82463095,-0.000753967,0.003753967,-1.0,0.996753967,0.013123017,-0.00063095,0.013123017,-0.996753967,-0.003753967
1581251194.5063627,000000000301,e78f135624ce,-72,11.765999857,8.184496781,1.824500072,-0.006,0.003,-1.0,0.999,0.012500072,-0.005499928,0.012500072,-0.999,-0.003
1581251194.9573789,000000000301,e78f135624ce,-71,11.76575374,8.339324517,1.81924626,-0.00687687,0.003,-1.0,1.0,0.01112313,-0.00687687,0.01112313,-1.0,-0.003
1581251195.4109218,000000000301,e78f135624ce,-68,11.764,8.433671226,1.818522507,-0.008,0.002507502,-1.0,1.0,0.011253751,-0.008,0.011253751,-1.0,-0.002507502
1581251195.8687167,000000000301,e78f135624ce,-68,11.770789079,8.48870717,1.818816382,-0.006789079,0.002605461,-1.0,1.0,0.013605461,-0.006789079,0.013,-1.0,-0.002605461
1581251196.325517,000000000301,e78f135624ce,-78,11.768965459,8.528138164,1.819,-0.001827295,0.003034541,-1.0,1.0,0.011965459,-0.001827295,0.011965459,-1.0,-0.003034541
1581251196.776364,000000000301,e78f135624ce,-80,11.767346215,8.531653785,1.819346215,0.012307571,0.004,-1.0,1.0,0.010346215,0.012307571,0.010346215,-1.0,-0.004
1581251197.2323391,000000000301,e78f135624ce,-71,11.767,8.537707377,1.815,0.015585246,0.003,-1.0,1.0,0.008292623,0.015585246,0.009,-1.0,-0.003
1581251197.6833634,000000000301,e78f135624ce,-74,11.759781587,8.557708782,1.820364022,0.010927196,0.003145609,-1.0,1.0,0.013,0.010927196,0.013,-1.0,-0.003145609
1581251198.1379023,000000000301,e78f135624ce,-72,11.764,8.552458265,1.819,0.015513912,0.003,-1.0,1.0,0.011,0.015513912,0.011,-1.0,-0.003
1581251198.5913618,000000000301,e78f135624ce,-67,11.764090816,8.549454079,1.818636736,0.016818368,0.003818368,-1.0,1.0,0.01,0.016818368,0.01,-1.0,-0.002909184
1581251199.5003738,000000000301,e78f135624ce,-80,11.765,8.553735674,1.814264326,0.017421442,0.002421442,-1.0,1.0,0.009421442,0.017421442,0.009421442,-1.0,-0.002421442
1581251199.9523206,000000000301,e78f135624ce,-75,11.763608977,8.560547432,1.811687181,0.031765386,-7.8205e-05,-0.999,0.999,0.014765386,0.031765386,0.013843591,-1.0,0.001
1581251200.406355,000000000301,e78f135624ce,-72,11.735876847,8.574375142,1.809,0.019,-0.001,-1.0,1.0,0.012,0.019,0.012,-1.0,0.001
1581251200.8573449,000000000301,e78f135624ce,-67,11.672156105,8.572298643,1.811,0.023567119,-0.001432881,-1.0,1.0,0.012,0.023567119,0.012,-1.0,0.002216441
1581251201.3153217,000000000301,e78f135624ce,-70,11.572333529,8.576123464,1.808493856,0.028506144,-0.006629608,-0.999123464,0.999123464,0.012123464,0.028506144,0.012,-1.0,0.006753072
1581251201.7653282,000000000301,e78f135624ce,-78,11.450305109,8.557048175,1.817983942,0.046475912,-0.005,-0.999,0.999,0.013508029,0.046475912,0.013508029,-1.0,0.005508029
1581251202.2233293,000000000301,e78f135624ce,-76,11.313906078,8.556648777,1.819168903,0.050675612,-0.006,-0.998831097,0.998831097,0.012168903,0.050675612,0.011337806,-1.0,0.006168903
1581251202.6763172,000000000301,e78f135624ce,-72,11.16218673,8.542626368,1.822,0.056,-0.003,-0.998,0.998,0.011208789,0.056,0.011,-1.0,0.003208789
1581251203.1313057,000000000301,e78f135624ce,-71,10.999858741,8.541832229,1.819,0.052583886,-0.004416114,-0.999,0.998416114,0.010416114,0.052583886,0.010416114,-1.0,0.004416114
1581251203.592315,000000000301,e78f135624ce,-69,10.821710909,8.545996897,1.821,0.049182382,-0.006,-0.999,0.999,0.010091191,0.049182382,0.01,-1.0,0.006091191
1581251204.0433068,000000000301,e78f135624ce,-69,10.648690109,8.585414382,1.819,-0.010684943,0.002,-0.996707191,0.309653945,0.002121573,0.072220898,0.002414382,-0.307361136,0.007878427
1581251204.5022793,000000000301,e78f135624ce,-72,10.43050431,8.588174785,1.816433621,0.018174785,0.002608405,-0.998391595,0.712677156,0.007391595,0.048042026,0.007391595,-0.712068751,0.001
1581251204.956295,000000000301,e78f135624ce,-67,10.19857632,8.58611361,1.82222722,-0.00034083,0.00603787,-0.999,-0.035959812,0.004,0.03496213,0.00496213,0.035959812,0.00503787
1581251205.4112577,000000000301,e78f135624ce,-73,9.961728526,8.576002855,1.83433143,-0.011,0.01033143,-1.0,-0.688902928,0.002,0.02233714,0.002,0.689568643,0.01033143
1581251205.8723013,000000000301,e78f135624ce,-68,9.701240712,8.569317844,1.817,0.00129461,0.010364312,-0.999,-0.35448697,-0.004658922,-0.02058922,-0.004658922,0.35448697,0.010364312
1581251206.3242886,000000000301,e78f135624ce,-71,9.500996827,8.56,1.826782049,-0.009782049,0.014,-0.999,-0.793913417,-0.002054488,0.003673073,-0.002,0.793967905,0.014054488
1581251206.7802918,000000000301,e78f135624ce,-70,9.302217922,8.555785849,1.833607076,-0.017607076,0.011392924,-1.0,-0.934355662,-0.003392924,0.015214151,-0.003392924,0.934355662,0.011392924
1581251207.232288,000000000301,e78f135624ce,-72,9.108516932,8.553779172,1.835558344,-0.021220828,0.009220828,-1.0,-0.978324969,-0.003558344,0.020220828,-0.002779172,0.979324969,0.009220828
1581251208.1422925,000000000301,e78f135624ce,-77,8.724539732,8.559925828,1.834,-0.027462914,0.007462914,-1.0,-0.997462914,-0.004462914,0.027462914,-0.004462914,0.997462914,0.007462914
1581251208.5922706,000000000301,e78f135624ce,-70,8.523518023,8.554926478,1.836016338,-0.024975493,0.010991831,-1.0,-0.999,-0.003,0.024967324,-0.002008169,0.999,0.010991831
1581251209.0532837,000000000301,e78f135624ce,-71,8.305323554,8.552455882,1.834544118,-0.023,0.012455882,-1.0,-0.999,-0.001544118,0.023,-0.001544118,1.0,0.012455882
1581251209.5132658,000000000301,e78f135624ce,-78,8.081147748,8.559557901,1.832442099,-0.018115802,0.010557901,-1.0,-1.0,-0.003442099,0.018115802,-0.003442099,1.0,0.011115802
1581251210.420376,000000000301,e78f135624ce,-78,7.642131408,8.556341632,1.834391426,-0.017,0.006316735,-1.0,-1.0,-0.006658368,0.017,-0.006658368,1.0,0.006975103
1581251210.873262,000000000301,e78f135624ce,-76,7.425383775,8.539937002,1.84,-0.009202751,0.004,-1.0,-1.0,-0.00826575,0.009202751,-0.00826575,1.0,0.004
1581251211.3353999,000000000301,e78f135624ce,-70,7.214664494,8.540770302,1.83995406,-4.594e-05,0.005,-1.0,-1.0,-0.009091879,4.594e-05,-0.009091879,1.0,0.005
1581251211.7912197,000000000301,e78f135624ce,-78,7.022060903,8.534385787,1.822771573,0.007614213,0.008614213,-1.0,-1.0,-0.009771573,-0.007614213,-0.009771573,1.0,0.008614213
1581251212.2442362,000000000301,e78f135624ce,-78,6.842612686,8.547516814,1.820275221,0.006747198,0.005,-1.0,-0.926308849,-0.008241593,-0.006747198,-0.008494395,0.926308849,0.007494395
1581251212.6972423,000000000301,e78f135624ce,-79,6.726354942,8.595409564,1.82982423,-0.004411264,0.007117747,-1.0,-0.183733694,-0.000235494,-0.011117747,-0.000235494,0.183733694,0.002882253
1581251213.156393,000000000301,e78f135624ce,-71,6.57415893,8.576916315,1.805246835,0.007083685,0.011709213,-0.999,-0.39203376,-0.005709213,-0.018916315,-0.006251055,0.39203376,0.011709213
1581251213.6062236,000000000301,e78f135624ce,-72,6.491782157,8.624742579,1.822247526,-0.008876237,0.011876237,-0.999,0.305410867,0.004,-0.014009894,0.004,-0.305410867,0.001
1581251214.0662348,000000000301,e78f135624ce,-77,6.398414158,8.636386726,1.821773451,-0.001160177,0.005580088,-1.0,0.699890269,0.011806637,-0.000160177,0.011806637,-0.699890269,-0.001
1581251214.524212,000000000301,e78f135624ce,-77,6.266981862,8.63958308,1.854250761,0.004483384,0.013933536,-1.0,0.905018138,0.015483384,0.005,0.015483384,-0.905018138,-0.01241692
1581251214.9803143,000000000301,e78f135624ce,-77,6.154774401,8.639437131,1.866437131,0.013437131,0.01414571,-1.0,0.970165682,0.018,0.014291421,0.018,-0.970165682,-0.01314571
1581251215.434209,000000000301,e78f135624ce,-67,6.073432563,8.646962789,1.863189146,0.016452714,0.01232093,-1.0,0.99032093,0.017773643,0.016452714,0.018,-0.99032093,-0.012094573
1581251215.8862236,000000000301,e78f135624ce,-67,6.003524736,8.680858922,1.865626237,0.007504947,0.013,-1.0,0.996373763,0.018626237,0.008504947,0.018626237,-0.996373763,-0.013
1581251216.3435297,000000000301,e78f135624ce,-84,5.970820192,8.702197788,1.863035962,0.005964038,0.012,-1.0,0.999,0.020017981,0.006946058,0.020017981,-0.999,-0.012
1581251216.8032184,000000000301,e78f135624ce,-78,5.955347915,8.718358596,1.863706511,0.004880468,0.012,-1.0,0.999,0.020706511,0.004880468,0.021,-0.999,-0.012
1581251217.7102258,000000000301,e78f135624ce,-67,5.911,8.743010419,1.852937487,-0.002989581,0.007,-1.0,0.893125241,0.019,0.001958324,0.019,-0.893125241,-0.007989581
1581251218.168233,000000000301,e78f135624ce,-67,5.925921729,8.715470444,1.849568692,0.007960865,0.009392173,-1.0,0.964293925,0.018392173,0.009960865,0.018392173,-0.964686098,-0.009392173
1581251218.6216655,000000000301,e78f135624ce,-81,5.910155137,8.724660377,1.856446541,0.003446541,0.012815514,-1.0,0.988553459,0.017815514,0.004262055,0.017815514,-0.988553459,-0.012815514
1581251219.0781581,000000000301,e78f135624ce,-80,5.886994879,8.74750256,1.845668374,-0.005,0.009834187,-1.0,0.912859791,0.015,0.000331626,0.015,-0.912859791,-0.008834187
1581251219.5291655,000000000301,e78f135624ce,-83,5.911126082,8.712779356,1.85151576,0.004641843,0.011031521,-1.0,0.971873918,0.017968479,0.006157603,0.017968479,-0.971873918,-0.01051576
1581251219.5321708,000000000301,e78f135624ce,-69,5.910954353,8.713079882,1.851494294,0.004448647,0.010988588,-1.0,0.972045647,0.018011412,0.005942941,0.018011412,-0.972045647,-0.010494294
1581251219.9821715,000000000301,e78f135624ce,-71,5.917405725,8.743565649,1.85418855,-0.012445706,0.010445706,-1.0,0.935674237,0.018148569,-0.011445706,0.018148569,-0.935674237,-0.009594275
1581251220.8891637,000000000301,e78f135624ce,-70,5.917165618,8.927597255,1.861629863,-0.030944794,0.011314931,-0.999,0.992629863,0.020629863,-0.030944794,0.020314931,-0.992629863,-0.012
1581251221.3471763,000000000301,e78f135624ce,-78,5.906709529,9.024386784,1.863064549,-0.033935451,0.012032275,-0.999,0.996967725,0.018096824,-0.032967725,0.018096824,-0.997967725,-0.012032275
1581251221.8031747,000000000301,e78f135624ce,-70,5.940438781,9.147574849,1.870224487,-0.04414626,0.014112244,-0.999,0.998,0.018629252,-0.04414626,0.018,-0.999,-0.014741496
1581251222.2561615,000000000301,e78f135624ce,-72,5.964338059,9.29104253,1.876732388,-0.047732388,0.017,-0.999,0.998,0.017267612,-0.047732388,0.017,-0.999,-0.018
1581251222.716175,000000000301,e78f135624ce,-68,5.975826773,9.460791354,1.891,-0.04012992,0.021043307,-0.999,0.999,0.016913386,-0.04012992,0.015956693,-0.999,-0.022
1581251223.1691308,000000000301,e78f135624ce,-76,5.971,9.604409574,1.876258629,-0.017741371,0.016564657,-0.999,0.999,0.017564657,-0.017306028,0.017,-1.0,-0.017129314
1581251224.0741484,000000000301,e78f135624ce,-79,6.01085882,9.994712922,1.890628236,-0.04290588,0.017209412,-0.998,0.912927051,0.011209412,-0.047324704,0.010418824,-0.914717639,-0.019209412
1581251224.977178,000000000301,e78f135624ce,-73,5.890464043,10.424803936,1.888151401,-0.04828539,0.008044663,-0.985133989,-0.365990161,-0.000955337,-0.008955337,-0.003910674,0.368945498,-0.000732021
1581251225.4292424,000000000301,e78f135624ce,-76,5.827106478,10.539755398,1.887404319,-0.009425911,0.003946761,-0.99464892,-0.612763965,0.001,-0.011031646,-0.00064892,0.613763965,0.002297841
1581251225.8841326,000000000301,e78f135624ce,-78,5.865641092,10.551475407,1.823273005,0.030904919,0.007726995,-0.994546011,-0.39655542,0.006638033,-0.047269946,0.005638033,0.399282415,0.019361967
1581251226.3391008,000000000301,e78f135624ce,-83,5.884377574,10.792354126,1.810471968,0.006849542,-0.002528032,-0.997905606,-0.232634451,0.001471968,-0.019716819,0.001377574,0.233540058,0.012905606
1581251226.7981122,000000000301,e78f135624ce,-80,5.892951546,10.942,1.827625566,0.017264329,0.000180618,-0.998409691,-0.017497737,0.002180618,-0.02767402,0.002180618,0.018678355,0.002458145
1581251227.2490811,000000000301,e78f135624ce,-77,5.853812462,11.031376299,1.934208308,0.046489309,-0.002593769,-0.993604154,-0.046302383,0.004395846,-0.024968846,0.007197923,0.047708614,-0.022416616
1581251228.1511378,000000000301,e78f135624ce,-85,5.826746429,11.580314682,1.838492857,-0.002,-0.01119246,-0.998,0.181426588,0.013638492,-0.006107937,0.014276984,-0.180788096,0.015446032
1581251229.0580852,000000000301,e78f135624ce,-72,5.822903098,11.870879103,1.75861938,0.003806196,-0.008761239,-0.999,0.186477521,0.00761938,0.003806196,0.007,-0.186477521,0.025141859
1581251229.5181344,000000000301,e78f135624ce,-71,5.830674191,12.029432518,1.674036938,0.007979479,-0.02,-0.996665983,0.018208839,0.005663931,-0.001319653,0.004663931,-0.016874822,0.045651618
1581251229.9730663,000000000301,e78f135624ce,-67,5.859048413,12.127113489,1.730266269,0.038794247,0.013,-0.988024206,-0.320600596,-0.003975794,0.007060516,-0.001,0.3186127,0.023903175
1581251230.4280896,000000000301,e78f135624ce,-67,5.889335884,12.348250709,1.757555981,0.025996173,0.000776077,-0.994555981,-0.148895692,-0.004223923,0.019332058,-0.004223923,0.147451673,0.013555981
1581251230.8782063,000000000301,e78f135624ce,-67,5.906877715,12.600539423,1.769895716,0.002298572,0.001841714,-0.997140286,0.036888873,-0.000280571,0.019420857,-0.000140286,-0.036888873,0.011981999
1581251231.7820673,000000000301,e78f135624ce,-68,5.885220071,12.850637296,1.888559858,0.022710391,-0.011610036,-0.989169893,-0.426482419,-0.008220071,-0.004710391,-0.005610036,0.435312526,-0.009610036
1581251232.2410934,000000000301,e78f135624ce,-72,5.874373904,13.088561631,1.878252192,-0.006523466,-0.002,-0.996074781,-0.374184628,-0.007850438,0.002074781,-0.006850438,0.378035066,-0.001700877
1581251232.7010634,000000000301,e78f135624ce,-70,5.867242287,13.226201152,1.869726861,-0.007262855,0.003,-0.998,-0.44721596,-0.005757713,0.008989716,-0.005505142,0.44821596,0.000757713
1581251233.1520438,000000000301,e78f135624ce,-71,5.860033593,13.240980203,1.757422915,0.006577085,0.026966407,-0.998,-0.403325136,-0.008661068,-0.001305339,-0.010322136,0.402664068,0.026288542
1581251233.6030476,000000000301,e78f135624ce,-70,5.860128067,13.352014956,1.829207057,-0.013679832,0.003448236,-0.999,-0.468926384,-0.006128067,0.008871933,-0.007064034,0.467990417,0.001448236
1581251234.0540748,000000000301,e78f135624ce,-71,5.862644485,13.43428897,1.860577941,-0.02352598,0.002592525,-0.999,-0.605881495,-0.006,0.013407475,-0.006440748,0.605881495,3.3272e-05
1581251234.9620614,000000000301,e78f135624ce,-69,5.872873555,13.459298822,1.839034475,-0.018034475,0.007482762,-0.999,-0.467597644,-0.006678158,0.017712634,-0.006678158,0.467597644,0.006321842
1581251235.4161112,000000000301,e78f135624ce,-69,5.875456161,13.476649286,1.84661375,-0.019912321,0.006736964,-0.999,-0.343036699,-0.006456161,0.011,-0.006912321,0.343036699,0.002736964
1581251235.8740475,000000000301,e78f135624ce,-72,5.891464893,13.509246674,1.80209867,-0.026732446,0.006845036,-0.999,-0.298597746,-0.011211259,0.018943705,-0.011316888,0.299597746,0.014528147
1581251236.3260667,000000000301,e78f135624ce,-72,5.846987366,13.426086315,1.765048412,-0.010642107,0.022012634,-0.999,-0.537633723,-0.013185264,0.013913685,-0.012456843,0.536905302,0.022741056
1581251236.7823608,000000000301,e78f135624ce,-65,5.82596111,13.424940003,1.785314443,-0.012802226,0.013215556,-0.997607778,-0.352365622,-0.008254446,0.050745554,-0.007646668,0.352581178,0.01103889
1581251237.236049,000000000301,e78f135624ce,-66,5.799231627,13.388832962,1.823100223,0.046699332,0.010899777,-0.996966592,0.565659247,0.005933185,0.06826726,0.006933185,-0.56762584,-0.002
1581251237.6910193,000000000301,e78f135624ce,-67,5.704472628,13.374266316,1.837,0.025135788,0.005733684,-0.996,0.273860512,0.001733684,0.086733684,0.002733684,-0.274860512,-0.004366842
1581251238.147043,000000000301,e78f135624ce,-71,5.58466508,13.357299881,1.856633611,0.03466627,0.010233373,-0.996,0.307927542,0.004766627,0.086599762,0.005766627,-0.309694169,-0.010233373
1581251238.5971391,000000000301,e78f135624ce,-73,5.436442946,13.362,1.868,0.019173092,0.010173092,-0.997826908,0.175442174,0.003173092,0.064865459,0.004173092,-0.175615266,-0.011
1581251239.049046,000000000301,e78f135624ce,-74,5.272598086,13.364616295,1.863383705,0.016250797,0.006933546,-0.998516614,0.202396464,0.003450159,0.051933546,0.003933546,-0.202879851,-0.006450159
1581251239.0520172,000000000301,e78f135624ce,-65,5.271834071,13.364467736,1.863532264,0.016569137,0.007018437,-0.998495391,0.207638457,0.003513827,0.052018437,0.004018437,-0.208143066,-0.006513827
1581251239.5090108,000000000301,e78f135624ce,-65,5.076944443,13.348802579,1.858605159,-0.008592262,0.004802579,-0.999,-0.510441471,-0.007394841,0.037012897,-0.006394841,0.510441471,-0.001802579
1581251239.9691274,000000000301,e78f135624ce,-77,4.871233551,13.341222627,1.852222627,-0.00533394,0.003,-1.0,-0.846989076,-0.011888687,0.01466788,-0.011888687,0.846989076,0.001777373
1581251240.8730137,000000000301,e78f135624ce,-71,4.447192805,13.335986319,1.845,-0.001013681,0.004986319,-1.0,-0.984054725,-0.013,0.002,-0.013,0.984054725,0.004
1581251241.3280156,000000000301,e78f135624ce,-70,4.236676595,13.331667021,1.844,0.001332979,0.003333511,-1.0,-0.994666489,-0.013,-0.001332979,-0.013,0.994666489,0.003333511
1581251241.3310034,000000000301,e78f135624ce,-76,4.235389517,13.331621054,1.844,0.001378946,0.003310527,-1.0,-0.994689473,-0.013,-0.001378946,-0.013,0.994689473,0.003310527
1581251241.7850068,000000000301,e78f135624ce,-74,4.036546059,13.325664347,1.845,0.008671305,0.002,-1.0,-0.998335653,-0.011335653,-0.008335653,-0.011335653,0.998335653,0.002
1581251242.246235,000000000301,e78f135624ce,-73,3.865204424,13.345037408,1.840775553,0.001,0.006112224,-1.0,-0.402097478,-0.007224447,-0.003,-0.007224447,0.402097478,0.002149631
1581251243.154985,000000000301,e78f135624ce,-70,3.522115017,13.351280108,1.80831935,-0.000840325,0.013840325,-1.0,-0.553414082,-0.015840325,0.000840325,-0.015840325,0.553414082,0.013840325
1581251243.6149817,000000000301,e78f135624ce,-69,3.350261193,13.345,1.797852531,0.000950844,0.016147469,-1.0,-0.478964793,-0.015147469,0.004852531,-0.015147469,0.478964793,0.015196625
1581251244.0689723,000000000301,e78f135624ce,-71,3.187332172,13.352193852,1.803790779,-0.003,0.015,-1.0,-0.319719877,-0.011403074,0.015193852,-0.010403074,0.319719877,0.009806148
1581251244.5269864,000000000301,e78f135624ce,-77,3.010836515,13.34079481,1.793260426,-0.002630213,0.02009583,-0.999,-0.530532161,-0.015821872,0.017260426,-0.01509583,0.530258203,0.015369787
1581251245.4319613,000000000301,e78f135624ce,-73,2.64272496,13.323475443,1.79653438,-0.008990177,0.015485266,-1.0,-0.951573671,-0.017485266,0.009990177,-0.016990177,0.951573671,0.014485266
1581251245.8839676,000000000301,e78f135624ce,-75,2.450646842,13.311580144,1.801734747,-0.008104964,0.012685108,-1.0,-0.984419856,-0.011895036,0.009,-0.011895036,0.984419856,0.012685108
1581251246.3379483,000000000301,e78f135624ce,-69,2.276083929,13.299714476,1.823,-0.011228685,0.004,-1.0,-0.994742895,-0.01148579,0.011971581,-0.01148579,0.994742895,0.004
1581251246.7959638,000000000301,e78f135624ce,-68,2.102262948,13.315259812,1.816800627,-0.021419937,0.004679749,-0.999580063,-0.998,-0.015839875,0.021419937,-0.015839875,0.998,0.005679749
1581251247.2499654,000000000301,e78f135624ce,-80,1.932562579,13.31926341,1.802324792,-0.01875447,0.007184148,-0.999,-0.999,-0.019061383,0.01875447,-0.019061383,0.999,0.008184148
1581251247.7029405,000000000301,e78f135624ce,-75,1.749673824,13.303855609,1.793493768,-0.009,0.008602493,-0.999,-0.999,-0.020650623,0.008650623,-0.020650623,0.999,0.008602493
1581251248.155995,000000000301,e78f135624ce,-74,1.58934546,13.319956187,1.794,-0.011433086,0.007,-1.0,-0.999,-0.019,0.011433086,-0.019,1.0,0.007
1581251248.6069517,000000000301,e78f135624ce,-75,1.404721515,13.314046582,1.784314176,-0.02082557,0.013778988,-0.999,-0.999,-0.020476709,0.02,-0.020476709,0.99917443,0.013778988
1581251249.5199182,000000000301,e78f135624ce,-81,1.054212693,13.369407804,1.775611707,-0.025776587,0.013388293,-0.999,-0.999,-0.022203902,0.024980489,-0.022203902,0.999,0.013388293
1581251249.9729366,000000000301,e78f135624ce,-74,0.856871323,13.085463863,1.834184272,0.064854645,-0.004173153,-0.982994441,-0.983162034,-0.026167593,-0.064854645,-0.021,0.999,-0.006173153
1581251250.428984,000000000301,e78f135624ce,-83,0.699732568,13.195283599,1.762396767,0.0132388,0.010206467,-0.993396767,-0.993793533,-0.024206467,-0.0132388,-0.023206467,0.999,0.010206467
1581251250.431969,000000000301,e78f135624ce,-90,0.698712691,13.1961791,1.762421642,0.0129403,0.010156717,-0.993421642,-0.993843283,-0.024156717,-0.0129403,-0.023156717,0.999,0.010156717
1581251250.88294,000000000301,e78f135624ce,-79,0.552451172,13.273039202,1.79380399,-0.006973865,0.001039202,-0.996013067,-0.997013067,-0.026,0.006973865,-0.026013067,0.998,0.001052269
1581251251.334932,000000000301,e78f135624ce,-81,0.423503035,13.314786148,1.787566225,-0.016071689,0.004857837,-0.995714459,-0.99735723,-0.026,0.016071689,-0.02764277,0.99735723,0.005215066
1581251251.7860548,000000000301,e78f135624ce,-77,0.319399248,13.276539223,1.761197744,-0.00500188,0.009800376,-0.995266792,-0.996,-0.026266792,0.00500188,-0.027266792,0.998,0.009800376
