1581251155.391821,b827ebf7d096,e78f135624ce,-78,17.96,4.45,1.64,0.014,-0.01,-0.997,1.002,0.002,0.014,0.001,-0.997,0.015
1581251155.846052,b827ebf7d096,e78f135624ce,-98,17.955922001,4.401298012,1.677545991,0.014,-0.001922001,-0.999,1.001,0.008077999,0.014,0.008077999,-0.999,0.003922001
1581251156.299987,b827ebf7d096,e78f135624ce,-85,17.953155125,4.340897496,1.729551252,0.01431025,0.002844875,-1.0,1.0,0.012,0.01431025,0.012,-1.0,-0.002
1581251157.2051573,b827ebf7d096,e78f135624ce,-82,17.937463278,4.250079097,1.800152542,0.017,0.003615819,-1.0,1.0,0.009,0.017,0.009,-1.0,-0.003615819
1581251157.6637855,b827ebf7d096,e78f135624ce,-81,17.923088668,4.233556661,1.809532007,0.016088668,0.001088668,-1.0,1.0,0.008911332,0.016088668,0.008911332,-1.0,-0.001088668
1581251158.5698457,b827ebf7d096,e78f135624ce,-80,17.928517703,4.189188041,1.833482297,0.022517703,0.005741149,-1.0,1.0,0.013258851,0.022517703,0.013258851,-1.0,-0.005482297
1581251159.0206914,b827ebf7d096,e78f135624ce,-82,17.924443157,4.178,1.835147719,0.031409124,0.005147719,-0.999147719,0.999,0.014,0.031409124,0.014,-1.0,-0.005147719
1581251160.8374195,b827ebf7d096,e78f135624ce,-79,17.623488127,4.194081354,1.850616271,-0.004151187,0.004616271,-1.0,1.0,0.012,-0.004151187,0.012,-1.0,-0.004616271
1581251161.293446,b827ebf7d096,e78f135624ce,-83,17.497360515,4.185,1.845017283,-0.016034567,0.003,-1.0,1.0,0.013982717,-0.016034567,0.013982717,-1.0,-0.003
1581251161.7455392,b827ebf7d096,e78f135624ce,-87,17.35810241,4.171410241,1.843057681,-0.01370512,0.00135256,-1.0,1.0,0.014,-0.01370512,0.014,-1.0,-0.00170512
1581251162.1958847,b827ebf7d096,e78f135624ce,-83,17.206318769,4.159203552,1.842734517,-0.000407105,0.003265483,-1.0,1.0,0.014530965,-0.000407105,0.014530965,-1.0,-0.003265483
1581251162.6568289,b827ebf7d096,e78f135624ce,-70,17.040665792,4.146189295,1.835189295,0.021772846,0.005037859,-1.0,0.999037859,0.016962141,0.021810705,0.017,-1.0,-0.004037859
1581251163.5687964,b827ebf7d096,e78f135624ce,-74,16.710030255,4.151,1.839542927,0.021542927,0.008771464,-1.0,1.0,0.012457073,0.022314391,0.013228536,-1.0,-0.008771464
1581251164.0191305,b827ebf7d096,e78f135624ce,-79,16.545870095,4.149657822,1.838,0.016171089,0.006171089,-1.0,1.0,0.014828911,0.016171089,0.014828911,-1.0,-0.006171089
1581251164.469454,b827ebf7d096,e78f135624ce,-79,16.386235029,4.147,1.838340355,0.021446785,0.004446785,-1.0,1.0,0.015553215,0.021446785,0.016,-1.0,-0.004446785
1581251164.920366,b827ebf7d096,e78f135624ce,-74,16.22602503,4.142,1.838,0.022792444,0.003,-1.0,1.0,0.016,0.022792444,0.016,-1.0,-0.002930815
1581251165.3796058,b827ebf7d096,e78f135624ce,-76,16.081324017,4.155676408,1.838735282,-0.002882253,0.002,-1.0,1.0,0.017735282,-0.002882253,0.017735282,-1.0,-0.001735282
1581251165.8347216,b827ebf7d096,e78f135624ce,-75,15.917853951,4.15911003,1.827471276,-0.013832523,0.007806231,-1.0,0.316668991,0.014277508,-0.013916261,0.014277508,-0.317307745,0.007167477
1581251166.2868333,b827ebf7d096,e78f135624ce,-85,15.724885335,4.138104741,1.811139654,-0.014825432,0.017965086,-1.0,-0.580658216,0.011,0.005720691,0.011,0.580623303,0.017930173
1581251166.7386055,b827ebf7d096,e78f135624ce,-84,15.555859436,4.128217689,1.805782311,-0.00424717,0.014623585,-1.0,-0.090469591,0.013188207,0.016188207,0.013594104,0.090063694,0.013623585
1581251167.1932847,b827ebf7d096,e78f135624ce,-81,15.394514372,4.120772052,1.816911794,0.015683845,0.007,-1.0,0.653794843,0.016772052,0.022227948,0.016772052,-0.653794843,0.001544103
1581251167.6473997,b827ebf7d096,e78f135624ce,-84,15.230334877,4.101889146,1.806635104,0.000508083,0.016618937,-1.0,-0.212688198,0.011127021,0.019381063,0.011254042,0.212688198,0.013364896
1581251168.1059902,b827ebf7d096,e78f135624ce,-79,15.061656202,4.095006942,1.788510413,-0.018489587,0.024496529,-0.999,-0.746225778,0.007503471,0.025,0.008006942,0.746225778,0.023496529
1581251168.5670006,b827ebf7d096,e78f135624ce,-73,14.895322329,4.087142078,1.784431688,-0.010852469,0.021284156,-0.999,-0.608628591,0.008,0.029142078,0.009,0.608628591,0.020284156
1581251169.01746,b827ebf7d096,e78f135624ce,-73,14.715353627,4.104031088,1.767242228,-0.034031088,0.027242228,-0.999,-0.873584197,0.006242228,0.039757772,0.008,0.873584197,0.027242228
1581251169.466997,b827ebf7d096,e78f135624ce,-70,14.580339315,4.106602679,1.765013396,-0.021986604,0.024397321,-0.998397321,-0.524214204,0.01,0.04,0.011,0.524214204,0.022794642
1581251169.9198618,b827ebf7d096,e78f135624ce,-71,14.394846631,4.111181925,1.757757433,-0.038181925,0.025,-0.999,-0.850486311,0.007060642,0.043121283,0.008060642,0.850486311,0.024
1581251170.3736289,b827ebf7d096,e78f135624ce,-83,14.207290829,4.135806422,1.747193578,-0.052,0.026,-0.998,-0.94963425,0.006397859,0.054397859,0.008,0.95063425,0.025602141
1581251170.8310974,b827ebf7d096,e78f135624ce,-83,14.026357575,4.138256866,1.737009155,-0.049256866,0.028495422,-0.998,-0.982990845,0.005247711,0.050256866,0.006247711,0.983990845,0.028247711
1581251171.2830503,b827ebf7d096,e78f135624ce,-76,13.839046822,4.151154381,1.733436254,-0.051,0.026422809,-0.998,-0.993718127,0.003281873,0.051,0.004422809,0.994718127,0.026422809
1581251171.7437272,b827ebf7d096,e78f135624ce,-85,13.655614496,4.15689605,1.745452628,-0.044886843,0.019773686,-0.999,-0.997556579,0.002,0.044886843,0.002443421,0.998,0.019330264
1581251173.1030154,b827ebf7d096,e78f135624ce,-80,13.222228421,4.537785526,1.802810592,-0.131228421,0.022696382,-0.964303618,0.164238125,0.018430362,-0.120519507,0.011291086,-0.197934506,-0.00026602
1581251173.56108,b827ebf7d096,e78f135624ce,-79,13.057955026,4.377035926,1.812323598,-0.044543809,0.013,-0.988242698,0.377035926,0.016838201,-0.031705608,0.013919101,-0.387793227,-0.001
1581251174.0199223,b827ebf7d096,e78f135624ce,-80,12.900741481,4.253725764,1.835855023,-0.001,0.016758079,-0.995758079,0.544744122,0.017758079,0.001241921,0.016758079,-0.547986043,-0.006790394
1581251174.4775512,b827ebf7d096,e78f135624ce,-92,12.707071122,4.184332005,1.770567852,-0.000703556,0.025135704,-0.998,-0.202444104,0.013271408,-0.000296444,0.013271408,0.200876252,0.020567852
1581251174.9294002,b827ebf7d096,e78f135624ce,-86,12.522962057,4.145629465,1.754432291,0.002,0.018629465,-0.999,-0.213435299,0.011123512,-0.005814732,0.011123512,0.213373543,0.020691221
1581251175.8359208,b827ebf7d096,e78f135624ce,-85,12.251483736,4.152,1.77286372,-0.012287907,-0.004,-1.0,0.874364638,0.016,-0.013287907,0.016,-0.874652544,0.008424187
1581251176.2874823,b827ebf7d096,e78f135624ce,-81,12.109273778,4.1660384,1.787358933,-0.016893156,-0.002106844,-1.0,0.959504178,0.012213689,-0.016893156,0.012213689,-0.959504178,0.003213689
1581251176.7401896,b827ebf7d096,e78f135624ce,-93,11.996883318,4.171765074,1.802823805,-0.006353171,0.000882537,-1.0,0.987117463,0.012529366,-0.006353171,0.012529366,-0.987117463,-0.000411903
1581251177.1986785,b827ebf7d096,e78f135624ce,-91,11.91890402,4.165390093,1.801975233,0.004390093,-0.001609907,-1.0,0.996195047,0.014804953,0.004390093,0.014,-0.996195047,0.001609907
1581251177.6559784,b827ebf7d096,e78f135624ce,-82,11.854518938,4.156279882,1.803279882,0.012860059,-0.001860059,-1.0,0.998860059,0.014,0.012860059,0.014,-0.998860059,0.001860059
1581251178.1135569,b827ebf7d096,e78f135624ce,-79,11.820255921,4.151846447,1.802320855,0.012576776,-0.001576776,-1.0,0.999,0.014948816,0.012576776,0.014948816,-0.999,0.002102368
1581251178.5683138,b827ebf7d096,e78f135624ce,-79,11.808684464,4.147810678,1.797936893,0.013,-0.004,-1.0,1.0,0.013063107,0.013,0.013,-1.0,0.004
1581251179.0198703,b827ebf7d096,e78f135624ce,-79,11.783371527,4.17273915,1.802110677,0.004889323,-0.001592882,-1.0,1.0,0.012,0.004889323,0.012,-1.0,0.002296441
1581251179.4790106,b827ebf7d096,e78f135624ce,-90,11.780764887,4.211764887,1.824411704,-0.005764887,0.006588296,-1.0,1.0,0.014588296,-0.005764887,0.014588296,-1.0,-0.006588296
1581251179.929387,b827ebf7d096,e78f135624ce,-87,11.778,4.202343506,1.829343506,-0.000114502,0.006114502,-1.0,1.0,0.015057251,-0.000114502,0.015057251,-1.0,-0.006171753
1581251180.390905,b827ebf7d096,e78f135624ce,-85,11.775674451,4.202023353,1.825360579,0.000988323,0.004011677,-1.0,1.0,0.017,0.001325549,0.017,-1.0,-0.004011677
1581251180.8463109,b827ebf7d096,e78f135624ce,-79,11.768417686,4.197126529,1.832253058,0.003582314,0.007835372,-1.0,1.0,0.018708843,0.003582314,0.018708843,-1.0,-0.007835372
1581251181.3033159,b827ebf7d096,e78f135624ce,-89,11.767185911,4.204752118,1.833876059,6.197e-05,0.007,-1.0,1.0,0.016,6.197e-05,0.016,-1.0,-0.007
1581251181.7561867,b827ebf7d096,e78f135624ce,-90,11.75912251,4.203849004,1.82612251,0.002150996,0.003424502,-1.0,1.0,0.015150996,0.002150996,0.015150996,-1.0,-0.003424502
1581251182.2067041,b827ebf7d096,e78f135624ce,-89,11.762610274,4.20605137,1.826194863,0.000974315,0.003,-1.0,1.0,0.014,0.001779452,0.014,-1.0,-0.003
1581251182.6618273,b827ebf7d096,e78f135624ce,-90,11.756162872,4.193140103,1.816651487,0.006348513,0.0,-1.0,1.0,0.014674256,0.006348513,0.014674256,-1.0,0.0
1581251183.1206484,b827ebf7d096,e78f135624ce,-79,11.75449397,4.18846985,1.81395176,0.00501206,-2.412e-05,-1.0,1.0,0.01349397,0.00501206,0.01349397,-1.0,2.412e-05
1581251183.5737886,b827ebf7d096,e78f135624ce,-83,11.75,4.20375902,1.815793056,-0.002620831,0.001,-1.0,1.0,0.015,-0.002620831,0.015,-1.0,-0.001
1581251184.0272486,b827ebf7d096,e78f135624ce,-84,11.737524975,4.261800198,1.830737512,-0.00304995,0.008,-1.0,1.0,0.018737512,-0.002787463,0.018737512,-1.0,-0.008
1581251184.4861617,b827ebf7d096,e78f135624ce,-86,11.746685838,4.387015461,1.817107297,-0.002421459,0.002842919,-1.0,1.0,0.022,-0.002421459,0.022,-1.0,-0.002842919
1581251184.9472325,b827ebf7d096,e78f135624ce,-82,11.705267975,4.570488017,1.766,-0.027779958,0.026122004,-0.996122004,0.440161252,0.016633987,0.038901962,0.018633987,-0.438283256,0.017877996
1581251185.3985069,b827ebf7d096,e78f135624ce,-80,11.694630622,4.58278373,1.787808995,0.007356746,0.019821627,-0.998,0.124179895,0.011726124,0.016630622,0.013,-0.123179895,0.007821627
1581251185.853008,b827ebf7d096,e78f135624ce,-100,11.704,4.72353171,1.806734835,0.002959099,0.013,-0.999,0.079201746,0.009653033,0.031734835,0.010653033,-0.079201746,0.005653033
1581251186.3045287,b827ebf7d096,e78f135624ce,-92,11.711,4.881104926,1.810105282,-0.003263205,0.008105282,-0.999,0.050157389,0.009947359,0.037894718,0.009947359,-0.050157389,0.008947359
1581251186.7653785,b827ebf7d096,e78f135624ce,-90,11.716646204,5.013155091,1.800292407,0.012400647,0.003,-0.999,0.297980635,0.012938611,0.039938611,0.012938611,-0.297980635,0.009061389
1581251187.2198567,b827ebf7d096,e78f135624ce,-86,11.707274891,5.241971848,1.886502174,-0.026350652,0.017426413,-0.991549783,0.293577935,0.013450217,-0.010601739,0.008725109,-0.298028152,-0.023525978
1581251187.6732552,b827ebf7d096,e78f135624ce,-78,11.707442731,5.324254404,1.848147577,0.017564981,0.005,-0.995073788,0.368397598,0.010926212,0.0350815,0.009852423,-0.37132381,-0.001926212
1581251189.0375464,b827ebf7d096,e78f135624ce,-89,11.700483223,5.890919425,1.754349007,0.006033554,-0.006825496,-0.997241612,0.003812029,0.002516777,0.036516777,0.001758388,-0.003053641,0.024308719
1581251189.493968,b827ebf7d096,e78f135624ce,-73,11.701105771,6.10442782,1.808447115,0.002105771,0.007211542,-0.997447115,0.040903701,0.005788458,0.029528855,0.005788458,-0.039903701,0.000105771
1581251189.9502275,b827ebf7d096,e78f135624ce,-76,11.696865317,6.309619683,1.815171666,0.000346826,-0.00507746,-0.998,0.100940004,0.006404048,0.046595952,0.006269365,-0.100940004,0.006942778
1581251190.4127293,b827ebf7d096,e78f135624ce,-78,11.698477378,6.493633415,1.800761311,0.003148201,-0.000716067,-0.998,0.104823658,0.005477378,0.054477378,0.005477378,-0.105584968,0.012
1581251190.8649228,b827ebf7d096,e78f135624ce,-80,11.696362923,6.694234924,1.818814615,-0.003814615,0.009088769,-0.998,0.048143691,0.004637077,0.048088769,0.005,-0.047780768,0.005637077
1581251191.318415,b827ebf7d096,e78f135624ce,-79,11.703977253,6.882862653,1.819136482,0.003658796,0.011045494,-0.997022747,0.148224007,0.002954506,0.064886265,0.003954506,-0.148224007,0.006
1581251191.7747693,b827ebf7d096,e78f135624ce,-76,11.69777366,7.134660712,1.847433929,-0.019829912,0.008358482,-0.996,-0.062034838,0.004566071,0.082358482,0.004924553,0.063393321,0.000358482
1581251192.2312953,b827ebf7d096,e78f135624ce,-82,11.732456824,7.283740946,1.848236073,0.035307103,0.009078691,-0.997307103,0.6644032,0.012,0.067236073,0.013,-0.665096097,-0.005385794
1581251192.6853378,b827ebf7d096,e78f135624ce,-73,11.750798862,7.462133783,1.834201138,0.028301707,0.004100569,-0.998949715,0.894038904,0.013949715,0.038452561,0.014,-0.894089189,-0.003050285
1581251193.59543,b827ebf7d096,e78f135624ce,-84,11.766599035,7.840425085,1.823599035,0.009398553,0.002,-1.0,0.988601447,0.014799518,0.010398553,0.014799518,-0.98880193,-0.002
1581251194.051252,b827ebf7d096,e78f135624ce,-79,11.76115477,8.018725801,1.824535689,-0.00069046,0.00369046,-1.0,0.99669046,0.01315477,-0.000535689,0.01315477,-0.99669046,-0.00369046
1581251194.5030725,b827ebf7d096,e78f135624ce,-73,11.765949239,8.183357875,1.824525381,-0.006,0.003,-1.0,0.999,0.012525381,-0.005474619,0.012525381,-0.999,-0.003
1581251194.9554133,b827ebf7d096,e78f135624ce,-75,11.765783978,8.338916293,1.819216022,-0.006891989,0.003,-1.0,1.0,0.011108011,-0.006891989,0.011108011,-1.0,-0.003
1581251195.4074805,b827ebf7d096,e78f135624ce,-73,11.764,8.433068992,1.818694574,-0.008,0.002564858,-1.0,1.0,0.011282429,-0.008,0.011282429,-1.0,-0.002564858
1581251196.7737398,b827ebf7d096,e78f135624ce,-74,11.767366401,8.531633599,1.819366401,0.012267197,0.004,-1.0,1.0,0.010366401,0.012267197,0.010366401,-1.0,-0.004
1581251197.2283213,b827ebf7d096,e78f135624ce,-75,11.767,8.537736076,1.815,0.015527848,0.003,-1.0,1.0,0.008263924,0.015527848,0.009,-1.0,-0.003
1581251197.6804364,b827ebf7d096,e78f135624ce,-74,11.759701758,8.557602343,1.820497071,0.010900586,0.003198828,-1.0,1.0,0.013,0.010900586,0.013,-1.0,-0.003198828
1581251198.131184,b827ebf7d096,e78f135624ce,-74,11.764,8.552641487,1.819,0.015452838,0.003,-1.0,1.0,0.011,0.015452838,0.011,-1.0,-0.003
1581251198.5885105,b827ebf7d096,e78f135624ce,-72,11.764064895,8.549324477,1.818740418,0.016870209,0.003870209,-1.0,1.0,0.01,0.016870209,0.01,-1.0,-0.002935105
1581251199.5004063,b827ebf7d096,e78f135624ce,-100,11.765,8.553734979,1.814265021,0.017421674,0.002421674,-1.0,1.0,0.009421674,0.017421674,0.009421674,-1.0,-0.002421674
1581251200.4037015,b827ebf7d096,e78f135624ce,-85,11.736164294,8.574397253,1.809,0.019,-0.001,-1.0,1.0,0.012,0.019,0.012,-1.0,0.001
1581251200.855395,b827ebf7d096,e78f135624ce,-77,11.672594807,8.572201154,1.811,0.023599615,-0.001400385,-1.0,1.0,0.012,0.023599615,0.012,-1.0,0.002200192
1581251201.311071,b827ebf7d096,e78f135624ce,-79,11.573216379,8.576156162,1.808624649,0.028375351,-0.006531513,-0.999156162,0.999156162,0.012156162,0.028375351,0.012,-1.0,0.006687676
1581251201.7635653,b827ebf7d096,e78f135624ce,-75,11.450820409,8.557129538,1.817956821,0.046435231,-0.005,-0.999,0.999,0.01352159,0.046435231,0.01352159,-1.0,0.00552159
1581251202.219602,b827ebf7d096,e78f135624ce,-88,11.315110248,8.556878143,1.819140232,0.050560929,-0.006,-0.998859768,0.998859768,0.012140232,0.050560929,0.011280464,-1.0,0.006140232
1581251202.6741817,b827ebf7d096,e78f135624ce,-83,11.162969753,8.542679756,1.822,0.056,-0.003,-0.998,0.998,0.011226585,0.056,0.011,-1.0,0.003226585
1581251203.1327767,b827ebf7d096,e78f135624ce,-75,10.999294841,8.541856746,1.819,0.052571627,-0.004428373,-0.999,0.998428373,0.010428373,0.052571627,0.010428373,-1.0,0.004428373
1581251203.5887,b827ebf7d096,e78f135624ce,-77,10.823458114,8.546328263,1.821,0.049122134,-0.006,-0.999,0.999,0.010061067,0.049122134,0.01,-1.0,0.006061067
1581251204.0396194,b827ebf7d096,e78f135624ce,-73,10.650306883,8.585357653,1.819,-0.011138774,0.002,-0.996678827,0.303130121,0.00203648,0.072532907,0.002357653,-0.300808948,0.00796352
1581251204.4987018,b827ebf7d096,e78f135624ce,-71,10.432155449,8.588092228,1.816543697,0.018092228,0.002635924,-0.998364076,0.710310523,0.007364076,0.048179621,0.007364076,-0.709674599,0.001
1581251204.9539468,b827ebf7d096,e78f135624ce,-75,10.199732348,8.586059421,1.822118842,-0.000178264,0.006019807,-0.999,-0.031209258,0.004,0.034980193,0.004980193,0.031209258,0.005019807
1581251205.4112282,b827ebf7d096,e78f135624ce,-77,9.96174454,8.576003594,1.834330937,-0.011,0.010330937,-1.0,-0.688877798,0.002,0.022338126,0.002,0.689543267,0.010330937
1581251205.8686755,b827ebf7d096,e78f135624ce,-76,9.70290257,8.569378275,1.817,0.001445688,0.010243449,-0.999,-0.348685573,-0.004689138,-0.020891376,-0.004689138,0.348685573,0.010243449
1581251206.3210816,b827ebf7d096,e78f135624ce,-75,9.50235362,8.56,1.826683373,-0.009683373,0.014,-0.999,-0.792063245,-0.002079157,0.00352506,-0.002,0.792142402,0.014079157
1581251206.777508,b827ebf7d096,e78f135624ce,-81,9.303374258,8.555828676,1.833585662,-0.017585662,0.011414338,-1.0,-0.933884561,-0.003414338,0.015171324,-0.003414338,0.933884561,0.011414338
1581251207.2287285,b827ebf7d096,e78f135624ce,-77,9.109838976,8.553804596,1.835609191,-0.021195404,0.009195404,-1.0,-0.978172426,-0.003609191,0.020195404,-0.002804596,0.979172426,0.009195404
1581251207.6883035,b827ebf7d096,e78f135624ce,-74,8.918415421,8.554762392,1.831762392,-0.023881196,0.008118804,-1.0,-0.992762392,-0.005118804,0.023762392,-0.004237608,0.993643588,0.008237608
1581251208.1415381,b827ebf7d096,e78f135624ce,-80,8.724916911,8.559912112,1.834,-0.027456056,0.007456056,-1.0,-0.997456056,-0.004456056,0.027456056,-0.004456056,0.997456056,0.007456056
1581251209.0494678,b827ebf7d096,e78f135624ce,-87,8.306958934,8.552401369,1.834598631,-0.023,0.012401369,-1.0,-0.999,-0.001598631,0.023,-0.001598631,1.0,0.012401369
1581251209.50965,b827ebf7d096,e78f135624ce,-74,8.082774882,8.559583728,1.832416272,-0.018167457,0.010583728,-1.0,-1.0,-0.003416272,0.018167457,-0.003416272,1.0,0.011167457
1581251209.9670208,b827ebf7d096,e78f135624ce,-82,7.854405136,8.560776445,1.837,-0.015,0.007888223,-1.0,-1.0,-0.005,0.015,-0.005,1.0,0.007888223
1581251210.42256,b827ebf7d096,e78f135624ce,-92,7.641112248,8.556323433,1.834264031,-0.017,0.006353134,-1.0,-1.0,-0.006676567,0.017,-0.006676567,1.0,0.007029701
1581251211.3299298,b827ebf7d096,e78f135624ce,-85,7.21710497,8.540559916,1.839911983,-8.8017e-05,0.005,-1.0,-1.0,-0.009176033,8.8017e-05,-0.009176033,1.0,0.005
1581251211.7875838,b827ebf7d096,e78f135624ce,-75,7.023515255,8.534413755,1.82282751,0.007586245,0.008586245,-1.0,-1.0,-0.00982751,-0.007586245,-0.00982751,1.0,0.008586245
1581251212.2404354,b827ebf7d096,e78f135624ce,-78,6.84404532,8.547341389,1.820012084,0.006776435,0.005,-1.0,-0.925694863,-0.008329305,-0.006776435,-0.00855287,0.925694863,0.00755287
1581251212.695233,b827ebf7d096,e78f135624ce,-75,6.726689801,8.595041219,1.82994143,-0.00432755,0.00713449,-1.0,-0.188388237,-0.00026898,-0.01113449,-0.00026898,0.188388237,0.00286551
1581251213.6043653,b827ebf7d096,e78f135624ce,-78,6.492184775,8.624649667,1.822216556,-0.008891722,0.011891722,-0.999,0.305859941,0.004,-0.014133777,0.004,-0.305859941,0.001
1581251214.0637016,b827ebf7d096,e78f135624ce,-83,6.39895977,8.636425698,1.821851396,-0.001277093,0.005638547,-1.0,0.697863713,0.011787151,-0.000277093,0.011787151,-0.697863713,-0.001
1581251214.9755883,b827ebf7d096,e78f135624ce,-82,6.155828647,8.639328071,1.866328071,0.013328071,0.014109357,-1.0,0.969874856,0.018,0.014218714,0.018,-0.969874856,-0.013109357
1581251215.8840444,b827ebf7d096,e78f135624ce,-85,6.003887927,8.680622847,1.865644396,0.007577585,0.013,-1.0,0.996355604,0.018644396,0.008577585,0.018644396,-0.996355604,-0.013
1581251216.3393474,b827ebf7d096,e78f135624ce,-85,5.971171316,8.701813109,1.862984426,0.006062297,0.012,-1.0,0.998984426,0.019984426,0.007046723,0.019984426,-0.998984426,-0.011984426
1581251216.7996595,b827ebf7d096,e78f135624ce,-86,5.955566922,8.718112213,1.863679135,0.004962596,0.012,-1.0,0.999,0.020679135,0.004962596,0.021,-0.999,-0.012
1581251217.2594857,b827ebf7d096,e78f135624ce,-82,5.93296899,8.729,1.857906971,0.00334367,0.00896899,-1.0,1.0,0.021,0.00334367,0.021,-1.0,-0.00896899
1581251217.7123742,b827ebf7d096,e78f135624ce,-83,5.911100231,8.742871131,1.852985681,-0.002942725,0.007007159,-1.0,0.892207622,0.019,0.002042956,0.019,-0.892207622,-0.008
1581251218.1654189,b827ebf7d096,e78f135624ce,-84,5.926177553,8.715240203,1.849671021,0.008088776,0.009417755,-1.0,0.963986937,0.018417755,0.010088776,0.018417755,-0.964404692,-0.009417755
1581251218.6182096,b827ebf7d096,e78f135624ce,-85,5.910469308,8.724377623,1.856540792,0.003540792,0.012846931,-1.0,0.988459208,0.017846931,0.004387723,0.017846931,-0.988459208,-0.012846931
1581251219.0755794,b827ebf7d096,e78f135624ce,-86,5.887105396,8.747447302,1.845631535,-0.005,0.009815767,-1.0,0.912288786,0.015,0.000368465,0.015,-0.912288786,-0.008815767
1581251219.5267916,b827ebf7d096,e78f135624ce,-88,5.911261736,8.712541962,1.851532717,0.004794453,0.011065434,-1.0,0.971738264,0.017934566,0.00632717,0.017934566,-0.971738264,-0.010532717
1581251220.4389033,b827ebf7d096,e78f135624ce,-77,5.909270572,8.829235711,1.859729428,-0.020458857,0.012,-0.999270572,0.978376571,0.020729428,-0.020458857,0.020729428,-0.979105999,-0.012729428
1581251220.8898973,b827ebf7d096,e78f135624ce,-77,5.917110597,8.927841793,1.86164209,-0.030963134,0.011321045,-0.999,0.99264209,0.02064209,-0.030963134,0.020321045,-0.99264209,-0.012
1581251221.3447986,b827ebf7d096,e78f135624ce,-82,5.906544916,9.024039268,1.86310113,-0.03389887,0.012050565,-0.999,0.996949435,0.018151695,-0.032949435,0.018151695,-0.997949435,-0.012050565
1581251221.799693,b827ebf7d096,e78f135624ce,-82,5.940037056,9.146316108,1.870385178,-0.044012352,0.014192589,-0.999,0.998,0.01860247,-0.044012352,0.018,-0.999,-0.014795059
1581251222.253821,b827ebf7d096,e78f135624ce,-81,5.964248038,9.290232339,1.876750392,-0.047750392,0.017,-0.999,0.998,0.017249608,-0.047750392,0.017,-0.999,-0.018
1581251222.7135856,b827ebf7d096,e78f135624ce,-75,5.975740457,9.45969083,1.891,-0.040194657,0.021064886,-0.999,0.999,0.016870229,-0.040194657,0.015935114,-0.999,-0.022
1581251223.1662035,b827ebf7d096,e78f135624ce,-87,5.971,9.603311834,1.876161052,-0.017838948,0.016540263,-0.999,0.999,0.017540263,-0.017379211,0.017,-1.0,-0.017080526
1581251223.6176996,b827ebf7d096,e78f135624ce,-73,5.981401591,9.778334235,1.895278727,-0.025537654,0.021911491,-0.998863936,0.998863936,0.016136064,-0.025401591,0.016136064,-0.999136064,-0.022911491
1581251224.5249364,b827ebf7d096,e78f135624ce,-81,5.935347273,10.101004589,1.865055584,-0.00864355,0.016824069,-0.999,-0.041902076,-0.003824069,-0.028824069,-0.003824069,0.041902076,0.002884242
1581251224.975001,b827ebf7d096,e78f135624ce,-83,5.890664997,10.424502505,1.888469578,-0.048553329,0.008027917,-0.985083751,-0.366743737,-0.000972083,-0.008972083,-0.003944166,0.36971582,-0.000832498
1581251225.4264653,b827ebf7d096,e78f135624ce,-85,5.827245333,10.539871111,1.887496889,-0.009981332,0.003877334,-0.994625778,-0.609848008,0.001,-0.010638223,-0.000625778,0.610848008,0.002251556
1581251225.8812006,b827ebf7d096,e78f135624ce,-91,5.865225715,10.549642861,1.823248571,0.031271428,0.007751429,-0.994497143,-0.403665701,0.006491429,-0.047514285,0.005491429,0.40641713,0.019508571
1581251226.336217,b827ebf7d096,e78f135624ce,-84,5.88446631,10.79055723,1.810582887,0.007049197,-0.002417113,-0.997883423,-0.229728359,0.001582887,-0.019650268,0.00146631,0.230611782,0.012883423
1581251226.7957308,b827ebf7d096,e78f135624ce,-89,5.892859957,10.942,1.827295844,0.017007879,0.000143983,-0.998428009,-0.018816623,0.002143983,-0.027435887,0.002143983,0.019960606,0.002568052
1581251227.2462804,b827ebf7d096,e78f135624ce,-83,5.853932492,11.027295278,1.934288328,0.047349525,-0.002533754,-0.993644164,-0.045362147,0.004355836,-0.02466877,0.007177918,0.046828393,-0.022576656
1581251227.697217,b827ebf7d096,e78f135624ce,-77,5.838513444,11.397800899,1.901584508,-0.006097951,-0.003537132,-0.99478041,-0.005287455,0.01121959,-0.030976312,0.01221959,0.004067865,-0.004121639
1581251228.15122,b827ebf7d096,e78f135624ce,-82,5.826739699,11.580331881,1.838479397,-0.002,-0.011188721,-0.998,0.181340594,0.013637744,-0.006101954,0.014275489,-0.18070285,0.015449023
1581251229.0557494,b827ebf7d096,e78f135624ce,-77,5.822986519,11.869777947,1.758602696,0.003973038,-0.008794608,-0.999,0.186410785,0.007602696,0.003973038,0.007,-0.186410785,0.025191911
1581251229.5157151,b827ebf7d096,e78f135624ce,-80,5.830484109,12.026926886,1.673103806,0.008497886,-0.02,-0.996683263,0.02135384,0.005733051,-0.001665257,0.004733051,-0.020037103,0.046031783
1581251229.9695268,b827ebf7d096,e78f135624ce,-80,5.858932905,12.124523901,1.731023205,0.039318703,0.012547106,-0.987983226,-0.316789764,-0.003932905,0.006966452,-0.000899357,0.314823312,0.023614202
1581251230.425938,b827ebf7d096,e78f135624ce,-78,5.889228298,12.347049327,1.75753805,0.026157553,0.000847801,-0.99453805,-0.148608794,-0.004152199,0.019385851,-0.004152199,0.147146844,0.01353805
1581251230.8762488,b827ebf7d096,e78f135624ce,-77,5.90700821,12.599430219,1.770140393,0.002380131,0.001743843,-0.997123974,0.039808689,-0.000247948,0.019371921,-0.000123974,-0.039808689,0.011867817
1581251231.3291686,b827ebf7d096,e78f135624ce,-82,5.907247719,12.944448489,1.80526597,-0.045513689,-0.004256844,-0.997,-0.311661022,-0.004504563,0.045752281,-0.004752281,0.313413304,0.006247719
1581251232.2379198,b827ebf7d096,e78f135624ce,-76,5.874251843,13.087072487,1.878496314,-0.00635258,-0.002,-0.996050369,-0.378041756,-0.007899263,0.002050369,-0.006899263,0.381941019,-0.001798525
1581251232.6974049,b827ebf7d096,e78f135624ce,-83,5.867150824,13.225621884,1.869452471,-0.007415294,0.003,-0.998,-0.449776935,-0.005849176,0.008867765,-0.005566118,0.450776935,0.000849176
1581251233.5992348,b827ebf7d096,e78f135624ce,-82,5.860186726,13.351105753,1.828385842,-0.013533186,0.00365354,-0.999,-0.467518586,-0.006186726,0.008813274,-0.007093363,0.466611948,0.00165354
1581251234.050271,b827ebf7d096,e78f135624ce,-81,5.862820042,13.434640084,1.861280167,-0.023760056,0.00229993,-0.999,-0.605940014,-0.006,0.01370007,-0.006470007,0.605940014,-0.000230063
1581251234.5086653,b827ebf7d096,e78f135624ce,-85,5.854320405,13.438591063,1.834541316,-0.014320405,0.015469646,-0.999,-0.523553116,-0.003419899,-0.001839798,-0.003419899,0.523553116,0.010679595
1581251234.9613798,b827ebf7d096,e78f135624ce,-82,5.872833792,13.459168175,1.839000393,-0.018000393,0.007499803,-0.999,-0.467336349,-0.006666798,0.017667191,-0.006666798,0.467336349,0.006333202
1581251235.870247,b827ebf7d096,e78f135624ce,-74,5.89222502,13.510671912,1.802668765,-0.02711251,0.00659166,-0.999,-0.292421715,-0.011147915,0.019260425,-0.011221873,0.293421715,0.014369788
1581251236.3233962,b827ebf7d096,e78f135624ce,-78,5.847213333,13.426168485,1.765808484,-0.010539394,0.021786667,-0.999,-0.534429094,-0.013123636,0.013831515,-0.012415758,0.533721216,0.022494546
1581251236.7781749,b827ebf7d096,e78f135624ce,-82,5.825800114,13.425519591,1.78496025,-0.013639409,0.013279955,-0.997639977,-0.365470744,-0.008479841,0.050520159,-0.007839864,0.365750699,0.011199886
1581251237.2337081,b827ebf7d096,e78f135624ce,-71,5.799616186,13.388916562,1.823050063,0.046849812,0.010949937,-0.996983312,0.567331241,0.005966625,0.068133501,0.006966625,-0.569314554,-0.002
1581251238.1450262,b827ebf7d096,e78f135624ce,-81,5.585398456,13.357354884,1.85650527,0.034849614,0.010215039,-0.996,0.310604366,0.004784961,0.086709768,0.005784961,-0.312389327,-0.010215039
1581251238.5949652,b827ebf7d096,e78f135624ce,-75,5.437110643,13.362,1.868,0.01918862,0.01018862,-0.99781138,0.175302424,0.00318862,0.064943098,0.00418862,-0.175491043,-0.011
1581251239.046387,b827ebf7d096,e78f135624ce,-88,5.27328185,13.364749249,1.863250751,0.015965896,0.006857572,-0.998535607,0.197705087,0.003393179,0.051857572,0.003857572,-0.19816948,-0.006393179
1581251239.5062656,b827ebf7d096,e78f135624ce,-80,5.078042503,13.348822188,1.858644375,-0.008533437,0.004822188,-0.999,-0.50771593,-0.007355625,0.037110938,-0.006355625,0.50771593,-0.001822188
1581251239.9670594,b827ebf7d096,e78f135624ce,-76,4.872286373,13.341260228,1.852260228,-0.005390341,0.003,-1.0,-0.845973854,-0.011869886,0.014780683,-0.011869886,0.845973854,0.001739772
1581251240.4174712,b827ebf7d096,e78f135624ce,-75,4.665950385,13.337,1.84861584,0.002,0.003,-1.0,-0.948762404,-0.013,0.001,-0.013,0.948762404,0.00238416
1581251241.3261309,b827ebf7d096,e78f135624ce,-77,4.237488464,13.331696017,1.844,0.001303983,0.003348008,-1.0,-0.994651992,-0.013,-0.001303983,-0.013,0.994651992,0.003348008
1581251241.781624,b827ebf7d096,e78f135624ce,-77,4.037899131,13.325690368,1.845,0.008619264,0.002,-1.0,-0.998309632,-0.011309632,-0.008309632,-0.011309632,0.998309632,0.002
1581251242.2438455,b827ebf7d096,e78f135624ce,-76,3.866086674,13.345019028,1.840885834,0.001,0.006057083,-1.0,-0.399101502,-0.007114166,-0.003,-0.007114166,0.399101502,0.00207611
1581251242.6965,b827ebf7d096,e78f135624ce,-76,3.698322672,13.352373932,1.820991457,-0.001373932,0.014252136,-1.0,-0.535536256,-0.014504272,-0.002,-0.014504272,0.535536256,0.010878204
1581251243.6107702,b827ebf7d096,e78f135624ce,-73,3.351751388,13.345,1.797755344,0.000918448,0.016244656,-1.0,-0.482236744,-0.015244656,0.004755344,-0.015244656,0.482236744,0.015326208
1581251244.0662305,b827ebf7d096,e78f135624ce,-78,3.188239079,13.352151671,1.803727506,-0.003,0.015,-1.0,-0.32054242,-0.011424165,0.015151671,-0.010424165,0.32054242,0.009848329
1581251244.5249999,b827ebf7d096,e78f135624ce,-80,3.011738081,13.341085145,1.793413234,-0.002706617,0.020034706,-0.999,-0.528438693,-0.01577603,0.017413234,-0.015034706,0.528180017,0.015293383
1581251244.9764557,b827ebf7d096,e78f135624ce,-80,2.825712288,13.331994413,1.792497207,-0.008497207,0.016751397,-0.999875698,-0.849287712,-0.020875698,0.012621508,-0.020751397,0.849287712,0.015751397
1581251246.3356674,b827ebf7d096,e78f135624ce,-74,2.276908579,13.299626747,1.823,-0.011176048,0.004,-1.0,-0.994725349,-0.011450699,0.011901397,-0.011450699,0.994725349,0.004
1581251246.7938337,b827ebf7d096,e78f135624ce,-78,2.103033036,13.315210657,1.816964476,-0.021403552,0.00461421,-0.999596448,-0.998,-0.015807105,0.021403552,-0.015807105,0.998,0.00561421
1581251247.2471771,b827ebf7d096,e78f135624ce,-76,1.9336779,13.319502407,1.802543873,-0.018834136,0.007124398,-0.999,-0.999,-0.019041466,0.018834136,-0.019041466,0.999,0.008124398
1581251247.6986911,b827ebf7d096,e78f135624ce,-78,1.751296298,13.303507936,1.793880071,-0.009,0.008447972,-0.999,-0.999,-0.020611993,0.008611993,-0.020611993,0.999,0.008447972
1581251248.153643,b827ebf7d096,e78f135624ce,-77,1.590649752,13.320533497,1.794,-0.011582758,0.007,-1.0,-0.999,-0.019,0.011582758,-0.019,1.0,0.007
1581251248.6050146,b827ebf7d096,e78f135624ce,-90,1.405413354,13.314129603,1.784577075,-0.020811733,0.01368213,-0.999,-0.999,-0.020435199,0.02,-0.020435199,0.999188267,0.01368213
1581251249.0597563,b827ebf7d096,e78f135624ce,-84,1.229461612,13.343257654,1.766442298,-0.033930758,0.018046161,-0.99851154,-0.999,-0.02051154,0.033419218,-0.02,0.999,0.018534621
1581251249.5167534,b827ebf7d096,e78f135624ce,-82,1.055297756,13.369362594,1.77554389,-0.025912219,0.01345611,-0.999,-0.999,-0.022181297,0.025093516,-0.022181297,0.999,0.01345611
1581251249.9688547,b827ebf7d096,e78f135624ce,-86,0.858392784,13.08401662,1.834889339,0.065708147,-0.004432914,-0.982771788,-0.98297649,-0.026204702,-0.065708147,-0.021,0.999,-0.006432914
1581251250.4262452,b827ebf7d096,e78f135624ce,-79,0.700668296,13.194461984,1.762373944,0.013512672,0.010252112,-0.993373944,-0.993747888,-0.024252112,-0.013512672,-0.023252112,0.999,0.010252112
1581251250.8786564,b827ebf7d096,e78f135624ce,-84,0.553919121,13.272811998,1.794376004,-0.007,0.000895554,-0.995958222,-0.996979111,-0.025958222,0.007,-0.025979111,0.997979111,0.000895554
1581251251.3316033,b827ebf7d096,e78f135624ce,-83,0.42439925,13.314914179,1.786029857,-0.016148507,0.005062686,-0.995765671,-0.997382836,-0.026,0.016148507,-0.027617164,0.997382836,0.005445521
1581251251.7838151,b827ebf7d096,e78f135624ce,-92,0.319502619,13.275729485,1.761507857,-0.004743453,0.009748691,-0.995249564,-0.996,-0.026249564,0.004743453,-0.027249564,0.998,0.009748691
