1581251155.395774,000000000402,e78f135624ce,-77,17.96,4.45,1.64,0.014,-0.01,-0.997,1.002,0.002,0.014,0.001,-0.997,0.015
1581251155.848747,000000000402,e78f135624ce,-70,17.955877083,4.400893749,1.677860418,0.014,-0.001877083,-0.999,1.001,0.008122917,0.014,0.008122917,-0.999,0.003877083
1581251156.3029418,000000000402,e78f135624ce,-68,17.953179748,4.340405042,1.729797479,0.014359496,0.002820252,-1.0,1.0,0.012,0.014359496,0.012,-1.0,-0.002
1581251156.7557034,000000000402,e78f135624ce,-66,17.947592352,4.282961761,1.772630591,0.017605098,0.004802549,-1.0,1.0,0.011,0.017605098,0.011,-1.0,-0.004
1581251157.2088537,000000000402,e78f135624ce,-66,17.937357665,4.249947081,1.800231751,0.017,0.003589416,-1.0,1.0,0.009,0.017,0.009,-1.0,-0.003589416
1581251157.6667671,000000000402,e78f135624ce,-68,17.923109965,4.233450173,1.809659792,0.016109965,0.001109965,-1.0,1.0,0.008890035,0.016109965,0.008890035,-1.0,-0.001109965
1581251158.5737271,000000000402,e78f135624ce,-69,17.928588275,4.188941039,1.833411725,0.022588275,0.005705863,-1.0,1.0,0.013294137,0.022588275,0.013294137,-1.0,-0.005411725
1581251159.0257864,000000000402,e78f135624ce,-68,17.924333978,4.178,1.835111326,0.031554696,0.005111326,-0.999111326,0.999,0.014,0.031554696,0.014,-1.0,-0.005111326
1581251159.9338012,000000000402,e78f135624ce,-68,17.825135621,4.187463274,1.839,0.024610177,0.003768363,-1.0,0.999231637,0.012,0.024610177,0.012768363,-1.0,-0.003
1581251160.3847451,000000000402,e78f135624ce,-72,17.735991041,4.200334329,1.847556219,0.006887562,0.005,-1.0,1.0,0.012,0.006887562,0.012,-1.0,-0.005
1581251160.840928,000000000402,e78f135624ce,-69,17.622610984,4.193935164,1.850587033,-0.004238902,0.004587033,-1.0,1.0,0.012,-0.004238902,0.012,-1.0,-0.004587033
1581251161.2967324,000000000402,e78f135624ce,-71,17.496347219,4.185,1.84504467,-0.01608934,0.003,-1.0,1.0,0.01395533,-0.01608934,0.01395533,-1.0,-0.003
1581251161.7487364,000000000402,e78f135624ce,-66,17.357118659,4.171311866,1.842983899,-0.013655933,0.001327966,-1.0,1.0,0.014,-0.013655933,0.014,-1.0,-0.001655933
1581251162.19884,000000000402,e78f135624ce,-75,17.205318549,4.159135356,1.842711785,-0.000270711,0.003288215,-1.0,1.0,0.01457643,-0.000270711,0.01457643,-1.0,-0.003288215
1581251162.6603146,000000000402,e78f135624ce,-83,17.039387709,4.146044058,1.835044058,0.021947131,0.005008812,-1.0,0.999008812,0.016991188,0.021955942,0.017,-1.0,-0.004008812
1581251163.571895,000000000402,e78f135624ce,-64,16.708790859,4.151,1.839491286,0.021491286,0.008745643,-1.0,1.0,0.012508714,0.022236929,0.013254357,-1.0,-0.008745643
1581251164.0219285,000000000402,e78f135624ce,-71,16.544880006,4.149700869,1.838,0.016149565,0.006149565,-1.0,1.0,0.014850435,0.016149565,0.014850435,-1.0,-0.006149565
1581251164.4727674,000000000402,e78f135624ce,-73,16.385164578,4.147,1.838416816,0.021472272,0.004472272,-1.0,1.0,0.015527728,0.021472272,0.016,-1.0,-0.004472272
1581251164.924751,000000000402,e78f135624ce,-66,16.22457461,4.142,1.838,0.022691252,0.003,-1.0,1.0,0.016,0.022691252,0.016,-1.0,-0.002897084
1581251165.3827505,000000000402,e78f135624ce,-71,16.080301975,4.155807439,1.838761488,-0.003091903,0.002,-1.0,1.0,0.017761488,-0.003091903,0.017761488,-1.0,-0.001761488
1581251165.8377302,000000000402,e78f135624ce,-76,15.916525149,4.158909456,1.827295774,-0.013682092,0.00793159,-1.0,0.306790732,0.014227364,-0.013841046,0.014227364,-0.307404414,0.007317908
1581251166.2897108,000000000402,e78f135624ce,-75,15.723690078,4.138038338,1.811051117,-0.014936104,0.017987221,-1.0,-0.584044779,0.011,0.005897766,0.011,0.584031999,0.017974442
1581251166.7418466,000000000402,e78f135624ce,-70,15.554762462,4.128142895,1.805857105,-0.00404772,0.01452386,-1.0,-0.081718731,0.01323807,0.01623807,0.013619035,0.081337765,0.01352386
1581251167.1957073,000000000402,e78f135624ce,-66,15.393718385,4.120754748,1.81698101,0.015735757,0.007,-1.0,0.655525249,0.016754748,0.022245252,0.016754748,-0.655525249,0.001509495
1581251167.6507156,000000000402,e78f135624ce,-72,15.229068795,4.101678132,1.80648438,0.000387504,0.016709372,-1.0,-0.221068454,0.011096876,0.019290628,0.011193752,0.221068454,0.01351562
1581251168.1087048,000000000402,e78f135624ce,-70,15.060545669,4.094957585,1.788436378,-0.018563622,0.024521207,-0.999,-0.748175381,0.007478793,0.025,0.007957585,0.748175381,0.023521207
1581251168.5697007,000000000402,e78f135624ce,-63,14.894168653,4.087166624,1.784333502,-0.010999746,0.021333249,-0.999,-0.611328684,0.008,0.029166624,0.009,0.611328684,0.020333249
1581251169.0206957,000000000402,e78f135624ce,-74,14.714174953,4.104123533,1.767219117,-0.034123533,0.027219117,-0.999,-0.874577981,0.006219117,0.039780883,0.008,0.874577981,0.027219117
1581251169.4697077,000000000402,e78f135624ce,-69,14.57933244,4.106583316,1.764916581,-0.022083419,0.024416684,-0.998416684,-0.527002473,0.01,0.04,0.011,0.527002473,0.022833368
1581251169.92273,000000000402,e78f135624ce,-67,14.393781309,4.111243386,1.757675485,-0.038243386,0.025,-0.999,-0.851326276,0.007081129,0.043162257,0.008081129,0.851326276,0.024
1581251170.3767269,000000000402,e78f135624ce,-75,14.205974173,4.135883872,1.747116128,-0.052,0.026,-0.998,-0.950047318,0.006372043,0.054372043,0.008,0.951047318,0.025627957
1581251170.835715,000000000402,e78f135624ce,-66,14.024548977,4.138141424,1.736855232,-0.049141424,0.028572384,-0.998,-0.983144768,0.005286192,0.050141424,0.006286192,0.984144768,0.028286192
1581251171.2857103,000000000402,e78f135624ce,-67,13.838023732,4.151277152,1.733518101,-0.051,0.026361424,-0.998,-0.993759051,0.003240949,0.051,0.004361424,0.994759051,0.026361424
1581251171.746742,000000000402,e78f135624ce,-65,13.654431766,4.157058385,1.745638154,-0.044840461,0.019680923,-0.999,-0.997579769,0.002,0.044840461,0.002420231,0.998,0.019260692
1581251172.203786,000000000402,e78f135624ce,-75,13.482519862,4.126761255,1.743748014,-0.025259931,0.021002648,-0.999,-0.891286014,0.004748014,0.029501324,0.005748014,0.891286014,0.021501324
1581251172.6556911,000000000402,e78f135624ce,-87,13.334834915,4.103261347,1.752386533,-0.006261347,0.021,-0.999,-0.315782554,0.01,0.02239202,0.010869327,0.315782554,0.01617606
1581251173.1057136,000000000402,e78f135624ce,-72,13.221508905,4.536886131,1.802225985,-0.130508905,0.022471533,-0.964528467,0.167228614,0.018452847,-0.119867445,0.01135854,-0.200700147,-1.8686e-05
1581251173.5647082,000000000402,e78f135624ce,-64,13.056443252,4.375554387,1.81244454,-0.043999571,0.013,-0.988333405,0.375554387,0.01677773,-0.031221841,0.013888865,-0.386220982,-0.001
1581251174.02272,000000000402,e78f135624ce,-74,12.900052782,4.253661198,1.836134807,-0.001,0.016779601,-0.995779601,0.548058486,0.017779601,0.001220399,0.016779601,-0.551278885,-0.006898003
1581251174.480852,000000000402,e78f135624ce,-68,12.705547739,4.183646482,1.770542462,-0.000627387,0.025084925,-0.998,-0.208639196,0.013169849,-0.000372613,0.013169849,0.207096734,0.020542462
1581251174.9327366,000000000402,e78f135624ce,-61,12.522115118,4.145475476,1.754611945,0.002,0.018475476,-0.999,-0.204888914,0.011174841,-0.005737738,0.011174841,0.204801493,0.020562897
1581251175.3837028,000000000402,e78f135624ce,-81,12.391498136,4.146430449,1.76637218,-0.004744359,-5.827e-05,-0.99968609,0.609191681,0.01368609,-0.00737218,0.01368609,-0.609191681,0.01262782
1581251175.8386714,000000000402,e78f135624ce,-66,12.250566857,4.152,1.772932486,-0.012310829,-0.004,-1.0,0.875189829,0.016,-0.013310829,0.016,-0.875500658,0.008378343
1581251176.2908082,000000000402,e78f135624ce,-66,12.108250413,4.166268657,1.787512438,-0.01691874,-0.00208126,-1.0,0.959862356,0.012162521,-0.01691874,0.012162521,-0.959862356,0.003162521
1581251176.7446854,000000000402,e78f135624ce,-72,11.996157065,4.171488406,1.802616304,-0.006180253,0.000744203,-1.0,0.987255797,0.012563949,-0.006180253,0.012563949,-0.987255797,-0.000308152
1581251177.201814,000000000402,e78f135624ce,-68,11.918433704,4.165434885,1.802087213,0.004434885,-0.001565115,-1.0,0.996217443,0.014782557,0.004434885,0.014,-0.996217443,0.001565115
1581251177.6595402,000000000402,e78f135624ce,-67,11.853936108,4.156215123,1.803215123,0.012892438,-0.001892438,-1.0,0.998892438,0.014,0.012892438,0.014,-0.998892438,0.001892438
1581251178.1166797,000000000402,e78f135624ce,-67,11.819972029,4.152016783,1.80251958,0.012491609,-0.001491609,-1.0,0.999,0.015005594,0.012491609,0.015005594,-0.999,0.001988812
1581251178.5721095,000000000402,e78f135624ce,-68,11.808511935,4.147707161,1.797902387,0.013,-0.004,-1.0,1.0,0.013097613,0.013,0.013,-1.0,0.004
1581251179.0237672,000000000402,e78f135624ce,-72,11.783148845,4.173045339,1.802194183,0.004805817,-0.001537211,-1.0,1.0,0.012,0.004805817,0.012,-1.0,0.002268606
1581251179.4829147,000000000402,e78f135624ce,-65,11.780681228,4.211681228,1.824439591,-0.005681228,0.006560409,-1.0,1.0,0.014560409,-0.005681228,0.014560409,-1.0,-0.006560409
1581251179.9329035,000000000402,e78f135624ce,-65,11.778,4.202494211,1.829494211,-0.000164737,0.006164737,-1.0,1.0,0.015082368,-0.000164737,0.015082368,-1.0,-0.006247105
1581251180.8496869,000000000402,e78f135624ce,-69,11.768361419,4.197042129,1.832084257,0.003638581,0.007722838,-1.0,1.0,0.01868071,0.003638581,0.01868071,-1.0,-0.007722838
1581251181.3066955,000000000402,e78f135624ce,-66,11.767107921,4.204856105,1.833928053,3.5974e-05,0.007,-1.0,1.0,0.016,3.5974e-05,0.016,-1.0,-0.007
1581251181.7596664,000000000402,e78f135624ce,-67,11.758988675,4.20379547,1.825988675,0.00220453,0.003397735,-1.0,1.0,0.01520453,0.00220453,0.01520453,-1.0,-0.003397735
1581251182.2096784,000000000402,e78f135624ce,-67,11.762564516,4.20582258,1.826217742,0.00108871,0.003,-1.0,1.0,0.014,0.001870968,0.014,-1.0,-0.003
1581251182.666679,000000000402,e78f135624ce,-65,11.756122442,4.192857094,1.816489768,0.006510232,0.0,-1.0,1.0,0.014755116,0.006510232,0.014755116,-1.0,0.0
1581251183.576781,000000000402,e78f135624ce,-80,11.75,4.204182943,1.815743183,-0.00277045,0.001,-1.0,1.0,0.015,-0.00277045,0.015,-1.0,-0.001
1581251184.029786,000000000402,e78f135624ce,-66,11.737485937,4.262112504,1.830757032,-0.002971874,0.008,-1.0,1.0,0.018757032,-0.002728905,0.018757032,-1.0,-0.008
1581251184.4887855,000000000402,e78f135624ce,-66,11.74676657,4.387782416,1.817208213,-0.002441643,0.002883285,-1.0,1.0,0.022,-0.002441643,0.022,-1.0,-0.002883285
1581251184.9496596,000000000402,e78f135624ce,-64,11.705155955,4.570562697,1.766,-0.027593258,0.026140674,-0.996140674,0.436819323,0.016577977,0.038733932,0.018577977,-0.434959997,0.017859326
1581251185.4026444,000000000402,e78f135624ce,-66,11.694803018,4.58381811,1.788084829,0.007563622,0.019718189,-0.998,0.129696588,0.011760604,0.016803018,0.013,-0.128696588,0.007718189
1581251186.307665,000000000402,e78f135624ce,-65,11.711,4.881973466,1.81005703,-0.003142574,0.00805703,-0.999,0.051460199,0.009971485,0.03794297,0.009971485,-0.051460199,0.008971485
1581251186.7686374,000000000402,e78f135624ce,-79,11.716671272,5.013781811,1.800342545,0.012726541,0.003,-0.999,0.303721384,0.013013817,0.040013817,0.013013817,-0.303721384,0.008986183
1581251187.2227147,000000000402,e78f135624ce,-65,11.707295305,5.242563846,1.886093899,-0.02622817,0.017161035,-0.99159061,0.293026764,0.01340939,-0.01027512,0.008704695,-0.297436154,-0.023342255
1581251187.225601,000000000402,e78f135624ce,-62,11.707315921,5.243161721,1.885681572,-0.026104472,0.016893022,-0.991631843,0.292470122,0.013368157,-0.009945257,0.008684079,-0.296838279,-0.023156707
1581251187.6756525,000000000402,e78f135624ce,-70,11.707311969,5.323883912,1.84810399,0.018284171,0.005,-0.995051995,0.373301168,0.010948005,0.035648135,0.00989601,-0.376249174,-0.001948005
1581251189.0406327,000000000402,e78f135624ce,-62,11.700439133,5.892021684,1.753952194,0.006121735,-0.007023903,-0.997219566,0.005289057,0.002560867,0.036560867,0.001780434,-0.004508623,0.024463036
1581251189.4966195,000000000402,e78f135624ce,-61,11.701067893,6.105886118,1.808466053,0.002067893,0.007135786,-0.997466053,0.044161198,0.005864214,0.029339465,0.005864214,-0.043161198,6.7893e-05
1581251189.9546456,000000000402,e78f135624ce,-67,11.696833759,6.311639401,1.814508947,0.000662406,-0.005329925,-0.998,0.10889264,0.006498722,0.046501278,0.006332481,-0.10889264,0.007163684
1581251190.867701,000000000402,e78f135624ce,-69,11.696386076,6.695462004,1.818930378,-0.003930378,0.009158227,-0.998,0.04643041,0.004613924,0.048158227,0.005,-0.046044334,0.005613924
1581251191.3216612,000000000402,e78f135624ce,-72,11.70402651,6.884289202,1.81905543,0.003893959,0.01098313,-0.99699518,0.151257715,0.00299759,0.06506025,0.00399518,-0.151250485,0.00598795
1581251191.777774,000000000402,e78f135624ce,-71,11.697981684,7.135585262,1.847341474,-0.019067159,0.008335368,-0.996,-0.054037483,0.004658526,0.082335368,0.004993895,0.055372851,0.000335368
1581251192.235669,000000000402,e78f135624ce,-72,11.732725966,7.285355794,1.847933289,0.035340746,0.008977763,-0.997340746,0.667733824,0.012,0.066933289,0.013,-0.668393079,-0.005318509
1581251192.6887312,000000000402,e78f135624ce,-78,11.750911976,7.463745655,1.834088024,0.028132036,0.004044012,-0.998977994,0.895141764,0.013977994,0.038198055,0.014,-0.89516377,-0.003022006
1581251193.144604,000000000402,e78f135624ce,-74,11.7648308,7.649954402,1.8261692,0.0201692,0.002389733,-0.999610267,0.965712934,0.013389733,0.023558933,0.013389733,-0.966102667,-0.002
1581251193.5986311,000000000402,e78f135624ce,-74,11.766545681,7.841812293,1.823545681,0.009318522,0.002,-1.0,0.988681478,0.014772841,0.010318522,0.014772841,-0.988908638,-0.002
1581251194.055639,000000000402,e78f135624ce,-74,11.761121023,8.020311919,1.824636931,-0.000757954,0.003757954,-1.0,0.996757954,0.013121023,-0.000636931,0.013121023,-0.996757954,-0.003757954
1581251194.5076084,000000000402,e78f135624ce,-69,11.766019022,8.184927998,1.824490489,-0.006,0.003,-1.0,0.999,0.012490489,-0.005509511,0.012490489,-0.999,-0.003
1581251194.9588366,000000000402,e78f135624ce,-78,11.765731314,8.339627268,1.819268686,-0.006865657,0.003,-1.0,1.0,0.011134343,-0.006865657,0.011134343,-1.0,-0.003
1581251195.4106352,000000000402,e78f135624ce,-78,11.764,8.433621075,1.818536836,-0.008,0.002512279,-1.0,1.0,0.011256139,-0.008,0.011256139,-1.0,-0.002512279
1581251195.867613,000000000402,e78f135624ce,-75,11.770770685,8.488550821,1.818843973,-0.006770685,0.002614658,-1.0,1.0,0.013614658,-0.006770685,0.013,-1.0,-0.002614658
1581251196.3235972,000000000402,e78f135624ce,-75,11.768981457,8.528074172,1.819,-0.001907285,0.003018543,-1.0,1.0,0.011981457,-0.001907285,0.011981457,-1.0,-0.003018543
1581251196.7765906,000000000402,e78f135624ce,-73,11.767344472,8.531655528,1.819344472,0.012311055,0.004,-1.0,1.0,0.010344472,0.012311055,0.010344472,-1.0,-0.004
1581251197.2317216,000000000402,e78f135624ce,-75,11.767,8.537711788,1.815,0.015576424,0.003,-1.0,1.0,0.008288212,0.015576424,0.009,-1.0,-0.003
1581251197.6846302,000000000402,e78f135624ce,-76,11.759816134,8.557754845,1.820306444,0.010938711,0.003122578,-1.0,1.0,0.013,0.010938711,0.013,-1.0,-0.003122578
1581251198.135634,000000000402,e78f135624ce,-76,11.764,8.552520128,1.819,0.015493291,0.003,-1.0,1.0,0.011,0.015493291,0.011,-1.0,-0.003
1581251198.591596,000000000402,e78f135624ce,-78,11.764092944,8.549464722,1.818628223,0.016814111,0.003814111,-1.0,1.0,0.01,0.016814111,0.01,-1.0,-0.002907056
1581251199.051726,000000000402,e78f135624ce,-75,11.763211756,8.564635269,1.813211756,0.012576487,0.001788244,-1.0,1.0,0.010211756,0.012576487,0.010211756,-1.0,-0.001
1581251200.4066045,000000000402,e78f135624ce,-80,11.735849804,8.574373062,1.809,0.019,-0.001,-1.0,1.0,0.012,0.019,0.012,-1.0,0.001
1581251200.8591878,000000000402,e78f135624ce,-85,11.671741435,8.572390792,1.811,0.023536403,-0.001463597,-1.0,1.0,0.012,0.023536403,0.012,-1.0,0.002231799
1581251201.3156102,000000000402,e78f135624ce,-71,11.572273613,8.576121245,1.80848498,0.02851502,-0.006636265,-0.999121245,0.999121245,0.012121245,0.02851502,0.012,-1.0,0.00675751
1581251201.7665982,000000000402,e78f135624ce,-65,11.449933863,8.556989557,1.818003481,0.046505221,-0.005,-0.999,0.999,0.01349826,0.046505221,0.01349826,-1.0,0.00549826
1581251202.2227185,000000000402,e78f135624ce,-65,11.314103422,8.556686366,1.819164204,0.050656817,-0.006,-0.998835796,0.998835796,0.012164204,0.050656817,0.011328408,-1.0,0.006164204
1581251202.2255476,000000000402,e78f135624ce,-69,11.313189414,8.556512269,1.819185966,0.050743865,-0.006,-0.998814034,0.998814034,0.012185966,0.050743865,0.011371933,-1.0,0.006185966
1581251202.6775732,000000000402,e78f135624ce,-73,11.1617262,8.542594968,1.822,0.056,-0.003,-0.998,0.998,0.011198323,0.056,0.011,-1.0,0.003198323
1581251203.5915935,000000000402,e78f135624ce,-71,10.822059613,8.54606303,1.821,0.049170358,-0.006,-0.999,0.999,0.010085179,0.049170358,0.01,-1.0,0.006085179
1581251204.0425973,000000000402,e78f135624ce,-81,10.649001212,8.585403466,1.819,-0.01077227,0.002,-0.996701733,0.308398617,0.002105199,0.072280936,0.002403466,-0.30610035,0.007894801
1581251204.0455492,000000000402,e78f135624ce,-72,10.647706936,8.585448879,1.819,-0.010408965,0.002,-0.99672444,0.313621135,0.002173319,0.072031163,0.002448879,-0.311345575,0.007826681
1581251204.5015814,000000000402,e78f135624ce,-78,10.430826395,8.58815868,1.816455093,0.01815868,0.002613773,-0.998386227,0.712215501,0.007386227,0.048068866,0.007386227,-0.711601728,0.001
1581251204.9566061,000000000402,e78f135624ce,-72,10.198423145,8.58612079,1.82224158,-0.00036237,0.006040263,-0.999,-0.036589264,0.004,0.034959737,0.004959737,0.036589264,0.005040263
1581251205.8715804,000000000402,e78f135624ce,-88,9.70157116,8.56932986,1.817,0.001324651,0.010340279,-0.999,-0.353333405,-0.00466493,-0.020649302,-0.00466493,0.353333405,0.010340279
1581251206.3245955,000000000402,e78f135624ce,-70,9.500867008,8.56,1.82679149,-0.00979149,0.014,-0.999,-0.794090443,-0.002052127,0.003687235,-0.002,0.794142571,0.014052127
1581251206.7805698,000000000402,e78f135624ce,-71,9.302102447,8.555781572,1.833609214,-0.017609214,0.011390786,-1.0,-0.934402707,-0.003390786,0.015218428,-0.003390786,0.934402707,0.011390786
1581251207.2315586,000000000402,e78f135624ce,-71,9.108787823,8.553784381,1.835568762,-0.021215619,0.009215619,-1.0,-0.978293713,-0.003568762,0.020215619,-0.002784381,0.979293713,0.009215619
1581251207.6935341,000000000402,e78f135624ce,-82,8.915847637,8.554857495,1.831857495,-0.023928747,0.008071253,-1.0,-0.992857495,-0.005071253,0.023857495,-0.004142505,0.993786242,0.008142505
1581251209.0525382,000000000402,e78f135624ce,-74,8.305643069,8.552445231,1.834554769,-0.023,0.012445231,-1.0,-0.999,-0.001554769,0.023,-0.001554769,1.0,0.012445231
1581251209.0555072,000000000402,e78f135624ce,-74,8.30437063,8.552487646,1.834512354,-0.023,0.012487646,-1.0,-0.999,-0.001512354,0.023,-0.001512354,1.0,0.012487646
1581251209.512528,000000000402,e78f135624ce,-72,8.081479805,8.559563172,1.832436828,-0.018126343,0.010563172,-1.0,-1.0,-0.003436828,0.018126343,-0.003436828,1.0,0.011126343
1581251209.9695659,000000000402,e78f135624ce,-79,7.853332551,8.560740086,1.837,-0.015,0.007870043,-1.0,-1.0,-0.005,0.015,-0.005,1.0,0.007870043
1581251210.8745592,000000000402,e78f135624ce,-73,7.424789208,8.539893761,1.84,-0.00917032,0.004,-1.0,-1.0,-0.00827656,0.00917032,-0.00827656,1.0,0.004
1581251211.3347254,000000000402,e78f135624ce,-78,7.214965418,8.54074436,1.839948872,-5.1128e-05,0.005,-1.0,-1.0,-0.009102256,5.1128e-05,-0.009102256,1.0,0.005
1581251211.7906454,000000000402,e78f135624ce,-73,7.022290643,8.534390205,1.822780409,0.007609795,0.008609795,-1.0,-1.0,-0.009780409,-0.007609795,-0.009780409,1.0,0.008609795
1581251212.2445529,000000000402,e78f135624ce,-75,6.842493344,8.547531427,1.820297141,0.006744762,0.005,-1.0,-0.926359995,-0.008234286,-0.006744762,-0.008489524,0.926359995,0.007489524
1581251212.698587,000000000402,e78f135624ce,-85,6.726130828,8.595656089,1.82974579,-0.004467293,0.007106541,-1.0,-0.180618514,-0.000213083,-0.011106541,-0.000213083,0.180618514,0.002893459
1581251213.1545534,000000000402,e78f135624ce,-77,6.574833464,8.576946976,1.805522781,0.007053024,0.011632561,-0.999,-0.389090337,-0.005632561,-0.018946976,-0.006159073,0.389090337,0.011632561
1581251213.6075606,000000000402,e78f135624ce,-74,6.491492462,8.624809432,1.822269811,-0.008865095,0.011865095,-0.999,0.305087746,0.004,-0.013920758,0.004,-0.305087746,0.001
1581251214.0665805,000000000402,e78f135624ce,-79,6.398339698,8.636381407,1.821762814,-0.001144221,0.005572111,-1.0,0.700166834,0.011809296,-0.000144221,0.011809296,-0.700166834,-0.001
1581251214.9785554,000000000402,e78f135624ce,-79,6.155166752,8.639396543,1.866396543,0.013396543,0.014132181,-1.0,0.970057448,0.018,0.014264362,0.018,-0.970057448,-0.013132181
1581251215.4355667,000000000402,e78f135624ce,-72,6.073161052,8.647064606,1.863279649,0.016430088,0.012354869,-1.0,0.990354869,0.017784956,0.016430088,0.018,-0.990354869,-0.012139825
1581251215.8875263,000000000402,e78f135624ce,-72,6.003307616,8.68100005,1.865615381,0.007461523,0.013,-1.0,0.996384619,0.018615381,0.008461523,0.018615381,-0.996384619,-0.013
1581251216.3425364,000000000402,e78f135624ce,-72,5.970902964,8.70210674,1.863019407,0.005980593,0.012,-1.0,0.999,0.020009704,0.006970889,0.020009704,-0.999,-0.012
1581251216.8035464,000000000402,e78f135624ce,-75,5.955327726,8.718381308,1.863709034,0.004872897,0.012,-1.0,0.999,0.020709034,0.004872897,0.021,-0.999,-0.012
1581251217.2626617,000000000402,e78f135624ce,-84,5.932900934,8.729,1.857702801,0.003366355,0.008900934,-1.0,1.0,0.021,0.003366355,0.021,-1.0,-0.008900934
1581251218.168518,000000000402,e78f135624ce,-70,5.925895807,8.715493774,1.849558323,0.007947903,0.009389581,-1.0,0.964325032,0.018389581,0.009947903,0.018389581,-0.964714613,-0.009389581
1581251218.621562,000000000402,e78f135624ce,-71,5.910164544,8.724651911,1.856449363,0.003449363,0.012816454,-1.0,0.988550637,0.017816454,0.004265817,0.017816454,-0.988550637,-0.012816454
1581251219.529522,000000000402,e78f135624ce,-79,5.911105715,8.712814999,1.851513214,0.004618929,0.011026429,-1.0,0.971894285,0.017973571,0.006132143,0.017973571,-0.971894285,-0.010513214
1581251220.4437618,000000000402,e78f135624ce,-78,5.909230084,8.830247898,1.859769916,-0.020539832,0.012,-0.999230084,0.978619496,0.020769916,-0.020539832,0.020769916,-0.979389411,-0.012769916
1581251221.3474958,000000000402,e78f135624ce,-83,5.906731647,9.024433478,1.863059634,-0.033940366,0.012029817,-0.999,0.996970183,0.018089451,-0.032970183,0.018089451,-0.997970183,-0.012029817
1581251221.802525,000000000402,e78f135624ce,-72,5.940363817,9.147339961,1.870254473,-0.044121272,0.014127237,-0.999,0.998,0.018624254,-0.044121272,0.018,-0.999,-0.014751491
1581251222.256503,000000000402,e78f135624ce,-75,5.964351199,9.291160795,1.87672976,-0.04772976,0.017,-0.999,0.998,0.01727024,-0.04772976,0.017,-0.999,-0.018
1581251222.716481,000000000402,e78f135624ce,-78,5.975836969,9.460921358,1.891,-0.040122273,0.021040758,-0.999,0.999,0.016918485,-0.040122273,0.015959242,-0.999,-0.022
1581251223.1694946,000000000402,e78f135624ce,-74,5.971,9.604546009,1.876270756,-0.017729244,0.016567689,-0.999,0.999,0.017567689,-0.017296933,0.017,-1.0,-0.017135378
1581251223.621194,000000000402,e78f135624ce,-77,5.982129563,9.781187886,1.89469635,-0.026294745,0.02167854,-0.998834817,0.998834817,0.016165183,-0.026129563,0.016165183,-0.999165183,-0.02267854
1581251224.0745385,000000000402,e78f135624ce,-74,6.010903826,9.994931952,1.890619235,-0.042935884,0.017206412,-0.998,0.913014063,0.011206412,-0.047348707,0.010412823,-0.914807651,-0.019206412
1581251224.5274606,000000000402,e78f135624ce,-70,5.934939528,10.101334668,1.864822587,-0.008391136,0.016862902,-0.999,-0.047552256,-0.003862902,-0.028862902,-0.003862902,0.047552256,0.003020157
1581251224.9785483,000000000402,e78f135624ce,-74,5.890337564,10.424993654,1.887951143,-0.048116752,0.008055203,-0.985165609,-0.365515864,-0.000944797,-0.008944797,-0.003889594,0.368460661,-0.000668782
1581251225.4294674,000000000402,e78f135624ce,-73,5.827095224,10.53974602,1.887396816,-0.009380898,0.003952388,-0.994650796,-0.613000286,0.001,-0.011063531,-0.000650796,0.614000286,0.002301592
1581251225.8855176,000000000402,e78f135624ce,-74,5.865837297,10.552341016,1.823284547,0.030731797,0.007715453,-0.994569094,-0.393196856,0.006707281,-0.047154531,0.005707281,0.39591231,0.019292719
1581251226.3395092,000000000402,e78f135624ce,-77,5.884365008,10.792608598,1.810456259,0.006821267,-0.002543741,-0.997908748,-0.233046004,0.001456259,-0.019726244,0.001365008,0.233954752,0.012908748
1581251226.7994585,000000000402,e78f135624ce,-77,5.893003329,10.942,1.827811983,0.01740932,0.000201331,-0.998399334,-0.016752067,0.002201331,-0.027808655,0.002201331,0.017953398,0.002396006
1581251227.2498388,000000000402,e78f135624ce,-74,5.853779989,11.032480367,1.934186659,0.046256589,-0.002610005,-0.99359333,-0.046556751,0.00440667,-0.025050027,0.007203335,0.047946746,-0.022373319
1581251227.7006092,000000000402,e78f135624ce,-77,5.838020029,11.399373656,1.90192373,-0.005943759,-0.003321263,-0.994811248,-0.007353627,0.011188752,-0.030698767,0.012188752,0.006164875,-0.004244993
1581251229.5185363,000000000402,e78f135624ce,-76,5.830705775,12.029848848,1.674191985,0.007893342,-0.02,-0.996663111,0.017686274,0.005652446,-0.001262228,0.004652446,-0.016349385,0.045588451
1581251229.972464,000000000402,e78f135624ce,-80,5.859031206,12.126717728,1.730171631,0.038867376,0.013,-0.988015603,-0.320742554,-0.003984397,0.007039007,-0.001,0.318750355,0.023937589
1581251230.4304154,000000000402,e78f135624ce,-80,5.889452173,12.349549267,1.757575362,0.02582174,0.000698551,-0.994575362,-0.149205795,-0.004301449,0.019273913,-0.004301449,0.147781157,0.013575362
1581251230.8794694,000000000402,e78f135624ce,-77,5.906793505,12.601255203,1.769737823,0.002245941,0.001904871,-0.997150812,0.035004685,-0.000301624,0.019452435,-0.000150812,-0.035004685,0.012055683
1581251231.3325,000000000402,e78f135624ce,-75,5.907222092,12.946677977,1.805445355,-0.045667447,-0.004333723,-0.997,-0.310661596,-0.004555816,0.045777908,-0.004777908,0.312439504,0.006222092
1581251232.2404935,000000000402,e78f135624ce,-74,5.874350833,13.088280158,1.878298335,-0.006491166,-0.002,-0.996070167,-0.374913689,-0.007859667,0.002070167,-0.006859667,0.378773356,-0.001719334
1581251232.7004683,000000000402,e78f135624ce,-86,5.86722741,13.226106929,1.869682229,-0.00728765,0.003,-0.998,-0.447632525,-0.00577259,0.00896988,-0.00551506,0.448632525,0.00077259
1581251233.6024768,000000000402,e78f135624ce,-89,5.860136848,13.351878849,1.829084121,-0.013657879,0.00347897,-0.999,-0.468715637,-0.006136848,0.008863152,-0.007068424,0.467784061,0.00147897
1581251234.0546072,000000000402,e78f135624ce,-78,5.862619913,13.434239827,1.860479654,-0.023493218,0.002633478,-0.999,-0.605873304,-0.006,0.013366522,-0.006436652,0.605873304,7.013e-05
1581251234.5123453,000000000402,e78f135624ce,-79,5.854093944,13.437996603,1.833805319,-0.014093944,0.015667799,-0.999,-0.527402949,-0.003476514,-0.001953028,-0.003476514,0.527402949,0.010906056
1581251235.4144537,000000000402,e78f135624ce,-75,5.875442348,13.476538787,1.846807123,-0.019884697,0.00665409,-0.999,-0.341945519,-0.006442348,0.011,-0.006884697,0.341945519,0.00265409
1581251235.8744478,000000000402,e78f135624ce,-88,5.891384832,13.50909656,1.802038624,-0.026692416,0.006871723,-0.999,-0.299248242,-0.011217931,0.018910347,-0.011326896,0.300248242,0.014544827
1581251236.3264809,000000000402,e78f135624ce,-81,5.846952324,13.426073572,1.764930543,-0.010658035,0.022047676,-0.999,-0.538130683,-0.013194821,0.013926428,-0.012463214,0.537399076,0.022779283
1581251236.7814631,000000000402,e78f135624ce,-77,5.825926585,13.425064292,1.785238488,-0.012981755,0.013229366,-0.997614683,-0.355175942,-0.00830278,0.05069722,-0.007688097,0.355405308,0.011073415
1581251237.236454,000000000402,e78f135624ce,-75,5.799165079,13.388818495,1.823108903,0.046673292,0.010891097,-0.996963699,0.56536991,0.005927398,0.068290407,0.006927398,-0.567333609,-0.002
1581251238.1474226,000000000402,e78f135624ce,-87,5.584527057,13.357289529,1.856657765,0.034631764,0.010236824,-0.996,0.307423759,0.004763176,0.086579059,0.005763176,-0.309186936,-0.010236824
1581251238.5984626,000000000402,e78f135624ce,-73,5.436036454,13.362,1.868,0.019163638,0.010163638,-0.997836362,0.175527254,0.003163638,0.064818192,0.004163638,-0.175690892,-0.011
1581251239.0494184,000000000402,e78f135624ce,-78,5.272502324,13.364597674,1.863402326,0.016290698,0.006944186,-0.998513953,0.203053501,0.00345814,0.051944186,0.003944186,-0.203539548,-0.00645814
1581251239.5094557,000000000402,e78f135624ce,-86,5.076766488,13.348799402,1.858598803,-0.008601795,0.004799402,-0.999,-0.510883182,-0.007401197,0.036997008,-0.006401197,0.510883182,-0.001799402
1581251239.9700847,000000000402,e78f135624ce,-74,4.870746223,13.341205222,1.852205222,-0.005307833,0.003,-1.0,-0.847459,-0.011897389,0.014615667,-0.011897389,0.847459,0.001794778
1581251240.4211044,000000000402,e78f135624ce,-84,4.664133753,13.337,1.848585563,0.002,0.003,-1.0,-0.949216562,-0.013,0.001,-0.013,0.949216562,0.002414437
1581251240.873462,000000000402,e78f135624ce,-78,4.446972427,13.335982584,1.845,-0.001017416,0.004982584,-1.0,-0.984069666,-0.013,0.002,-0.013,0.984069666,0.004
1581251241.3294346,000000000402,e78f135624ce,-75,4.236065305,13.331645189,1.844,0.001354811,0.003322595,-1.0,-0.994677405,-0.013,-0.001354811,-0.013,0.994677405,0.003322595
1581251241.7879128,000000000402,e78f135624ce,-76,4.035383626,13.325641993,1.845,0.008716014,0.002,-1.0,-0.998358007,-0.011358007,-0.008358007,-0.011358007,0.998358007,0.002
1581251242.2464325,000000000402,e78f135624ce,-75,3.865131446,13.345038928,1.840766431,0.001,0.006116785,-1.0,-0.402345299,-0.007233569,-0.003,-0.007233569,0.402345299,0.002155713
1581251242.699454,000000000402,e78f135624ce,-77,3.697116452,13.352349315,1.820794523,-0.001349315,0.014301369,-1.0,-0.539253384,-0.014602739,-0.002,-0.014602739,0.539253384,0.010952054
1581251243.1554332,000000000402,e78f135624ce,-77,3.521943197,13.351283844,1.808296939,-0.000851531,0.013851531,-1.0,-0.553899661,-0.015851531,0.000851531,-0.015851531,0.553899661,0.013851531
1581251243.615447,000000000402,e78f135624ce,-78,3.350096515,13.345,1.797863271,0.000954424,0.016136729,-1.0,-0.478603219,-0.015136729,0.004863271,-0.015136729,0.478603219,0.015182306
1581251244.0694547,000000000402,e78f135624ce,-74,3.187172635,13.352201273,1.803801909,-0.003,0.015,-1.0,-0.319575181,-0.011399364,0.015201273,-0.010399364,0.319575181,0.009798727
1581251244.529396,000000000402,e78f135624ce,-75,3.009742884,13.340442624,1.793075065,-0.002537533,0.020169974,-0.999,-0.533071608,-0.01587748,0.017075065,-0.015169974,0.532779115,0.015462467
1581251244.9794405,000000000402,e78f135624ce,-79,2.824369144,13.331795429,1.792397714,-0.008397714,0.016801143,-0.999900571,-0.850630856,-0.020900571,0.012497143,-0.020801143,0.850630856,0.015801143
1581251245.885442,000000000402,e78f135624ce,-75,2.45002023,13.311530998,1.801820753,-0.00811725,0.012648249,-1.0,-0.984469002,-0.01188275,0.009,-0.01188275,0.984469002,0.012648249
1581251246.3384082,000000000402,e78f135624ce,-73,2.275917654,13.299732164,1.823,-0.011239299,0.004,-1.0,-0.994746433,-0.011492866,0.011985732,-0.011492866,0.994746433,0.004
1581251247.2504191,000000000402,e78f135624ce,-82,1.932381095,13.31922452,1.802289144,-0.018741507,0.00719387,-0.999,-0.999,-0.019064623,0.018741507,-0.019064623,0.999,0.00819387
1581251247.7014024,000000000402,e78f135624ce,-78,1.750261075,13.30372977,1.793633589,-0.009,0.008546564,-0.999,-0.999,-0.020636641,0.008636641,-0.020636641,0.999,0.008546564
1581251248.156405,000000000402,e78f135624ce,-76,1.589118052,13.319855531,1.794,-0.01140699,0.007,-1.0,-0.999,-0.019,0.01140699,-0.019,1.0,0.007
1581251248.6084287,000000000402,e78f135624ce,-87,1.404194015,13.313983282,1.784113726,-0.02083612,0.013852838,-0.999,-0.999,-0.020508359,0.02,-0.020508359,0.99916388,0.013852838
1581251249.5193887,000000000402,e78f135624ce,-86,1.054394245,13.36940024,1.77560036,-0.025799281,0.01339964,-0.999,-0.999,-0.02220012,0.024999401,-0.02220012,0.999,0.01339964
1581251249.9724033,000000000402,e78f135624ce,-84,0.857070115,13.085274769,1.834276395,0.064966162,-0.004207093,-0.982965349,-0.983137791,-0.026172442,-0.064966162,-0.021,0.999,-0.006207093
1581251250.4294,000000000402,e78f135624ce,-83,0.69959042,13.195408411,1.762400234,0.013197196,0.010199533,-0.993400234,-0.993800467,-0.024199533,-0.013197196,-0.023199533,0.999,0.010199533
1581251250.8814526,000000000402,e78f135624ce,-76,0.552971795,13.273002015,1.793989927,-0.006998657,0.001002015,-0.996000672,-0.997000672,-0.026,0.006998657,-0.026000672,0.998,0.001002686
1581251251.3354378,000000000402,e78f135624ce,-76,0.423366889,13.314766698,1.787799619,-0.016060019,0.004826718,-0.995706679,-0.99735334,-0.026,0.016060019,-0.02764666,0.99735334,0.005180057
1581251251.786389,000000000402,e78f135624ce,-76,0.319383821,13.276660072,1.761151462,-0.005040449,0.00980809,-0.995269363,-0.996,-0.026269363,0.005040449,-0.027269363,0.998,0.00980809
