1581251155.3947206,000000000302,e78f135624ce,-91,17.96,4.45,1.64,0.014,-0.01,-0.997,1.002,0.002,0.014,0.001,-0.997,0.015
1581251155.848688,000000000302,e78f135624ce,-84,17.955878069,4.400902618,1.677853519,0.014,-0.001878069,-0.999,1.001,0.008121931,0.014,0.008121931,-0.999,0.003878069
1581251156.753658,000000000302,e78f135624ce,-81,17.947639554,4.283197768,1.772441786,0.017573631,0.004786815,-1.0,1.0,0.011,0.017573631,0.011,-1.0,-0.004
1581251157.2076697,000000000302,e78f135624ce,-81,17.937391493,4.249989367,1.80020638,0.017,0.003597873,-1.0,1.0,0.009,0.017,0.009,-1.0,-0.003597873
1581251157.6666565,000000000302,e78f135624ce,-85,17.923109175,4.233454124,1.809655051,0.016109175,0.001109175,-1.0,1.0,0.008890825,0.016109175,0.008890825,-1.0,-0.001109175
1581251158.1166325,000000000302,e78f135624ce,-86,17.928,4.212158139,1.825052558,0.019052558,0.004684186,-1.0,1.0,0.010684186,0.019052558,0.011368372,-1.0,-0.004
1581251158.5736914,000000000302,e78f135624ce,-87,17.928587624,4.188943315,1.833412376,0.022587624,0.005706188,-1.0,1.0,0.013293812,0.022587624,0.013293812,-1.0,-0.005412376
1581251159.0246453,000000000302,e78f135624ce,-77,17.92435843,4.178,1.835119477,0.031522094,0.005119477,-0.999119477,0.999,0.014,0.031522094,0.014,-1.0,-0.005119477
1581251159.4817145,000000000302,e78f135624ce,-80,17.894818003,4.182164873,1.838295499,0.041982876,0.005,-0.999,0.999,0.011426125,0.041982876,0.011426125,-1.0,-0.004573875
1581251159.9336736,000000000302,e78f135624ce,-78,17.825154754,4.187461452,1.839,0.024615644,0.003769274,-1.0,0.999230726,0.012,0.024615644,0.012769274,-1.0,-0.003
1581251160.3846412,000000000302,e78f135624ce,-78,17.73601443,4.20033173,1.847554487,0.006891027,0.005,-1.0,1.0,0.012,0.006891027,0.012,-1.0,-0.005
1581251160.8396688,000000000302,e78f135624ce,-74,17.622925816,4.193987636,1.850597527,-0.004207418,0.004597527,-1.0,1.0,0.012,-0.004207418,0.012,-1.0,-0.004597527
1581251161.2956707,000000000302,e78f135624ce,-77,17.49667457,4.185,1.845035822,-0.016071645,0.003,-1.0,1.0,0.013964178,-0.016071645,0.013964178,-1.0,-0.003
1581251161.747646,000000000302,e78f135624ce,-82,17.357454132,4.171345413,1.84300906,-0.013672707,0.001336353,-1.0,1.0,0.014,-0.013672707,0.014,-1.0,-0.001672707
1581251162.1976492,000000000302,e78f135624ce,-74,17.205721542,4.159162832,1.842720944,-0.000325665,0.003279056,-1.0,1.0,0.014558112,-0.000325665,0.014558112,-1.0,-0.003279056
1581251162.6586213,000000000302,e78f135624ce,-92,17.040008567,4.14611461,1.83511461,0.021862468,0.005022922,-1.0,0.999022922,0.016977078,0.02188539,0.017,-1.0,-0.004022922
1581251163.1126075,000000000302,e78f135624ce,-78,16.874286693,4.150219113,1.835219113,0.026593629,0.007406371,-1.0,0.999,0.015,0.027187258,0.015,-1.0,-0.007
1581251163.5726273,000000000302,e78f135624ce,-77,16.70849789,4.151,1.839479079,0.021479079,0.008739539,-1.0,1.0,0.012520921,0.022218618,0.013260461,-1.0,-0.008739539
1581251164.022624,000000000302,e78f135624ce,-87,16.544633918,4.149711569,1.838,0.016144216,0.006144216,-1.0,1.0,0.014855784,0.016144216,0.014855784,-1.0,-0.006144216
1581251164.4736106,000000000302,e78f135624ce,-73,16.384892132,4.147,1.838436276,0.021478759,0.004478759,-1.0,1.0,0.015521241,0.021478759,0.016,-1.0,-0.004478759
1581251164.923607,000000000302,e78f135624ce,-73,16.224952988,4.142,1.838,0.02271765,0.003,-1.0,1.0,0.016,0.02271765,0.016,-1.0,-0.002905883
1581251165.3836088,000000000302,e78f135624ce,-68,16.080023025,4.155843202,1.83876864,-0.003149123,0.002,-1.0,1.0,0.01776864,-0.003149123,0.01776864,-1.0,-0.00176864
1581251165.8366275,000000000302,e78f135624ce,-80,15.917012169,4.158982969,1.827360098,-0.013737227,0.007885644,-1.0,0.310411221,0.014245742,-0.013868613,0.014245742,-0.311034092,0.007262773
1581251166.288615,000000000302,e78f135624ce,-73,15.724145244,4.138063625,1.811084833,-0.014893959,0.017978792,-1.0,-0.582755141,0.011,0.005830334,0.011,0.582733932,0.017957584
1581251167.1955934,000000000302,e78f135624ce,-73,15.393755831,4.120755562,1.816977754,0.015733315,0.007,-1.0,0.655443847,0.016755562,0.022244438,0.016755562,-0.655443847,0.001511123
1581251167.649604,000000000302,e78f135624ce,-72,15.229493189,4.101748865,1.806534903,0.000427923,0.016679058,-1.0,-0.218259369,0.011106981,0.019320942,0.011213961,0.218259369,0.013465097
1581251168.1086037,000000000302,e78f135624ce,-77,15.060587024,4.094959423,1.788439135,-0.018560865,0.024520288,-0.999,-0.74810278,0.007479712,0.025,0.007959423,0.74810278,0.023520288
1581251168.5696037,000000000302,e78f135624ce,-66,14.894210114,4.087165742,1.784337031,-0.010994454,0.021331485,-0.999,-0.611231648,0.008,0.029165742,0.009,0.611231648,0.020331485
1581251169.019573,000000000302,e78f135624ce,-70,14.714583941,4.104091456,1.767227136,-0.034091456,0.027227136,-0.999,-0.874233148,0.006227136,0.039772864,0.008,0.874233148,0.027227136
1581251169.4695644,000000000302,e78f135624ce,-70,14.579385662,4.10658434,1.764921698,-0.022078302,0.02441566,-0.99841566,-0.526855089,0.01,0.04,0.011,0.526855089,0.022831321
1581251170.3755717,000000000302,e78f135624ce,-76,14.206465107,4.135854994,1.747145006,-0.052,0.026,-0.998,-0.9498933,0.006381669,0.054381669,0.008,0.9508933,0.025618331
1581251170.8345716,000000000302,e78f135624ce,-75,14.024996831,4.13817001,1.736893347,-0.04917001,0.028553326,-0.998,-0.983106653,0.005276663,0.05017001,0.006276663,0.984106653,0.028276663
1581251171.285567,000000000302,e78f135624ce,-69,13.838078843,4.151270539,1.733513693,-0.051,0.026364731,-0.998,-0.993756846,0.003243154,0.051,0.004364731,0.994756846,0.026364731
1581251171.746564,000000000302,e78f135624ce,-71,13.654501636,4.157048795,1.745627194,-0.044843201,0.019686403,-0.999,-0.997578399,0.002,0.044843201,0.002421601,0.998,0.019264802
1581251172.202561,000000000302,e78f135624ce,-75,13.482802553,4.126921447,1.743719745,-0.025401276,0.02104034,-0.999,-0.895356762,0.004719745,0.02952017,0.005719745,0.895356762,0.02152017
1581251173.1055694,000000000302,e78f135624ce,-79,13.22154737,4.536934212,1.802257238,-0.13054737,0.022483553,-0.964516447,0.167068744,0.018451645,-0.119902304,0.011354934,-0.200552297,-3.1908e-05
1581251173.564489,000000000302,e78f135624ce,-77,13.056534646,4.375643953,1.812437228,-0.044032473,0.013,-0.988327921,0.375643953,0.016781386,-0.031251087,0.013890693,-0.386316032,-0.001
1581251174.0235436,000000000302,e78f135624ce,-70,12.899850075,4.253642195,1.836217157,-0.001,0.016785935,-0.995785935,0.549034013,0.017785935,0.001214065,0.016785935,-0.552248078,-0.006929676
1581251174.4795299,000000000302,e78f135624ce,-68,12.706157906,4.183921058,1.770552632,-0.000657895,0.025105264,-0.998,-0.206157848,0.013210527,-0.000342105,0.013210527,0.204605216,0.020552632
1581251175.3835282,000000000302,e78f135624ce,-83,12.391560674,4.146423177,1.766369271,-0.004738542,-5.3906e-05,-0.999684635,0.609002615,0.013684635,-0.007369271,0.013684635,-0.609002615,0.012630729
1581251175.8385332,000000000302,e78f135624ce,-73,12.250612951,4.152,1.772929029,-0.012309676,-0.004,-1.0,0.875148344,0.016,-0.013309676,0.016,-0.87545802,0.008380648
1581251176.2895653,000000000302,e78f135624ce,-74,12.108632836,4.166182612,1.787455075,-0.016909179,-0.002090821,-1.0,0.959728508,0.012181642,-0.016909179,0.012181642,-0.959728508,0.003181642
1581251177.2005026,000000000302,e78f135624ce,-81,11.918630399,4.165416153,1.802040381,0.004416153,-0.001583847,-1.0,0.996208076,0.014791924,0.004416153,0.014,-0.996208076,0.001583847
1581251177.2034843,000000000302,e78f135624ce,-82,11.91818315,4.165458748,1.802146869,0.004458748,-0.001541252,-1.0,0.996229374,0.014770626,0.004458748,0.014,-0.996229374,0.001541252
1581251178.1155286,000000000302,e78f135624ce,-86,11.820076673,4.151953996,1.802446329,0.012523002,-0.001523002,-1.0,0.999,0.014984665,0.012523002,0.014984665,-0.999,0.002030669
1581251178.5725098,000000000302,e78f135624ce,-78,11.808493739,4.147696244,1.797898748,0.013,-0.004,-1.0,1.0,0.013101252,0.013,0.013,-1.0,0.004
1581251179.023525,000000000302,e78f135624ce,-78,11.783162686,4.173026306,1.802188993,0.004811007,-0.001540672,-1.0,1.0,0.012,0.004811007,0.012,-1.0,0.002270336
1581251181.3054628,000000000302,e78f135624ce,-78,11.767136366,4.204818178,1.833909089,4.5455e-05,0.007,-1.0,1.0,0.016,4.5455e-05,0.016,-1.0,-0.007
1581251181.7584991,000000000302,e78f135624ce,-78,11.759033571,4.203813428,1.826033571,0.002186572,0.003406714,-1.0,1.0,0.015186572,0.002186572,0.015186572,-1.0,-0.003406714
1581251182.2094939,000000000302,e78f135624ce,-78,11.762567355,4.205836775,1.826216322,0.001081612,0.003,-1.0,1.0,0.014,0.00186529,0.014,-1.0,-0.003
1581251183.5764658,000000000302,e78f135624ce,-83,11.75,4.204138291,1.815748436,-0.002754691,0.001,-1.0,1.0,0.015,-0.002754691,0.015,-1.0,-0.001
1581251184.0294912,000000000302,e78f135624ce,-77,11.737490474,4.262076206,1.830754763,-0.002980949,0.008,-1.0,1.0,0.018754763,-0.002735711,0.018754763,-1.0,-0.008
1581251184.488474,000000000302,e78f135624ce,-83,11.746756982,4.387691329,1.817196227,-0.002439245,0.002878491,-1.0,1.0,0.022,-0.002439245,0.022,-1.0,-0.002878491
1581251185.4004388,000000000302,e78f135624ce,-88,11.694711118,4.583266707,1.787937789,0.007453341,0.019773329,-0.998,0.126755772,0.011742224,0.016711118,0.013,-0.125755772,0.007773329
1581251186.306471,000000000302,e78f135624ce,-74,11.711,4.88164282,1.810075399,-0.003188497,0.008075399,-0.999,0.05096423,0.009962301,0.037924601,0.009962301,-0.05096423,0.008962301
1581251186.7674353,000000000302,e78f135624ce,-76,11.716662025,5.013550636,1.800324051,0.012606331,0.003,-0.999,0.301603829,0.012986076,0.039986076,0.012986076,-0.301603829,0.009013924
1581251187.2234406,000000000302,e78f135624ce,-71,11.707300491,5.242714228,1.885990187,-0.026197056,0.017093622,-0.991600981,0.292886753,0.013399019,-0.01019215,0.008699509,-0.297285772,-0.023295584
1581251188.1314244,000000000302,e78f135624ce,-69,11.698545931,5.523020981,1.722908137,0.008545931,-0.030724412,-0.995545931,0.324829459,0.009362206,0.023729657,0.008362206,-0.32437539,0.044908137
1581251188.5824091,000000000302,e78f135624ce,-73,11.699,5.711916536,1.77140135,0.004498313,0.004100337,-0.996100337,0.119932506,0.004698988,0.028100337,0.00459865,-0.118032843,0.012200675
1581251189.0404103,000000000302,e78f135624ce,-72,11.70044231,5.89194224,1.753980794,0.006115379,-0.007009603,-0.997221155,0.005182601,0.00255769,0.03655769,0.001778845,-0.004403756,0.024451914
1581251189.4964178,000000000302,e78f135624ce,-83,11.701070775,6.105775182,1.808464613,0.002070775,0.007141549,-0.997464613,0.043913393,0.005858451,0.029353873,0.005858451,-0.042913393,7.0775e-05
1581251189.9534335,000000000302,e78f135624ce,-64,11.696842417,6.311085289,1.814690765,0.000575826,-0.005260661,-0.998,0.106710826,0.006472748,0.046527252,0.006315165,-0.106710826,0.007103078
1581251190.8696222,000000000302,e78f135624ce,-69,11.696402085,6.696310525,1.819010427,-0.004010427,0.009206256,-0.998,0.045245683,0.004597915,0.048206256,0.005,-0.044843597,0.005597915
1581251191.320399,000000000302,e78f135624ce,-69,11.703992515,6.883625775,1.819044907,0.003887732,0.011014969,-0.997007485,0.150757573,0.002985031,0.064962577,0.003985031,-0.150757573,0.006
1581251191.3233876,000000000302,e78f135624ce,-71,11.704184763,6.886015593,1.819386322,0.003260949,0.010882424,-0.996966407,0.146826646,0.002983203,0.065419915,0.003966407,-0.146776256,0.005916017
1581251191.7774065,000000000302,e78f135624ce,-75,11.697956232,7.135472142,1.847352786,-0.019160483,0.008338196,-0.996,-0.055015974,0.004647214,0.082338196,0.004985411,0.05635417,0.000338196
1581251192.234383,000000000302,e78f135624ce,-66,11.73264684,7.28488104,1.848022305,0.035330855,0.009007435,-0.997330855,0.666754645,0.012,0.067022305,0.013,-0.66742379,-0.00533829
1581251192.6874018,000000000302,e78f135624ce,-72,11.750867662,7.463114179,1.834132338,0.028198507,0.004066169,-0.998966915,0.894709701,0.013966915,0.038297761,0.014,-0.894742786,-0.003033085
1581251193.1443825,000000000302,e78f135624ce,-71,11.764825263,7.649854731,1.826174737,0.020174737,0.002391579,-0.999608421,0.96569263,0.013391579,0.023566316,0.013391579,-0.96608421,-0.002
1581251193.5974057,000000000302,e78f135624ce,-70,11.766566106,7.841281255,1.823566106,0.009349158,0.002,-1.0,0.988650842,0.014783053,0.010349158,0.014783053,-0.988867789,-0.002
1581251194.0553653,000000000302,e78f135624ce,-78,11.761123128,8.020212964,1.824630615,-0.000753743,0.003753743,-1.0,0.996753743,0.013123128,-0.000630615,0.013123128,-0.996753743,-0.003753743
1581251194.5053442,000000000302,e78f135624ce,-81,11.765984187,8.184144216,1.824507906,-0.006,0.003,-1.0,0.999,0.012507906,-0.005492094,0.012507906,-0.999,-0.003
1581251194.9583027,000000000302,e78f135624ce,-79,11.765739526,8.339516398,1.819260474,-0.006869763,0.003,-1.0,1.0,0.011130237,-0.006869763,0.011130237,-1.0,-0.003
1581251195.4095206,000000000302,e78f135624ce,-84,11.764,8.433426019,1.818592566,-0.008,0.002530855,-1.0,1.0,0.011265428,-0.008,0.011265428,-1.0,-0.002530855
1581251195.8673692,000000000302,e78f135624ce,-82,11.77076662,8.488516268,1.81885007,-0.00676662,0.00261669,-1.0,1.0,0.01361669,-0.00676662,0.013,-1.0,-0.00261669
1581251196.3233693,000000000302,e78f135624ce,-68,11.768983356,8.528066574,1.819,-0.001916782,0.003016644,-1.0,1.0,0.011983356,-0.001916782,0.011983356,-1.0,-0.003016644
1581251196.7763662,000000000302,e78f135624ce,-70,11.767346198,8.531653802,1.819346198,0.012307604,0.004,-1.0,1.0,0.010346198,0.012307604,0.010346198,-1.0,-0.004
1581251197.6833634,000000000302,e78f135624ce,-87,11.759781587,8.557708782,1.820364022,0.010927196,0.003145609,-1.0,1.0,0.013,0.010927196,0.013,-1.0,-0.003145609
1581251198.135362,000000000302,e78f135624ce,-84,11.764,8.552527547,1.819,0.015490818,0.003,-1.0,1.0,0.011,0.015490818,0.011,-1.0,-0.003
1581251198.591342,000000000302,e78f135624ce,-81,11.764090636,8.54945318,1.818637456,0.016818728,0.003818728,-1.0,1.0,0.01,0.016818728,0.01,-1.0,-0.002909364
1581251199.952342,000000000302,e78f135624ce,-68,11.76360821,8.560548505,1.811686568,0.031764926,-7.8358e-05,-0.999,0.999,0.014764926,0.031764926,0.013843284,-1.0,0.001
1581251200.4063458,000000000302,e78f135624ce,-68,11.735877828,8.574375218,1.809,0.019,-0.001,-1.0,1.0,0.012,0.019,0.012,-1.0,0.001
1581251200.8573372,000000000302,e78f135624ce,-67,11.672157821,8.572298262,1.811,0.023567246,-0.001432754,-1.0,1.0,0.012,0.023567246,0.012,-1.0,0.002216377
1581251201.3153384,000000000302,e78f135624ce,-71,11.572330063,8.576123336,1.808493343,0.028506657,-0.006629993,-0.999123336,0.999123336,0.012123336,0.028506657,0.012,-1.0,0.006753329
1581251201.7658753,000000000302,e78f135624ce,-76,11.450145167,8.557022921,1.81799236,0.046488539,-0.005,-0.999,0.999,0.01350382,0.046488539,0.01350382,-1.0,0.00550382
1581251202.2233238,000000000302,e78f135624ce,-67,11.313907849,8.556649114,1.819168861,0.050675443,-0.006,-0.998831139,0.998831139,0.012168861,0.050675443,0.011337721,-1.0,0.006168861
1581251202.6763084,000000000302,e78f135624ce,-66,11.162189964,8.542626588,1.822,0.056,-0.003,-0.998,0.998,0.011208863,0.056,0.011,-1.0,0.003208863
1581251203.5923393,000000000302,e78f135624ce,-66,10.821699155,8.545994667,1.821,0.049182788,-0.006,-0.999,0.999,0.010091394,0.049182788,0.01,-1.0,0.006091394
1581251204.0433102,000000000302,e78f135624ce,-65,10.648688646,8.585414433,1.819,-0.010684532,0.002,-0.996707217,0.30965985,0.00212165,0.072220616,0.002414433,-0.307367067,0.00787835
1581251204.5013072,000000000302,e78f135624ce,-72,10.43095294,8.588152353,1.816463529,0.018152353,0.002615882,-0.998384118,0.71203412,0.007384118,0.048079412,0.007384118,-0.711418237,0.001
1581251204.504279,000000000302,e78f135624ce,-62,10.429581411,8.588220929,1.816372094,0.018220929,0.002593024,-0.998406976,0.713999978,0.007406976,0.047965118,0.007406976,-0.713406954,0.001
1581251204.956294,000000000302,e78f135624ce,-66,10.198576789,8.586113588,1.822227176,-0.000340764,0.006037863,-0.999,-0.035957882,0.004,0.034962137,0.004962137,0.035957882,0.005037863
1581251205.8743596,000000000302,e78f135624ce,-74,9.700297338,8.56928354,1.817,0.001208849,0.010432921,-0.999,-0.357780202,-0.00464177,-0.020417698,-0.00464177,0.357780202,0.010432921
1581251206.3242884,000000000302,e78f135624ce,-73,9.500996928,8.56,1.826782042,-0.009782042,0.014,-0.999,-0.79391328,-0.00205449,0.003673062,-0.002,0.79396777,0.01405449
1581251206.7823563,000000000302,e78f135624ce,-67,9.301360375,8.555754088,1.833622956,-0.017622956,0.011377044,-1.0,-0.934705032,-0.003377044,0.015245912,-0.003377044,0.934705032,0.011377044
1581251207.2335863,000000000302,e78f135624ce,-70,9.108034659,8.553769897,1.835539795,-0.021230103,0.009230103,-1.0,-0.978380616,-0.003539795,0.020230103,-0.002769897,0.979380616,0.009230103
1581251207.6902504,000000000302,e78f135624ce,-73,8.917459656,8.554797791,1.831797791,-0.023898895,0.008101105,-1.0,-0.992797791,-0.005101105,0.023797791,-0.004202209,0.993696686,0.008202209
1581251208.142251,000000000302,e78f135624ce,-70,8.724560475,8.559925074,1.834,-0.027462537,0.007462537,-1.0,-0.997462537,-0.004462537,0.027462537,-0.004462537,0.997462537,0.007462537
1581251208.5922735,000000000302,e78f135624ce,-72,8.523516489,8.554926244,1.83601639,-0.024975415,0.010991805,-1.0,-0.999,-0.003,0.02496722,-0.002008195,0.999,0.010991805
1581251209.054625,000000000302,e78f135624ce,-76,8.304748693,8.552475044,1.834524956,-0.023,0.012475044,-1.0,-0.999,-0.001524956,0.023,-0.001524956,1.0,0.012475044
1581251209.515407,000000000302,e78f135624ce,-70,8.080184192,8.559542606,1.832457394,-0.018085212,0.010542606,-1.0,-1.0,-0.003457394,0.018085212,-0.003457394,1.0,0.011085212
1581251209.9692433,000000000302,e78f135624ce,-70,7.853468496,8.560744695,1.837,-0.015,0.007872347,-1.0,-1.0,-0.005,0.015,-0.005,1.0,0.007872347
1581251210.8732486,000000000302,e78f135624ce,-68,7.425389894,8.539937447,1.84,-0.009203085,0.004,-1.0,-1.0,-0.008265638,0.009203085,-0.008265638,1.0,0.004
1581251211.3342233,000000000302,e78f135624ce,-71,7.215189436,8.540725049,1.83994501,-5.499e-05,0.005,-1.0,-1.0,-0.009109981,5.499e-05,-0.009109981,1.0,0.005
1581251211.790248,000000000302,e78f135624ce,-72,7.02244962,8.534393262,1.822786524,0.007606738,0.008606738,-1.0,-1.0,-0.009786524,-0.007606738,-0.009786524,1.0,0.008606738
1581251212.2463791,000000000302,e78f135624ce,-84,6.841804976,8.547615717,1.820423576,0.006730714,0.005,-1.0,-0.92665501,-0.008192141,-0.006730714,-0.008461428,0.92665501,0.007461428
1581251212.6973975,000000000302,e78f135624ce,-77,6.726329074,8.595438019,1.829815176,-0.004417732,0.007116454,-1.0,-0.183374123,-0.000232907,-0.011116454,-0.000232907,0.183374123,0.002883546
1581251213.1542366,000000000302,e78f135624ce,-66,6.574949646,8.576952257,1.80557031,0.007047743,0.011619358,-0.999,-0.388583363,-0.005619358,-0.018952257,-0.00614323,0.388583363,0.011619358
1581251213.60625,000000000302,e78f135624ce,-70,6.491776423,8.624743902,1.822247967,-0.008876016,0.011876016,-0.999,0.305404472,0.004,-0.01400813,0.004,-0.305404472,0.001
1581251214.0662587,000000000302,e78f135624ce,-69,6.398409023,8.636386359,1.821772718,-0.001159076,0.005579538,-1.0,0.699909342,0.011806821,-0.000159076,0.011806821,-0.699909342,-0.001
1581251214.524213,000000000302,e78f135624ce,-70,6.266981596,8.639583034,1.854250899,0.004483393,0.013933573,-1.0,0.905018404,0.015483393,0.005,0.015483393,-0.905018404,-0.012416966
1581251214.9782596,000000000302,e78f135624ce,-72,6.155232755,8.639389715,1.866389715,0.013389715,0.014129905,-1.0,0.97003924,0.018,0.01425981,0.018,-0.97003924,-0.013129905
1581251215.434214,000000000302,e78f135624ce,-69,6.073431562,8.646963164,1.863189479,0.01645263,0.012321055,-1.0,0.990321055,0.017773685,0.01645263,0.018,-0.990321055,-0.01209474
1581251215.8862267,000000000302,e78f135624ce,-71,6.003524219,8.680859257,1.865626211,0.007504844,0.013,-1.0,0.996373789,0.018626211,0.008504844,0.018626211,-0.996373789,-0.013
1581251216.3422182,000000000302,e78f135624ce,-73,5.970929488,8.702077564,1.863014102,0.005985898,0.012,-1.0,0.999,0.020007051,0.006978846,0.020007051,-0.999,-0.012
1581251216.8031998,000000000302,e78f135624ce,-70,5.955349059,8.718357308,1.863706368,0.004880897,0.012,-1.0,0.999,0.020706368,0.004880897,0.021,-0.999,-0.012
1581251218.1682374,000000000302,e78f135624ce,-71,5.925921317,8.715470814,1.849568527,0.007960659,0.009392132,-1.0,0.964294419,0.018392132,0.009960659,0.018392132,-0.964686551,-0.009392132
1581251218.6202362,000000000302,e78f135624ce,-72,5.910285075,8.724543432,1.856485523,0.003485523,0.012828508,-1.0,0.988514477,0.017828508,0.00431403,0.017828508,-0.988514477,-0.012828508
1581251218.6231723,000000000302,e78f135624ce,-73,5.910018155,8.724783661,1.856405446,0.003405446,0.012801815,-1.0,0.988594554,0.017801815,0.004207262,0.017801815,-0.988594554,-0.012801815
1581251219.0781925,000000000302,e78f135624ce,-73,5.886993408,8.747503296,1.845668864,-0.005,0.009834432,-1.0,0.912867393,0.015,0.000331136,0.015,-0.912867393,-0.008834432
1581251219.5291922,000000000302,e78f135624ce,-71,5.911124557,8.712782026,1.85151557,0.004640126,0.011031139,-1.0,0.971875443,0.017968861,0.006155696,0.017968861,-0.971875443,-0.01051557
1581251219.9821732,000000000302,e78f135624ce,-67,5.917405677,8.743565935,1.854188645,-0.012445742,0.010445742,-1.0,0.935674452,0.018148581,-0.011445742,0.018148581,-0.935674452,-0.009594323
1581251221.3471653,000000000302,e78f135624ce,-74,5.90670877,9.024385181,1.863064718,-0.033935282,0.012032359,-0.999,0.996967641,0.018097077,-0.032967641,0.018097077,-0.997967641,-0.012032359
1581251221.8031573,000000000302,e78f135624ce,-72,5.940436773,9.147568556,1.870225291,-0.044145591,0.014112645,-0.999,0.998,0.018629118,-0.044145591,0.018,-0.999,-0.014741764
1581251222.2561734,000000000302,e78f135624ce,-77,5.964338517,9.291046657,1.876732297,-0.047732297,0.017,-0.999,0.998,0.017267703,-0.047732297,0.017,-0.999,-0.018
1581251222.7161856,000000000302,e78f135624ce,-71,5.975827123,9.460795812,1.891,-0.040129658,0.021043219,-0.999,0.999,0.016913561,-0.040129658,0.015956781,-0.999,-0.022
1581251223.1681366,000000000302,e78f135624ce,-64,5.971,9.604036746,1.876225489,-0.017774511,0.016556372,-0.999,0.999,0.017556372,-0.017330884,0.017,-1.0,-0.017112744
1581251223.6201344,000000000302,e78f135624ce,-68,5.981908827,9.780322601,1.894872939,-0.02606518,0.021749175,-0.998843647,0.998843647,0.016156353,-0.025908827,0.016156353,-0.999156353,-0.022749175
1581251224.0741441,000000000302,e78f135624ce,-72,6.010858324,9.994710512,1.890628335,-0.04290555,0.017209445,-0.998,0.912926094,0.011209445,-0.04732444,0.01041889,-0.914716649,-0.019209445
1581251224.5271277,000000000302,e78f135624ce,-74,5.934993293,10.101291144,1.86485331,-0.00842442,0.016857782,-0.999,-0.046807224,-0.003857782,-0.028857782,-0.003857782,0.046807224,0.003002236
1581251224.977178,000000000302,e78f135624ce,-76,5.890464043,10.424803936,1.888151401,-0.04828539,0.008044663,-0.985133989,-0.365990161,-0.000955337,-0.008955337,-0.003910674,0.368945498,-0.000732021
1581251225.4292524,000000000302,e78f135624ce,-81,5.827105977,10.539754981,1.887403985,-0.009423909,0.003947011,-0.994649004,-0.61277448,0.001,-0.011033065,-0.000649004,0.61377448,0.002298008
1581251225.884147,000000000302,e78f135624ce,-74,5.865643119,10.551484348,1.823273125,0.03090313,0.007726875,-0.994546249,-0.396520731,0.006638748,-0.047268754,0.005638748,0.399247606,0.019361252
1581251226.338122,000000000302,e78f135624ce,-75,5.884407695,10.791744168,1.810509619,0.006917315,-0.002490381,-0.997898076,-0.231647975,0.001509619,-0.019694228,0.001407695,0.232546051,0.012898076
1581251226.7981417,000000000302,e78f135624ce,-71,5.892952683,10.942,1.827629659,0.017267513,0.000181073,-0.998409463,-0.017481363,0.002181073,-0.027676976,0.002181073,0.018662436,0.00245678
1581251227.2491248,000000000302,e78f135624ce,-78,5.853810592,11.031439875,1.934207061,0.046475909,-0.002594704,-0.993603531,-0.04631703,0.004396469,-0.02497352,0.007198235,0.047722326,-0.022414123
1581251227.699104,000000000302,e78f135624ce,-85,5.838238958,11.39867582,1.901773216,-0.006012175,-0.003417044,-0.994797565,-0.006436861,0.011202435,-0.030821914,0.012202435,0.005234426,-0.00419026
1581251229.9731016,000000000302,e78f135624ce,-83,5.859049421,12.127136677,1.730271814,0.038789962,0.013,-0.98802471,-0.320592279,-0.00397529,0.007061776,-0.001,0.318604634,0.023901159
1581251230.4281023,000000000302,e78f135624ce,-77,5.889336516,12.348257765,1.757556086,0.025995226,0.000775656,-0.994556086,-0.148897377,-0.004224344,0.019331742,-0.004224344,0.147453463,0.013556086
1581251230.8781435,000000000302,e78f135624ce,-77,5.906881895,12.60050389,1.769903554,0.002301185,0.001838579,-0.997139763,0.036982407,-0.000279526,0.019419289,-0.000139763,-0.036982407,0.011978342
1581251231.7820811,000000000302,e78f135624ce,-72,5.885219858,12.85064538,1.888560283,0.022709221,-0.011609929,-0.989170212,-0.426475186,-0.008219858,-0.004709221,-0.005609929,0.435304974,-0.009609929
1581251232.2400773,000000000302,e78f135624ce,-73,5.874334822,13.088084827,1.878330356,-0.006468751,-0.002,-0.996066964,-0.375419627,-0.007866071,0.002066964,-0.006866071,0.379285699,-0.001732142
1581251232.700062,000000000302,e78f135624ce,-73,5.867217253,13.226042603,1.86965176,-0.007304578,0.003,-0.998,-0.447916911,-0.005782747,0.008956338,-0.005521831,0.448916911,0.000782747
1581251233.1520703,000000000302,e78f135624ce,-73,5.860034916,13.240992553,1.757426444,0.006573556,0.026965084,-0.998,-0.403311683,-0.008660847,-0.001304236,-0.010321695,0.402650836,0.026286778
1581251233.6030786,000000000302,e78f135624ce,-72,5.860127591,13.352022347,1.829213733,-0.013681024,0.003446567,-0.999,-0.468937828,-0.006127591,0.008872409,-0.007063795,0.468001623,0.001446567
1581251234.0540583,000000000302,e78f135624ce,-73,5.862645244,13.434290489,1.860580978,-0.023526993,0.002591259,-0.999,-0.605881748,-0.006,0.013408741,-0.006440874,0.605881748,3.2133e-05
1581251234.9620295,000000000302,e78f135624ce,-72,5.872871691,13.459292699,1.839032878,-0.018032878,0.007483561,-0.999,-0.467585398,-0.006677626,0.017710504,-0.006677626,0.467585398,0.006322374
1581251235.4140513,000000000302,e78f135624ce,-72,5.875438995,13.476511957,1.846854076,-0.019877989,0.006633968,-0.999,-0.341680572,-0.006438995,0.011,-0.006877989,0.341680572,0.002633968
1581251235.874053,000000000302,e78f135624ce,-72,5.891463796,13.509244618,1.802097847,-0.026731898,0.006845401,-0.999,-0.298606657,-0.01121135,0.018943248,-0.011317025,0.299606657,0.014528376
1581251236.3260589,000000000302,e78f135624ce,-75,5.846988031,13.426086557,1.765050651,-0.010641804,0.022011969,-0.999,-0.537624282,-0.013185082,0.013913443,-0.012456722,0.536895921,0.022740329
1581251236.781067,000000000302,e78f135624ce,-78,5.825911345,13.425119158,1.785204959,-0.013061006,0.013235462,-0.997617731,-0.356416513,-0.008324117,0.050675883,-0.007706386,0.356651975,0.011088655
1581251237.2360587,000000000302,e78f135624ce,-69,5.799230021,13.388832613,1.823100432,0.046698704,0.010899568,-0.996966523,0.565652265,0.005933045,0.068267819,0.006933045,-0.567618788,-0.002
1581251238.1470573,000000000302,e78f135624ce,-77,5.584659878,13.357299491,1.856634521,0.03466497,0.010233503,-0.996,0.307908556,0.004766497,0.086598982,0.005766497,-0.309675053,-0.010233503
1581251238.5970633,000000000302,e78f135624ce,-75,5.436466232,13.362,1.868,0.019173633,0.010173633,-0.997826367,0.1754373,0.003173633,0.064868167,0.004173633,-0.175610934,-0.011
1581251239.0490224,000000000302,e78f135624ce,-75,5.272604156,13.364617475,1.863382525,0.016248268,0.006932872,-0.998516782,0.202354821,0.003449654,0.051932872,0.003932872,-0.202838039,-0.006449654
1581251239.5080254,000000000302,e78f135624ce,-76,5.077338597,13.348809618,1.858619236,-0.008571147,0.004809618,-0.999,-0.509463126,-0.007380764,0.037048089,-0.006380764,0.509463126,-0.001809618
1581251239.9690757,000000000302,e78f135624ce,-75,4.87125989,13.341223567,1.852223567,-0.005335351,0.003,-1.0,-0.846963678,-0.011888216,0.014670702,-0.011888216,0.846963678,0.001776433
1581251240.4200006,000000000302,e78f135624ce,-73,4.664685692,13.337,1.848594762,0.002,0.003,-1.0,-0.949078577,-0.013,0.001,-0.013,0.949078577,0.002405238
1581251240.8730066,000000000302,e78f135624ce,-76,4.447196322,13.335986378,1.845,-0.001013622,0.004986378,-1.0,-0.984054487,-0.013,0.002,-0.013,0.984054487,0.004
1581251241.327999,000000000302,e78f135624ce,-74,4.236683681,13.331667274,1.844,0.001332726,0.003333637,-1.0,-0.994666363,-0.013,-0.001332726,-0.013,0.994666363,0.003333637
1581251241.784989,000000000302,e78f135624ce,-80,4.036553116,13.325664483,1.845,0.008671034,0.002,-1.0,-0.998335517,-0.011335517,-0.008335517,-0.011335517,0.998335517,0.002
1581251242.2460237,000000000302,e78f135624ce,-73,3.865282419,13.345035783,1.840785302,0.001,0.006107349,-1.0,-0.401832617,-0.007214698,-0.003,-0.007214698,0.401832617,0.002143132
1581251242.698978,000000000302,e78f135624ce,-74,3.697310868,13.352353283,1.820826264,-0.001353283,0.014293434,-1.0,-0.538654263,-0.014586868,-0.002,-0.014586868,0.538654263,0.010940151
1581251243.154977,000000000302,e78f135624ce,-75,3.522118033,13.351280043,1.808319743,-0.000840128,0.013840128,-1.0,-0.553405558,-0.015840128,0.000840128,-0.015840128,0.553405558,0.013840128
1581251243.6149843,000000000302,e78f135624ce,-76,3.350260265,13.345,1.797852591,0.000950864,0.016147409,-1.0,-0.478962755,-0.015147409,0.004852591,-0.015147409,0.478962755,0.015196545
1581251244.5270069,000000000302,e78f135624ce,-75,3.010827209,13.340791813,1.793258849,-0.002629424,0.02009646,-0.999,-0.530553769,-0.015822345,0.017258849,-0.01509646,0.530279654,0.015370576
1581251244.9789658,000000000302,e78f135624ce,-70,2.824582755,13.331827075,1.792413537,-0.008413537,0.016793231,-0.999896616,-0.850417245,-0.020896616,0.012516922,-0.020793231,0.850417245,0.015793231
1581251245.8839498,000000000302,e78f135624ce,-80,2.450654442,13.311580741,1.801733704,-0.008104815,0.012685555,-1.0,-0.984419259,-0.011895185,0.009,-0.011895185,0.984419259,0.012685555
1581251246.3379798,000000000302,e78f135624ce,-81,2.276072551,13.299715686,1.823,-0.011229412,0.004,-1.0,-0.994743137,-0.011486274,0.011972549,-0.011486274,0.994743137,0.004
1581251246.7960083,000000000302,e78f135624ce,-81,2.102246829,13.315260841,1.816797198,-0.02142028,0.004681121,-0.99957972,-0.998,-0.01584056,0.02142028,-0.01584056,0.998,0.005681121
1581251247.249942,000000000302,e78f135624ce,-80,1.932571925,13.319265412,1.802326628,-0.018755137,0.007183647,-0.999,-0.999,-0.019061216,0.018755137,-0.019061216,0.999,0.008183647
1581251247.7009788,000000000302,e78f135624ce,-76,1.75042284,13.303695106,1.793672105,-0.009,0.008531158,-0.999,-0.999,-0.02063279,0.00863279,-0.02063279,0.999,0.008531158
1581251248.1559858,000000000302,e78f135624ce,-76,1.589350484,13.319958411,1.794,-0.011433662,0.007,-1.0,-0.999,-0.019,0.011433662,-0.019,1.0,0.007
1581251248.607051,000000000302,e78f135624ce,-80,1.404686093,13.314042331,1.784300715,-0.020826278,0.013783947,-0.999,-0.999,-0.020478834,0.02,-0.020478834,0.999173722,0.013783947
1581251249.518943,000000000302,e78f135624ce,-75,1.054547024,13.369393874,1.775590811,-0.025818378,0.013409189,-0.999,-0.999,-0.022196937,0.025015315,-0.022196937,0.999,0.013409189
1581251249.972934,000000000302,e78f135624ce,-75,0.856872301,13.085462933,1.834184725,0.064855193,-0.00417332,-0.982994297,-0.983161915,-0.026167617,-0.064855193,-0.021,0.999,-0.00617332
1581251250.4289615,000000000302,e78f135624ce,-82,0.699740225,13.195276876,1.76239658,0.013241041,0.01020684,-0.99339658,-0.99379316,-0.02420684,-0.013241041,-0.02320684,0.999,0.01020684
1581251250.880953,000000000302,e78f135624ce,-81,0.553141782,13.272970999,1.794058002,-0.007,0.000983888,-0.995993555,-0.996996778,-0.025993555,0.007,-0.025996778,0.997996778,0.000983888
1581251251.3349438,000000000302,e78f135624ce,-74,0.42349989,13.314785699,1.787571617,-0.016071419,0.004857118,-0.995714279,-0.99735714,-0.026,0.016071419,-0.02764286,0.99735714,0.005214257
1581251251.7859356,000000000302,e78f135624ce,-75,0.31940475,13.276496125,1.76121425,-0.004988125,0.009797625,-0.995265875,-0.996,-0.026265875,0.004988125,-0.027265875,0.998,0.009797625
